4.354358718483695156e+00,1.787377807940041521e+02
9.937091326527024648e+00,1.792960540548084509e+02
1.952838139135653250e+02,2.323430379835144777e+00
1.980751802175869329e+02,9.033733661777887392e-02
2.170564710849342305e+02,4.556523423052453836e+00
2.243140234753905702e+02,7.906162987878474269e+00
8.307088849189455004e+01,7.210758798037667816e+01
8.418743501350320457e+01,7.657377406681132470e+01
9.200326066476384312e+01,9.834643123818028698e+01
1.093097317496981873e+02,8.997233232611529274e+01
2.081240989120649942e+02,9.022709509487128798e+00
8.642052805672057048e+01,1.125580255270443786e+01
9.758599327280717262e+01,1.348889559592180376e+01
1.930507208703480160e+02,3.526155276729070920e+01
2.181730176065429418e+02,4.754356450498605113e+01
8.262271544114071276e+00,1.742715947075694771e+02
2.109154652160866021e+02,3.749464581050807510e+01
