9.562624477491118569e+01,1.751147966838568095e+02
1.045586169477805356e+02,1.695320640758134800e+02
8.669387260204183576e+01,2.030284597240734001e+02
2.234708214991032378e+02,6.401841778379468906e+01
2.011398910669299198e+02,9.863135995366326370e+01
1.899744258508432608e+02,1.003061797360762739e+02
1.916492456332562710e+02,1.042140925617065932e+02
1.933240654156692813e+02,1.086802786481412681e+02
1.765758675915392928e+02,1.164961042994019067e+02
1.391715591176491102e+02,1.505507732084661825e+02
1.391715591176491102e+02,1.555752325557051563e+02
1.514535708553443669e+02,1.432932208180098428e+02
1.570363034633876964e+02,1.388270347315751678e+02
1.816003269387783234e+02,1.773478897270741186e+02
1.665269488970613452e+02,1.282198427762928645e+02
1.531283906377573771e+02,1.153795577777932522e+02
2.184463621518642071e+02,9.807308669285896485e+01
1.776924141131480042e+02,1.332443021235318952e+02
1.648521291146483350e+02,1.589248721205311767e+02
1.123744425990411742e+02,1.600414186421398313e+02
1.687600419402786542e+02,1.159378310385975510e+02
2.251456412815162480e+02,5.731913865414270504e+01
