1.391715591176491102e+02,1.572500523381181665e+02
1.391715591176491102e+02,1.505507732084661825e+02
2.061643504141689505e+02,9.081553430240262514e+01
1.274478206407581524e+02,8.914071451998961493e+01
2.528381391356532504e+01,1.723234303798351448e+02
2.807518021758693294e+01,1.700903373366177789e+02
3.421618608643467496e+01,1.578083255989224654e+02
4.705647108493423048e+01,1.745565234230524538e+02
5.431402347539057018e+01,1.779061629878784743e+02
3.812409891206499424e+01,1.790227095094871288e+02
8.725214586284613461e+01,1.818140758135087935e+02
9.339315173169387663e+01,1.779061629878784743e+02
2.305072087034801598e+01,2.052615527672907092e+02
4.817301760654294185e+01,2.175435645049860511e+02
6.547948869147722917e+01,2.147521982009643864e+02
7.720322716836818699e+01,2.080529190713123739e+02
1.386132858568446977e+02,1.706486105974221346e+02
4.091546521608660214e+01,2.074946458105080751e+02
