2.077530411556392096e+02,1.757315396517342947e+02
2.146890101571931950e+02,1.762650757287769352e+02
2.194908348505767322e+02,1.869357972696291199e+02
1.890792784591479290e+02,2.072101681972482652e+02
1.778750208412531606e+02,1.938717662711830485e+02
1.885457423821052885e+02,2.152132093528874179e+02
1.837439176887218650e+02,2.269510030478248268e+02
2.226920513128323478e+02,1.992071270416091124e+02
2.216249791587470668e+02,2.242833226626117948e+02
2.109542576178949389e+02,2.141461371988021938e+02
2.232255873898749883e+02,1.453199832603055484e+02
2.178902266194488107e+02,1.581248491093281814e+02
