2.006123993784456161e+00,1.823319811528380683e+02
8.257007162721851046e+01,1.380484867583014648e+02
2.138199465797004564e+02,7.865683959904743006e+00
1.214330945759394353e+01,2.212801147769485510e+02
1.583321945672690276e+02,3.827724035133348934e+01
1.615334110295247569e+02,3.667663212020568153e+01
1.071127311711784955e+02,4.894796189218570248e+01
1.108474837104767516e+02,4.734735366105786625e+01
2.281403099844618509e+01,6.548758028050659163e+01
2.334756707548882559e+01,5.108210620035612237e+01
1.668687717999508209e+02,4.521320935288741794e+01
1.887437509586978308e+02,3.881077642837612984e+01
1.908778952668682791e+02,1.480165296145867160e+01
5.215851523578970728e+01,1.743289399971989155e+02
6.274412610125239098e+00,1.428503114516850019e+02
9.390518396991751615e-01,1.561887133777502186e+02
8.630482416651676658e+01,2.013701373188479238e+01
