1.324722799879970694e+02,2.214792322346977471e+01
1.330305532488013682e+02,2.661410930990439283e+01
5.654711651860787924e+01,7.350906321746833783e+01
7.608668064675958931e+01,7.127597017425097192e+01
9.227660521008516525e+01,7.462560973907699235e+01
8.669387260204183576e+01,6.513496430540334359e+01
1.006507041221501026e+02,7.295078995666398214e+01
1.000924308613458038e+02,5.899395843655565841e+01
1.051168902085848345e+02,5.843568517575135957e+01
1.090248030342151537e+02,8.914071451998961493e+01
1.106996228166281639e+02,8.132488886872897638e+01
9.785933781812849475e+01,7.965006908631596616e+01
2.025935456632629439e+01,7.574215626068564688e+01
1.090248030342151537e+02,6.960115039183801855e+01
2.022564375885386312e+02,7.518388299988129120e+01
2.061643504141689505e+02,8.076661560792462069e+01
2.106305365006035686e+02,8.634934821596795018e+01
2.262621878031248457e+02,9.583999364964159895e+01
2.190046354126686197e+02,8.858244125918531608e+01
4.705647108493423048e+01,5.957998660144141923e+00
3.365791282563026243e+01,5.399725399339786236e+00
9.652162611044047935e+00,6.234359800138167884e+01
7.106222129952055866e+01,8.076661560792462069e+01
1.481039312905183465e+02,4.838676648127335511e+01
1.503370243337357692e+02,5.229467930690367439e+01
1.185154484678888025e+02,8.299970865114198659e+01
1.213068147719104104e+02,9.081553430240262514e+01
