1.363801928136273887e+02,2.097277388537253842e+02
1.899744258508432608e+02,1.120299182129672317e+02
1.910909723724519722e+02,1.081220053873369125e+02
1.626190360714310259e+02,1.164961042994019067e+02
1.676434954186700566e+02,1.170543775602062624e+02
2.000233445453213221e+02,1.064471856049239022e+02
2.156549958478425992e+02,1.321555105060042479e+01
1.123744425990411742e+02,1.639493314677701505e+02
1.296809136839754615e+02,2.203349308090077159e+02
2.167715423694511969e+02,4.168748735162137109e+01
2.234708214991032378e+02,6.848460387022930718e+01
2.234708214991032378e+02,8.132488886872897638e+01
