1.151658089030627821e+02,9.276369863013695749e+01
1.207485415111061116e+02,6.540830885072466572e+01
1.224233612935191218e+02,6.987449493715934068e+01
1.363801928136273887e+02,3.972773885372538416e+01
1.914280804471769670e+01,1.686888620995261476e+02
1.132698239345705815e+01,1.625478562306784625e+02
4.538165130252122026e+01,1.530572107970048137e+02
3.644927912965198402e+01,1.619895829698741636e+02
1.235399078151278331e+02,8.438959971807196325e+01
5.319747695378197250e+01,1.737133214467651214e+02
1.296809136839754615e+02,5.033493080900771588e+01
