2.077530411556392096e+02,5.731539651734294694e+00
2.146890101571931950e+02,6.265075728776935193e+00
2.194908348505767322e+02,1.693579726962911991e+01
1.810762373035087762e+02,7.295708535910313230e+01
1.421281036793982935e+02,8.736255943925357315e+01
7.223487758681636706e+01,1.305789816797049525e+02
7.170134150977378340e+01,9.963388921123362252e+01
7.863731051132771199e+01,1.055027860587023270e+02
7.330194974090159121e+01,1.151064354454692875e+02
7.143476187617977757e+00,1.177741158306823195e+02
2.261602242185369960e+01,1.828655172298806519e+02
1.890792784591479290e+02,3.721016819724826519e+01
1.778750208412531606e+02,2.387176627118304850e+01
1.885457423821052885e+02,4.521320935288741794e+01
1.837439176887218650e+02,5.695100304782482681e+01
1.768079486871678796e+02,7.882598220657183674e+01
1.704055157626565347e+02,8.789609551629621365e+01
2.226920513128323478e+02,2.920712704160911244e+01
2.216249791587470668e+02,5.428332266261179484e+01
2.109542576178949389e+02,4.414613719880219378e+01
