1.842774537657643918e+02,8.876515909378895230e+01
1.826768455346365840e+02,9.516759201830029724e+01
1.816097733805514167e+02,1.010364888657690017e+02
1.762744126101252391e+02,9.463405594125765674e+01
1.773414847642105201e+02,9.036576732491681696e+01
5.302757881328244594e+01,4.021337608291150900e+01
1.181189802124808352e+02,1.485211997225612208e+02
1.778750208412531606e+02,1.047712414050672578e+02
4.449100158060070953e+01,1.533230244159447011e+02
3.328674396270588431e+01,1.351827977964960041e+02
3.115259965453543600e+01,1.485211997225612208e+02
5.356111489032502959e+01,6.582310778095677506e+01
1.933475670754888256e+02,2.210821062003561224e+02
9.731107320781904946e+01,5.088409762376369372e+01
2.040182886163409535e+02,3.914630392882628485e+01
2.018841443081705052e+02,4.768288116150802125e+01
2.077530411556392096e+02,1.353657223078101879e+01
1.752073404560400718e+02,1.511888801077743096e+02
7.703670228019990418e+01,6.102128308757329478e+01
5.249404273623980544e+01,4.501520077629498928e+01
5.196050665919722178e+01,3.327740708135758041e+01
7.010073327864597559e+01,6.955786032025503118e+01
1.274579340149273321e+00,5.301824193193414203e+01
2.075071860640491650e-01,5.782006662531762231e+01
7.410432631066896647e-01,6.528957170391413456e+01
2.875187571277137977e+00,4.181398431403931681e+01
1.274579340149273321e+00,3.701215962065583653e+01
