4.128978511834503706e+01,1.223779319474733711e+02
3.915564081017458875e+01,1.282468287949420755e+02
3.435381611679110847e+01,1.394510864128368439e+02
1.568005342029977101e+01,1.602589934174986297e+02
2.795138319227976353e+01,4.821641723855066175e+01
3.008552750045021185e+01,5.568592231714717400e+01
2.955199142340762819e+01,8.983223124787417646e+01
2.848491926932240403e+01,6.955786032025503118e+01
6.689951681639030312e+01,4.021337608291150900e+01
4.715868196581374150e+01,4.874995331559324541e+01
