7.581333610143821033e+01,1.251435477567882231e+02
9.144498740395954428e+01,1.212356349311579038e+02
9.926081305522018283e+01,1.251435477567882231e+02
1.081931852280894759e+02,1.296097338432228980e+02
1.188003771833718361e+02,1.245852744959838674e+02
1.316406621818714484e+02,1.312845536256359082e+02
1.377816680507191336e+02,1.240270012351795685e+02
9.981908631602453852e+01,1.580816701442438443e+02
9.646944675119851809e+01,1.647809492738958284e+02
1.003773595768288374e+02,1.815291470980257600e+02
1.014939060984374919e+02,1.887866994884820997e+02
9.088671414315518859e+01,1.882284262276778009e+02
4.566658001800431066e+01,2.194917288327203551e+02
1.958420871743696239e+02,8.464436248682773112e+00
1.690449706557616878e+02,3.861119233211672963e+01
1.790938893502396354e+02,4.140255863613839438e+01
1.885845347839132842e+02,4.531047146176871365e+01
2.047744593472389738e+02,4.531047146176871365e+01
5.850686501650392302e+01,1.374255594944835366e+02
1.037269991416548578e+02,2.027435310085904234e+02
1.054018189240678680e+02,2.088845368774380518e+02
1.478305867451970812e+02,2.016269844869817689e+02
1.461557669627840710e+02,1.921363390533081201e+02
8.195434197028589551e+01,2.267492812231766948e+02
1.885845347839132842e+02,2.055348973126120882e+02
2.008665465216086545e+02,2.200500020935247107e+02
