6.956719720160333509e+01,8.682902336221093265e+01
7.276841366385900756e+01,8.896316767038138096e+01
3.168613573157807650e+01,1.263106930633640559e+02
2.955199142340762819e+01,1.311125177567475930e+02
1.698719796856140078e+02,1.769966203824119475e+02
1.720061239937844562e+02,1.823319811528380683e+02
9.624400105373382530e+01,1.428503114516850019e+02
1.058476504405007859e+02,1.359143424501310164e+02
1.821433094575939435e+02,2.212801147769485510e+02
1.928140309984461851e+02,6.548758028050659163e+01
1.933475670754888256e+02,5.108210620035612237e+01
2.221585152357897073e+02,1.743289399971989155e+02
1.762744126101252391e+02,1.428503114516850019e+02
1.709390518396991752e+02,1.561887133777502186e+02
1.277226295992477958e+02,2.202130426228633269e+02
1.330579903696738597e+02,2.186124343917355191e+02
