1.677378353774435595e+02,4.094492073654654973e+01
1.810762373035087762e+02,4.361260112175958170e+01
5.729586742962334256e+01,2.186124343917355191e+02
4.342392942651548537e+01,2.266154755473746718e+02
9.944521751598949777e+01,1.647252906104319550e+02
1.047805782864155617e+02,1.689935792267728516e+02
1.101159390568416825e+02,1.705941874579006594e+02
9.837814536190427361e+01,1.801978368446676200e+02
1.026464339782451702e+02,1.823319811528380683e+02
8.397267128175377593e+01,1.940697748477754772e+02
8.503974343583900009e+01,1.556551773007075781e+02
9.571046497669124165e+01,1.108381468291283909e+02
9.944521751598949777e+01,1.257771569863214722e+02
7.650316620315726368e+01,1.241765487551936076e+02
5.782940350666592622e+01,1.385820228353441053e+02
1.576006499136339585e+02,1.999386716952441816e+02
2.258932677750879634e+02,1.833990533069232924e+02
2.280274120832584117e+02,1.983380634641163738e+02
2.013506082311279783e+02,2.234142590851189993e+02
6.956719720160333509e+01,2.218136508539911915e+02
1.938811031525314661e+02,8.399220036947383505e+00
1.213201966747364509e+02,1.332466620649179845e+02
1.186525162895234189e+02,1.247100848322362481e+02
8.930803205217989671e+01,1.737954039201563319e+02
8.717388774400944840e+01,2.122100014672241741e+02
1.762744126101252391e+02,1.263106930633640559e+02
2.056188968474688750e+02,1.081704664439153589e+02
