1.866247862860173541e+02,1.134198092798972652e+02
1.188525565426135699e+01,1.798543273156128066e+02
7.977342828631037719e+00,2.083262636166337529e+02
2.863345347839134547e+01,1.128615360190929096e+02
3.142481978241295337e+01,1.056039836286365698e+02
3.309963956482596359e+01,1.391003792768965468e+02
2.193417434873930461e+01,1.273766408000055890e+02
1.579316847989167627e+01,1.413334723201138559e+02
1.579316847989167627e+01,1.457996584065485308e+02
3.142481978241295337e+01,1.229104547135709140e+02
