2.584208717436962388e+01,8.464436248682773112e+00
9.093889350239635405e+00,4.140255863613839438e+01
1.858453478391328417e+01,4.531047146176871365e+01
3.477445934723897381e+01,4.531047146176871365e+01
1.944406119372779926e+02,6.485003558992033845e+01
1.816003269387783234e+02,5.759248319946402717e+01
1.894161525900389620e+02,1.683853516074776735e+01
1.553614836809746862e+02,4.866011102659470566e+01
1.858453478391328417e+01,2.055348973126120882e+02
3.086654652160865453e+01,2.200500020935247107e+02
