6.882912825630324960e+01,1.991205468984430809e+02
6.994567477791184729e+01,1.924212677687910968e+02
8.334423303721581533e+01,1.935378142903997514e+02
8.669387260204183576e+01,1.868385351607477673e+02
7.999459347238990858e+01,1.840471688567261026e+02
8.948523890606355735e+01,1.818140758135087935e+02
9.339315173169387663e+01,1.728817036406394436e+02
9.897588433973720612e+01,1.712068838582264902e+02
1.040003436869761231e+02,1.656241512501831608e+02
1.095830762950194526e+02,1.611579651637484858e+02
1.871830595468216529e+02,5.731913865414270504e+01
5.208093043217326112e+01,2.220097505914206977e+02
6.101330260504261105e+01,2.164270179833773682e+02
1.994650712845169096e+02,8.411625517275064112e+01
2.139801760654295890e+02,7.518388299988129120e+01
1.201902682503018127e+02,1.505507732084661825e+02
7.943632021158549605e+01,1.728817036406394436e+02
