6.860796307022326346e+00,1.240270012351795685e+02
9.652162611044047935e+00,1.184442686271362390e+02
1.467662195828296490e+01,9.388024515174561202e+01
6.860796307022326346e+00,1.457996584065485308e+02
9.652162611044047935e+00,1.402169257985052013e+02
1.244352891506565584e+01,1.463579316673528865e+02
1.300180217586995468e+01,1.541737573186135251e+02
1.278063698978996854e+00,1.681305888387217919e+02
2.394610220587708227e+00,1.798543273156128066e+02
7.977342828631037719e+00,1.820874203588301157e+02
5.744249785413728659e+00,2.049766240518077325e+02
1.021043587184834678e+01,2.049766240518077325e+02
1.635144174069597511e+01,1.195608151487448936e+02
1.858453478391328417e+01,1.307262803648315526e+02
1.858453478391328417e+01,1.887866994884820997e+02
2.081762782713070692e+01,1.647809492738958284e+02
2.137590108793500576e+01,1.485910247105701956e+02
6.771258173469453823e+01,1.217939081919622595e+02
4.984783738895595206e+01,2.881703640639443620e+00
3.756582565126058171e+01,5.673069944661108366e+00
2.863345347839134547e+01,7.545722754520267017e+01
1.132698239345705815e+01,6.764140189394200320e+01
6.302523046218027503e+00,8.662269276128927231e+01
