3.061906357749285235e+01,1.193747240618101841e+02
4.822575411989896566e+01,1.140393632913840634e+02
5.516172312145289425e+01,1.247100848322362481e+02
1.834773380551280297e+01,1.609905380711336988e+02
1.042470422093729780e+02,1.999386716952441816e+02
1.101159390568416825e+02,2.031398881574998541e+02
1.223872688288217319e+02,2.148776818524372629e+02
1.245214131369921802e+02,2.234142590851189993e+02
1.941480595959802713e+01,2.079417128508833343e+02
3.862210473313194825e+01,2.127435375442668146e+02
4.502453765764329319e+01,2.063411046197554697e+02
5.035989842806941397e+01,2.095423210820111422e+02
5.569525919849547790e+01,2.079417128508833343e+02
1.834773380551280297e+01,1.892679501543919969e+02
1.986829278459148895e+02,1.081704664439153589e+02
2.146890101571931950e+02,1.060363221357449106e+02
