4.395746550355806903e+01,9.410051986421507308e+01
6.156415604596418234e+01,2.153961338642017154e+01
6.796658897047552728e+01,2.047254123233494738e+01
7.330194974090159121e+01,2.474082984867584400e+01
8.183852697358338446e+01,2.047254123233494738e+01
8.717388774400944840e+01,3.327740708135758041e+01
8.717388774400944840e+01,5.035056154672105322e+01
4.395746550355806903e+01,1.170425711770472503e+02
4.875929019694154931e+01,1.207773237163455633e+02
4.022271296425981291e+01,1.239785401786011789e+02
3.648796042496155678e+01,1.138413547147916347e+02
1.133171555190973550e+02,5.088409762376369372e+01
