1.440327741296169961e+01,1.494342266868575280e+02
4.901621958283027425e+01,1.058889123441196034e+02
1.998601002100502910e+01,1.125881914737715874e+02
5.404067893006930490e+01,3.889612104759970634e+01
5.906513827730827870e+01,2.270619648427407355e+01
6.241477784213424229e+01,1.824001039783945544e+01
6.855578371098192747e+01,1.544864409381779069e+01
1.500636797884143903e+02,3.219684191794772232e+01
2.121265675266386097e+00,2.035867329848777558e+02
1.719464371698336436e+01,2.019119132024647456e+02
2.836010893307002334e+01,1.170543775602062624e+02
3.450111480191765168e+01,1.248702032114669009e+02
3.003492871548297671e+01,7.797524930390295594e+01
5.627377197328661396e+01,4.782849322046905627e+01
8.307088849189455004e+01,4.615367343805604605e+01
8.921189436074223522e+01,3.833784778679540750e+01
9.423635370798120903e+01,1.824001039783945544e+01
1.003773595768288374e+02,1.544864409381779069e+01
2.277737632502669385e+01,1.070054588657282579e+02
