2.030996395648259636e+02,7.378240776278965996e+01
2.047744593472389738e+02,6.652485537233334867e+01
2.131485582593039112e+02,6.819967515474633046e+01
2.097989186944780045e+02,4.977665754820336019e+01
2.298967560834338997e+02,9.388024515174561202e+01
2.204061106497602509e+02,1.028126173246149619e+02
1.349903017466974688e+02,1.234687279743752697e+02
1.394564878331320870e+02,1.173277221055275845e+02
1.416895808763494529e+02,1.072788034110495801e+02
1.433644006587624062e+02,1.128615360190929096e+02
9.088671414315518859e+01,1.167694488447232288e+02
9.926081305522018283e+01,1.117449894974842550e+02
1.037269991416548578e+02,1.201190884095492493e+02
5.404067893006930490e+01,7.154931471957232247e+01
1.550881391356534209e+02,9.499679167335432339e+01
1.500636797884143903e+02,9.164715210852830296e+01
