6.073995805972128892e+01,7.880686711002866218e+01
5.962341153811257755e+01,1.982773449221557485e+02
2.209643839105645498e+02,6.486105974221345605e-01
1.556464123964577198e+02,3.247018646326910130e+01
1.623456915261097038e+02,2.632918059442141612e+01
1.215917434873935008e+02,5.759248319946402717e+01
1.394564878331320870e+02,5.033493080900771588e+01
1.416895808763494529e+02,4.307737841855137617e+01
1.500636797884143903e+02,5.200975059142069767e+01
1.517384995708274005e+02,4.140255863613839438e+01
6.911405697178622631e+01,5.982557624268136465e+01
5.906513827730827870e+01,6.596658211152902140e+01
5.906513827730827870e+01,7.266586124118100543e+01
7.246369653661224675e+01,7.266586124118100543e+01
3.450111480191765168e+01,3.693637254970371941e+01
3.729248110593931642e+01,3.135363994166038992e+01
6.185650458132994345e+01,2.856227363763872518e+01
5.236585914765629468e+01,8.829751254370228253e+01
8.474570827430756026e+01,5.033493080900771588e+01
7.972124892706858645e+01,4.531047146176871365e+01
1.405730343547407415e+02,7.489895428439831448e+01
1.450392204411754165e+02,8.215650667485465419e+01
4.231694045317829023e+01,1.572198863913911282e+01
