2.333564958583099269e+01,1.770629610115911419e+02
2.891838219387432218e+01,1.776212342723954407e+02
2.277737632502669385e+01,1.859953331844604349e+02
5.850686501650392302e+01,1.686888620995261476e+02
7.134715001500359222e+01,1.558485771010265353e+02
7.860470240545987508e+01,1.474744781889614842e+02
2.836010893307002334e+01,2.133507229638727267e+02
2.220809304321732611e+02,5.200975059142069767e+01
1.606708717436967504e+02,1.000212510205932404e+02
4.175866719237399138e+01,1.591982166658524989e+02
