1.816003269387783234e+02,2.264759366778553726e+02
1.508952975945400681e+02,1.466428603828358632e+02
1.615024895498223145e+02,1.561335058165095120e+02
2.028147108493429300e+02,2.086111923321167296e+02
2.000233445453213221e+02,2.019119132024647456e+02
2.039312573709516414e+02,1.745565234230524538e+02
2.952883481392007070e+00,8.802416799838096040e+01
4.069430003000718443e+00,2.270619648427407355e+01
3.533273260804327265e+01,1.589248721205311767e+02
4.259028499849961236e+01,1.516673197300748370e+02
4.817301760654294185e+01,1.488759534260531723e+02
1.949988851980822915e+02,2.130773784185513762e+02
6.274412610125239098e+00,4.288105646812454097e+01
1.694513415097748066e+01,5.515238624010459034e+01
2.036827611158908553e+02,1.949388384252682727e+02
5.482619562100279609e+01,3.932922844014058228e+00
5.375912346691751509e+01,8.201211460354954852e+00
5.482619562100279609e+01,1.300303615373843513e+01
5.535973169804543659e+01,1.940546907824972322e+01
2.814939176887224903e+01,4.466458921056641884e+00
1.647346274917803726e+02,1.567071653895146710e+01
