8.948523890606355735e+01,2.297954102959545253e+01
6.771258173469453823e+01,1.739680842155212304e+01
9.395142499249817547e+01,3.439976901443799306e+00
3.511156742196419600e+00,8.885578580450663821e+01
1.914280804471769670e+01,2.194917288327203551e+02
2.360899413115231482e+01,2.161420892678943915e+02
4.817301760654294185e+01,2.010687112261774132e+02
5.208093043217326112e+01,1.407751990593095570e+02
5.152265717136896228e+01,1.446831118849398763e+02
5.766366304021659062e+01,1.430082921025268661e+02
5.822193630102088946e+01,1.469162049281571853e+02
9.730106455732419590e+01,1.971607984005470939e+02
1.843916932427999313e+02,1.636644027522871738e+02
4.984783738895595206e+01,2.233996416583506743e+02
5.096438391056454975e+01,2.183751823111117005e+02
5.319747695378197250e+01,1.145363558015059198e+02
6.157157586584690989e+01,1.050457103678322710e+02
7.776150042917248584e+01,1.022543440638106063e+02
1.676434954186700566e+02,1.993938914437644030e+02
