5.185976524609316129e+00,1.709219551427434567e+02
7.977342828631037719e+00,1.675723155779174931e+02
4.069430003000718443e+00,1.614313097090698648e+02
1.746798826230468649e+01,1.162111755839189300e+02
2.249244760954360345e+01,1.106284429758756005e+02
2.919172673919564431e+01,9.443851841254996771e+01
1.244352891506565584e+01,9.443851841254996771e+01
7.977342828631037719e+00,1.848787866628517804e+02
1.244352891506565584e+01,1.826456936196344714e+02
4.984783738895595206e+01,2.116759031814597165e+02
5.319747695378197250e+01,2.161420892678943915e+02
2.584208717436962388e+01,7.906162987878474269e+00
3.309963956482596359e+01,1.572198863913911282e+01
1.132698239345705815e+01,1.558485771010265353e+02
1.746798826230468649e+01,1.586399434050481432e+02
2.863345347839134547e+01,1.625478562306784625e+02
1.523489521908737743e+01,1.402169257985052013e+02
1.300180217586995468e+01,1.441248386241355206e+02
3.477445934723897381e+01,1.904615192708951099e+02
5.744249785413728659e+00,1.273766408000055890e+02
4.627703263805017286e+00,1.173277221055275845e+02
3.030827326080435569e+01,1.195608151487448936e+02
3.030827326080435569e+01,1.346341931904618718e+02
3.589100586884768518e+01,1.999521647045687587e+02
