1.107623730350877622e+01,4.361260112175958170e+01
6.603045323889756446e+01,3.667663212020568153e+01
1.754053490326326141e+02,2.387176627118304850e+01
5.589326777508796340e+01,1.833990533069232924e+02
5.802741208325841171e+01,1.983380634641163738e+02
3.135060823112797834e+01,2.234142590851189993e+02
1.876766788046125498e+02,1.746933334667170357e+01
1.791401015719308703e+02,5.855161127895266304e+01
1.940791117291238947e+02,6.602111635754920371e+01
2.026156889618056880e+02,7.455769359023094012e+01
7.883531908792025433e+01,6.762172458867701152e+01
1.023109064777950721e+02,7.189001320501790815e+01
7.403349439453671721e+01,7.135647712797529607e+01
2.388110315253146609e+01,8.399220036947383505e+00
6.274412610125239098e+00,1.263106930633640559e+02
3.561889684746887497e+01,1.081704664439153589e+02
