2.142651047809126226e+02,4.224576061242572678e+01
1.707197904381746980e+02,1.360356684275535599e+02
1.562046856572620754e+02,1.444097673396184973e+02
1.545298658748490652e+02,1.505507732084661825e+02
2.198478373889559521e+02,1.728817036406394436e+02
2.070075523904562829e+02,1.539004127732921461e+02
2.259888432578035804e+02,6.401841778379468906e+01
2.198478373889559521e+02,6.122705147977302431e+01
1.796521626110440479e+02,1.494342266868575280e+02
1.980751802175869329e+02,1.656241512501831608e+02
2.075658256512605817e+02,1.756730699446611084e+02
1.528550460924360550e+02,1.058889123441196034e+02
