2.109154652160866021e+02,4.251910515774704891e+01
2.153816513025212203e+02,5.033493080900771588e+01
2.259888432578035804e+02,4.977665754820336019e+01
2.287802095618253020e+02,5.535939015624668968e+01
1.450392204411754165e+02,7.154931471957232247e+01
1.199169237049804906e+02,5.114796683856809523e+00
1.400147610939364426e+02,3.135363994166038992e+01
2.265471165186078792e+02,6.931622167635501341e+01
2.215226571713689623e+02,5.926730298187700896e+01
1.964003604351740364e+02,8.159823341405029851e+01
2.014248197824129534e+02,7.601550080600699744e+01
6.688096392856891725e+01,1.452413851457441751e+02
8.809534783913352385e+01,1.329593734080489185e+02
1.003773595768288374e+02,1.251435477567882231e+02
5.571549871248225827e+01,1.184442686271362390e+02
1.070766387064808214e+02,3.526155276729070920e+01
2.254305699969992816e+02,1.552903038402221796e+02
2.064492791296519840e+02,1.664557690563087817e+02
2.003082732608043557e+02,1.670140423171131374e+02
1.874679882623046865e+02,1.625478562306784625e+02
1.924924476095436034e+02,1.597564899266568545e+02
1.924924476095436034e+02,1.530572107970048137e+02
1.673701508733486776e+02,1.541737573186135251e+02
1.958420871743696239e+02,9.220542536933260180e+01
2.092406454336735919e+02,1.067205301502452812e+02
1.991917267391956443e+02,2.100010833990467063e+02
2.036579128256302624e+02,2.122341764422640722e+02
1.958420871743696239e+02,2.267492812231766948e+02
2.003082732608043557e+02,2.233996416583506743e+02
1.908176278271307069e+02,2.211665486151333653e+02
1.595543252220880390e+02,2.211665486151333653e+02
2.248722967361948690e+02,1.899032460100907542e+02
2.271053897794122918e+02,1.022543440638106063e+02
2.220809304321732611e+02,4.251910515774704891e+01
2.298967560834338997e+02,4.196083189694272164e+01
1.277327493562411291e+02,1.111867162366798993e+02
1.344320284858931132e+02,1.134198092798972652e+02
1.165672841401544702e+02,1.229104547135709140e+02
1.333154819642844586e+02,1.184442686271362390e+02
2.259888432578035804e+02,3.135363994166038992e+01
2.215226571713689623e+02,3.358673298487775583e+01
1.885845347839132842e+02,2.273075544839810505e+02
