1.719464371698336436e+01,8.299970865114198659e+01
9.378818065722725805e+00,1.282198427762928645e+02
3.796085457679396313e+00,1.209622903858365817e+02
4.354358718483695156e+00,1.148212845169888965e+02
2.121265675266386097e+00,9.918963321446761938e+01
3.450111480191765168e+01,1.226371101682495350e+02
1.775291697778772004e+01,1.148212845169888965e+02
3.226802175870034262e+01,1.047723658225109489e+02
2.947665545467867787e+01,1.103550984305542784e+02
3.394284154111335283e+01,1.114716449521629329e+02
5.627377197328661396e+01,1.410601277747925337e+02
6.967233023259058200e+01,1.449680406004228530e+02
7.358024305822090128e+01,1.494342266868575280e+02
7.023060349339493769e+01,1.913047212471824423e+02
7.413851631902525696e+01,1.779061629878784743e+02
7.748815588385122055e+01,1.672989710325961141e+02
9.200326066476384312e+01,1.583665988597268210e+02
7.972124892706858645e+01,1.505507732084661825e+02
7.916297566626423077e+01,1.578083255989224654e+02
2.259888432578035804e+02,1.064471856049239022e+02
2.276636630402165906e+02,9.918963321446761938e+01
1.597347942218044068e+02,8.201211460354954852e+00
1.592012581447617663e+02,4.999994998099282384e+00
1.789420929953383279e+02,6.600603229227090196e+00
1.842774537657643918e+02,1.353657223078101879e+01
1.912134227673183773e+02,1.727132477007927491e+01
1.640030828381453034e+02,2.013412713497795608e+02
1.666707632233582785e+02,2.077437042742909057e+02
1.122500833650121308e+02,1.266462205638142677e+02
1.218537327517790914e+02,1.213108597933881470e+02
1.266555574451626285e+02,1.298474370260698834e+02
1.533323612972930619e+02,1.117072104066211864e+02
1.576006499136339585e+02,1.053047774821098415e+02
1.629360106840600224e+02,1.101066021754933217e+02
1.693384436085713673e+02,6.582310778095677506e+01
1.677378353774435595e+02,7.062493247434025534e+01
1.688049075315287268e+02,5.888713877940284647e+01
1.704055157626565347e+02,8.823162301674636865e+01
1.677378353774435595e+02,9.730173632647074555e+01
1.624024746070173819e+02,9.676820024942810505e+01
1.656036910692731112e+02,9.143283947900204112e+01
1.645366189151878302e+02,1.325151174112829722e+02
1.666707632233582785e+02,1.287803648719846592e+02
1.762744126101252391e+02,1.330486534883255558e+02
1.826768455346365840e+02,1.399846224898794844e+02
1.826768455346365840e+02,1.357163338735385878e+02
1.906798866902757368e+02,1.399846224898794844e+02
1.762744126101252391e+02,1.303809731031125239e+02
1.810762373035087762e+02,1.271797566408568514e+02
2.109542576178949389e+02,1.415852307210072922e+02
2.168231544653636433e+02,1.437193750291777405e+02
2.210914430817045400e+02,1.426523028750925164e+02
2.285609481603010522e+02,1.527894883389021174e+02
2.232255873898749883e+02,1.351827977964960041e+02
2.237591234669175151e+02,1.303809731031125239e+02
2.264268038521306039e+02,1.245120762556438194e+02
2.232255873898749883e+02,1.207773237163455633e+02
2.216249791587470668e+02,1.250456123326864031e+02
2.216249791587470668e+02,1.154419629459194425e+02
1.757408765330827123e+02,1.197102515622603391e+02
1.746738043789974313e+02,1.170425711770472503e+02
1.762744126101252391e+02,1.581248491093281814e+02
1.986829278459148895e+02,1.613260655715838539e+02
1.367927429089721159e+02,1.469205914914334130e+02
1.479970005268669979e+02,1.442529111062203810e+02
1.640030828381453034e+02,1.415852307210072922e+02
1.565335777595486775e+02,1.437193750291777405e+02
