8.948523890606355735e+01,2.353781429039975137e+01
7.106222129952055866e+01,3.358673298487775583e+01
6.715430847389023938e+01,4.084428537533406711e+01
4.259028499849961236e+01,7.657377406681132470e+01
6.603776195228152801e+01,1.033708905854192608e+02
7.608668064675958931e+01,9.276369863013695749e+01
8.446077955882452670e+01,7.880686711002866218e+01
7.831977368997689837e+01,7.043276819796366794e+01
8.669387260204183576e+01,6.987449493715934068e+01
8.055286673319420743e+01,4.810183776579037840e+01
8.948523890606355735e+01,3.526155276729070920e+01
8.892696564525914482e+01,4.084428537533406711e+01
8.892696564525914482e+01,5.256802385222502494e+01
9.171833194928086641e+01,4.866011102659470566e+01
9.785933781812849475e+01,4.419392494016005912e+01
1.095830762950194526e+02,8.464436248682773112e+00
3.700755239045628286e+01,1.843205134020474816e+02
1.012089773829545152e+02,2.323430379835144777e+00
9.506797151410688684e+01,2.409608755120410706e+01
9.953415760054150496e+01,2.967882015924743655e+01
