1.500636797884143903e+02,1.792960540548084509e+02
1.528550460924360550e+02,1.753881412291781317e+02
1.818852556542613570e+02,1.798543273156128066e+02
1.779773428286310377e+02,2.083262636166337529e+02
1.986334534783913455e+02,1.128615360190929096e+02
2.014248197824129534e+02,1.056039836286365698e+02
2.030996395648259636e+02,1.391003792768965468e+02
1.919341743487393046e+02,1.273766408000055890e+02
1.857931684798916763e+02,1.413334723201138559e+02
1.857931684798916763e+02,1.457996584065485308e+02
2.014248197824129534e+02,1.229104547135709140e+02
1.288492958778497837e+02,2.038600775301990780e+02
1.422478541371537517e+02,1.921363390533081201e+02
9.591117349039421924e+01,9.332197189094131318e+01
