2.341651494234497477e+00,5.408531408601936619e+01
9.277620495788426069e+00,6.475603562687155090e+01
9.277620495788426069e+00,7.969504578406463224e+01
9.197571243739292868e+01,1.246950007669579463e+01
8.824095989809467255e+01,5.035056154672105322e+01
9.090864028330770452e+01,5.301824193193414203e+01
8.397267128175377593e+01,5.461885016306194984e+01
8.717388774400944840e+01,5.621945839418975766e+01
7.917084658837029565e+01,3.914630392882628485e+01
4.022271296425981291e+01,4.128044823699673316e+01
4.075624904130239656e+01,4.714934508446543759e+01
5.035989842806941397e+01,6.048774701053065428e+01
4.929282627398418981e+01,7.382614893659592781e+01
5.622879527553811840e+01,7.489322109068109512e+01
5.729586742962334256e+01,7.115846855138283900e+01
1.634695467611026629e+02,6.067067152184506540e+00
1.725396600708269830e+02,8.734747537397538508e+00
7.863731051132771199e+01,2.954265454205932429e+01
8.290559912766860862e+01,2.260668554050539569e+01
3.862210473313194825e+01,3.594508746657061238e+01
3.648796042496155678e+01,5.248470585489150153e+01
7.490255797202945587e+01,5.621945839418975766e+01
6.583244466230507896e+01,5.141763370080627737e+01
1.597347942218044068e+02,2.847558238797410013e+01
1.645366189151878302e+02,3.487801531248538822e+01
1.522652891432078945e+02,1.887193300120713957e+01
1.789420929953383279e+02,1.938717662711830485e+02
1.853445259198496728e+02,1.997406631186517529e+02
1.682713714544862000e+02,5.675299447123239815e+01
1.047805782864155617e+02,1.602589934174986297e+02
