1.021043587184834678e+01,6.346014452299033337e+01
2.044895306317559402e+02,7.965006908631596616e+01
2.145384493262338879e+02,8.802416799838096040e+01
2.011398910669299198e+02,6.792633060942500833e+01
8.725214586284613461e+01,6.290187126218603453e+01
8.557732608043323808e+01,6.960115039183801855e+01
9.730106455732419590e+01,7.350906321746833783e+01
1.073499832518021435e+02,6.960115039183801855e+01
1.151658089030627821e+02,8.355798191194628544e+01
1.062334367301934321e+02,8.579107495516365134e+01
1.218650880327148229e+02,9.081553430240262514e+01
1.118161693382367616e+02,7.574215626068564688e+01
1.313557334663884717e+02,2.270619648427407355e+01
1.330305532488013682e+02,2.717238257070874852e+01
1.615171773703991676e-01,8.914071451998961493e+01
2.360899413115231482e+01,7.685870278229430141e+01
1.045586169477805356e+02,5.731913865414270504e+01
