5.124931262604764015e+01,1.489037083301343500e+01
5.348240566926494921e+01,1.879828365864375428e+01
2.668528915065701312e+01,6.625151082701199812e+01
1.775291697778772004e+01,1.851637153783347571e+02
1.998601002100502910e+01,1.806975292919001390e+02
2.780183567226566765e+01,1.282198427762928645e+02
3.115147523709168809e+01,1.231953834290538907e+02
6.743923718937327294e+01,4.838676648127335511e+01
5.571549871248225827e+01,8.690762147677230587e+01
7.078887675419923653e+01,1.154073126818741457e+01
7.358024305822090128e+01,4.841452138535430549e+00
3.394284154111335283e+01,4.168748735162137109e+01
4.789967306122161972e+01,4.615367343805604605e+01
6.185650458132994345e+01,3.724905616926776020e+00
4.901621958283027425e+01,8.076661560792462069e+01
5.180758588685193899e+01,7.574215626068564688e+01
5.739031849489526849e+01,7.462560973907699235e+01
4.354358718483695156e+00,8.299970865114198659e+01
1.562992414462087254e+00,7.685870278229430141e+01
