4.091546521608660214e+01,2.125191051577470489e+02
4.538165130252122026e+01,2.203349308090077159e+02
5.598884325780358040e+01,2.197766575482033602e+02
5.878020956182530199e+01,2.253593901562466897e+02
1.475456580297140476e+02,1.259867497330755555e+02
1.570363034633876964e+02,1.271032962546842100e+02
1.514535708553443669e+02,9.416517386722858873e+01
1.481039312905183465e+02,9.807308669285896485e+01
1.229816345543234206e+02,1.282198427762928645e+02
5.152265717136896228e+01,2.292673029818770090e+02
8.390250629802022786e+01,3.889612104759970634e+01
8.334423303721581533e+01,4.280403387323002562e+01
9.171833194928086641e+01,3.163856865714342348e+01
8.892696564525914482e+01,3.610475474357804160e+01
8.390250629802022786e+01,3.163856865714342348e+01
1.123744425990411742e+02,1.265727778979612594e+01
2.195629086734729185e+02,1.834888955959218038e+02
8.501905281962882555e+01,1.645076047285745062e+02
9.004351216686785619e+01,1.572500523381181665e+02
8.836869238445484598e+01,1.918629945079867412e+02
9.339315173169387663e+01,2.052615527672907092e+02
5.185976524609316129e+00,9.193208082401127967e+01
2.416726739195661366e+01,9.137380756320698083e+01
2.416726739195661366e+01,9.583999364964159895e+01
3.644927912965198402e+01,9.807308669285896485e+01
3.365791282563026243e+01,7.853352256470731163e+01
5.208093043217326112e+01,2.125191051577470489e+02
5.989675608343389968e+01,2.119608318969427216e+02
8.390250629802022786e+01,1.427349475572055439e+02
1.391715591176491102e+02,1.198457438642279271e+02
2.156549958478425992e+02,3.108029539633906779e+01
6.212984912665120873e+01,1.974457271160300706e+02
5.598884325780358040e+01,2.013536399416603899e+02
5.152265717136896228e+01,2.035867329848777558e+02
9.395142499249817547e+01,2.264759366778553726e+02
1.860665130252129416e+02,7.406733647827263667e+01
