7.078887675419923653e+01,8.327305319646330872e+01
2.014248197824129534e+02,1.692471353603305033e+02
1.913759010879350058e+02,1.887866994884820997e+02
2.159399245633256328e+02,1.910197925316994088e+02
2.198478373889559521e+02,1.971607984005470939e+02
1.913759010879350058e+02,2.161420892678943915e+02
6.297305110293859798e+01,1.938111588357211303e+02
7.581333610143821033e+01,9.053060558691959159e+01
2.137068315201083237e+02,1.692471353603305033e+02
4.566658001800431066e+01,8.048168689244164398e+01
9.256153392556819881e+01,1.301680071040271969e+02
1.495054065276100914e+02,1.385421060160921911e+02
1.528550460924360550e+02,1.340759199296575161e+02
2.121265675266386097e+00,6.038384950348569191e+01
