3.775304115563920959e+01,1.757315396517342947e+02
4.468901015719319503e+01,1.762650757287769352e+02
4.949083485057673215e+01,1.869357972696291199e+02
1.492620812575447076e+02,1.517224161848168933e+02
1.492620812575447076e+02,1.458535193373481889e+02
1.481950091034594266e+02,1.373169421046664525e+02
1.636675553376952053e+02,1.383840142587516766e+02
1.674023078769934614e+02,1.341157256424107800e+02
1.711370604162917175e+02,1.293139009490272997e+02
1.748718129555899736e+02,1.330486534883255558e+02
1.834083901882717669e+02,1.149084268688768589e+02
1.796736376489735107e+02,1.074389217902802898e+02
1.775394933408030624e+02,9.836880848055591287e+01
2.042162971929334958e+02,8.129565401519244006e+01
1.907927845914792897e+01,2.072101681972482652e+02
7.875020841253160597e+00,1.938717662711830485e+02
1.854574238210528847e+01,2.152132093528874179e+02
1.374391768872186503e+01,2.269510030478248268e+02
5.269205131283234778e+01,1.992071270416091124e+02
5.162497915874706678e+01,2.242833226626117948e+02
4.095425761789493890e+01,2.141461371988021938e+02
5.322558738987498828e+01,1.453199832603055484e+02
4.789022661944881065e+01,1.581248491093281814e+02
