2.208248634481105910e+01,8.396333440040547202e+01
4.128978511834503706e+01,9.623466417238552140e+01
3.328674396270588431e+01,1.010364888657690017e+02
2.314955849889628325e+01,1.250456123326864031e+02
3.275320788566324381e+01,1.261126844867716272e+02
3.702149650200414044e+01,1.293139009490272997e+02
2.635077496115195572e+01,1.447864471832629647e+02
3.275320788566324381e+01,1.458535193373481889e+02
5.409465096736767009e+01,7.649382932180895978e+01
5.943001173779373403e+01,7.169200462842547950e+01
4.395746550355806903e+01,8.022858186110721590e+01
6.956719720160333509e+01,5.835360270236020597e+01
8.503974343583900009e+01,9.268283614440122165e+00
8.984156812922253721e+01,1.727132477007927491e+01
7.436902189498681537e+01,3.914630392882628485e+01
