1.663637045617900867e+01,9.276369863013695749e+01
4.957449284363462993e+01,1.106284429758756005e+02
3.282629501950464146e+01,1.915780657925037644e+02
5.571549871248225827e+01,1.926946123141124190e+02
6.408959762454725251e+01,1.703636818819391578e+02
4.510830675719995497e+01,7.210758798037667816e+01
5.627377197328661396e+01,7.489895428439831448e+01
7.469678957982955581e+01,8.438959971807196325e+01
1.455974937019797721e+02,3.637809928889942057e+01
1.478305867451970812e+02,4.196083189694272164e+01
1.377816680507191336e+02,2.074644798637808663e+01
1.467140402235884267e+02,1.404716885672610260e+01
1.014939060984374919e+02,5.033493080900771588e+01
1.042852724024591566e+02,5.480111689544236242e+01
8.083779544867724098e+01,5.312629711302938063e+01
1.562046856572620754e+02,1.851335494316077757e+01
1.841183486974786661e+02,1.237234907431309239e+01
1.941672673919566137e+02,1.765157119030789090e+00
2.008665465216086545e+02,3.998250162248154993e+00
1.271744760954367734e+02,4.140255863613839438e+01
1.355485750075017677e+02,3.023709342005173539e+01
8.307088849189455004e+01,3.526155276729070920e+01
8.362916175269890573e+01,4.084428537533406711e+01
7.078887675419923653e+01,2.967882015924743655e+01
6.241477784213424229e+01,2.912054689844308086e+01
3.952557414915662548e+01,4.307737841855137617e+01
1.701615171773703992e+02,2.577090733361706043e+01
2.148233780417169214e+02,8.464436248682773112e+00
