1.059600921848721669e+02,4.559540017725169037e+01
9.591117349039421924e+01,5.229467930690367439e+01
1.137759178361328054e+02,4.782849322046905627e+01
1.623456915261097038e+02,8.634934821596795018e+01
1.690449706557616878e+02,8.858244125918531608e+01
1.634622380477183583e+02,1.053306390833152477e+02
2.265471165186078792e+02,7.350906321746833783e+01
8.586225479591621479e+01,1.014227262576849284e+02
8.139606870948153983e+01,9.583999364964159895e+01
5.515722545167795943e+01,5.229467930690367439e+01
2.166082980341803932e+01,2.605583604910009399e+01
1.902593545663262944e+02,7.574215626068564688e+01
2.170564710849342305e+02,5.957998660144141923e+00
2.036579128256302624e+02,5.399725399339786236e+00
1.796521626110440479e+02,6.234359800138167884e+01
