6.659603521308594054e+01,1.298946625587058747e+02
8.055286673319420743e+01,1.198457438642279271e+02
1.855082397644086427e+02,9.863135995366326370e+01
2.178880888910599083e+02,9.081553430240262514e+01
5.989675608343389968e+01,1.427349475572055439e+02
4.649819782412993163e+01,1.539004127732921461e+02
5.543056999699928156e+01,1.539004127732921461e+02
6.101330260504261105e+01,1.706486105974221346e+02
6.101330260504261105e+01,1.611579651637484858e+02
6.882912825630324960e+01,1.622745116853571403e+02
1.411834869747866605e+01,1.823723490743130924e+02
2.416726739195661366e+01,1.717651571190307891e+02
3.086654652160865453e+01,1.739982501622481550e+02
1.615171773703991676e-01,1.957709073336170604e+02
4.482337804171692142e+01,1.784644362486827731e+02
