1.706035243392490770e+02,1.794662921910326077e+02
1.690029161081212692e+02,1.858687251155438958e+02
2.539660070826982974e+00,8.734747537397538508e+00
1.439267204871186436e+02,8.716455086266114449e+01
1.513962255657151559e+02,9.196637555604462477e+01
1.412590401019055548e+02,9.356698378717243259e+01
1.423261122559907221e+02,1.005029527887263612e+02
1.433931844100760031e+02,9.570112809534288090e+01
7.243288616340890940e+01,1.293139009490272997e+02
7.083227793228110158e+01,1.383840142587516766e+02
1.204511330972438259e+02,1.026370970968968095e+02
1.257864938676698898e+02,1.074389217902802898e+02
1.348566071773942099e+02,8.503040655449069618e+01
1.417925761789481953e+02,8.022858186110721590e+01
2.127528744256152891e+02,1.170425711770472503e+02
8.942092995338327910e+00,1.938717662711830485e+02
1.534452591984967285e+01,1.997406631186517529e+02
2.010150807306778802e+02,3.167679885022977260e+01
2.260912763516805057e+02,6.955786032025503118e+01
2.228900598894248901e+02,7.382614893659592781e+01
2.191553073501266340e+02,8.129565401519244006e+01
1.855425344964422152e+02,1.992071270416091124e+02
1.860760705734847420e+02,2.029418795809074254e+02
1.588657306443116681e+02,1.976065188104813046e+02
