1.209846691742863527e+02,1.634602098797543022e+02
4.789022661944881065e+01,1.506553440307316691e+02
1.903443591898256386e+02,1.015700249428115853e+02
1.930120395750387274e+02,8.663101478561850399e+01
1.898108231127829981e+02,9.196637555604462477e+01
1.978138642684221509e+02,8.823162301674636865e+01
1.951461838832091757e+02,9.463405594125765674e+01
1.746798826230468649e+01,1.834888955959218038e+02
2.025935456632629439e+01,1.857219886391391128e+02
5.878020956182530199e+01,1.209622903858365817e+02
5.744249785413728659e+00,1.511090464692704813e+02
