1.768607963070223263e+02,1.240270012351795685e+02
1.796521626110440479e+02,1.184442686271362390e+02
1.846766219582829649e+02,9.388024515174561202e+01
1.623456915261097038e+02,1.988356181829601041e+02
1.623456915261097038e+02,1.915780657925037644e+02
1.539715926140447664e+02,1.843205134020474816e+02
1.545298658748490652e+02,1.798543273156128066e+02
1.578795054396750857e+02,1.765046877507867862e+02
1.768607963070223263e+02,1.457996584065485308e+02
1.796521626110440479e+02,1.402169257985052013e+02
1.824435289150656558e+02,1.463579316673528865e+02
1.830018021758699547e+02,1.541737573186135251e+02
1.712780636989789969e+02,1.681305888387217919e+02
1.723946102205877082e+02,1.798543273156128066e+02
1.779773428286310377e+02,1.820874203588301157e+02
1.757442497854137287e+02,2.049766240518077325e+02
1.802104358718483468e+02,2.049766240518077325e+02
1.863514417406959751e+02,1.195608151487448936e+02
1.885845347839132842e+02,1.307262803648315526e+02
1.885845347839132842e+02,1.887866994884820997e+02
1.908176278271307069e+02,1.647809492738958284e+02
1.913759010879350058e+02,1.485910247105701956e+02
2.198478373889559521e+02,2.881703640639443620e+00
2.075658256512605817e+02,5.673069944661108366e+00
1.986334534783913455e+02,7.545722754520267017e+01
1.668118776125443787e+02,1.547320305794178239e+02
1.679284241341530901e+02,1.513823910145918035e+02
1.813269823934570582e+02,6.764140189394200320e+01
1.763025230462180275e+02,8.662269276128927231e+01
1.361068482683061234e+02,8.941405906531099390e+01
