1.779773428286310377e+02,6.401841778379468906e+01
1.813269823934570582e+02,5.843568517575135957e+01
1.830018021758699547e+02,6.122705147977302431e+01
6.587451761701061059e+00,4.727021995966470058e+01
4.845794632202597541e+01,4.168748735162137109e+01
5.962341153811257755e+01,4.894503974207771080e+01
3.450111480191765168e+01,4.782849322046905627e+01
2.556874262904835859e+01,4.671194669886034490e+01
3.896730088835232664e+01,4.280403387323002562e+01
2.298967560834338997e+02,1.209622903858365817e+02
2.058910058688476852e+02,9.025726104159826946e+01
2.047744593472389738e+02,9.528172038883730011e+01
2.109154652160866021e+02,9.695654017125025348e+01
1.891428080447176967e+02,6.848460387022930718e+01
1.629039647869140595e+02,2.074946458105080751e+02
1.294075691386541394e+02,2.236845703738337079e+02
4.064212067076533685e+01,1.192874706034235714e+02
4.678312653961296519e+01,1.137047379953802420e+02
1.328673089135304508e+01,1.075637321265326136e+02
3.059320197628733240e+01,1.248702032114669009e+02
3.115147523709168809e+01,1.304529358195102304e+02
