1.021128979012025297e+02,7.775891005248661259e+01
9.891168143894685727e+01,7.295708535910313230e+01
1.031799700552877539e+02,6.655465243459181579e+01
1.266555574451626285e+02,4.681381758401525417e+01
1.271890935222051553e+02,4.254552896767438597e+01
1.202531245206512835e+02,1.172405797536397358e+02
1.175854441354381947e+02,6.868879674276223568e+01
1.351921346778443080e+02,1.177741158306823195e+02
1.325244542926313329e+02,1.129722911372988392e+02
1.271890935222051553e+02,2.600591057935349681e+01
7.063426935568855924e+01,1.320104473033086379e+01
5.622879527553811840e+01,1.373458080737344744e+01
