1.601125984828923947e+02,1.351924664512662275e+02
1.668118776125443787e+02,1.312845536256359082e+02
1.902593545663262944e+02,1.240270012351795685e+02
1.729528834813920071e+02,2.010687112261774132e+02
1.980751802175869329e+02,1.474744781889614842e+02
1.729528834813920071e+02,1.128615360190929096e+02
1.913759010879350058e+02,1.396586525377008456e+02
1.701615171773703992e+02,1.552903038402221796e+02
1.818852556542613570e+02,1.765157119030789090e+00
1.818852556542613570e+02,6.429176232911601119e+01
1.807687091326526456e+02,7.992341363163731671e+01
1.807687091326526456e+02,9.108887884772394727e+01
1.757442497854137287e+02,9.108887884772394727e+01
1.746277032638050173e+02,1.089536231934625903e+02
1.707197904381746980e+02,1.971607984005470939e+02
1.885845347839132842e+02,1.742715947075694771e+02
1.986334534783913455e+02,1.742715947075694771e+02
1.723946102205877082e+02,1.513823910145918035e+02
1.718363369597834094e+02,1.005795242813975960e+02
1.774190695678267389e+02,1.022543440638106063e+02
1.723946102205877082e+02,1.245852744959838674e+02
1.869097150015003876e+02,1.335176466688532173e+02
1.723946102205877082e+02,1.876701529668734452e+02
1.735111567421964196e+02,1.809708738372214611e+02
