3.775304115563920959e+01,5.731539651734294694e+00
4.468901015719319503e+01,6.265075728776935193e+00
4.949083485057673215e+01,1.693579726962911991e+01
1.107623730350877622e+01,7.295708535910313230e+01
1.907927845914792897e+01,3.721016819724826519e+01
7.875020841253160597e+00,2.387176627118304850e+01
1.854574238210528847e+01,4.521320935288741794e+01
1.374391768872186503e+01,5.695100304782482681e+01
6.807948687167879598e+00,7.882598220657183674e+01
4.055157626565346618e-01,8.789609551629621365e+01
5.269205131283234778e+01,2.920712704160911244e+01
5.162497915874706678e+01,5.428332266261179484e+01
4.095425761789493890e+01,4.414613719880219378e+01
