3.756582565126058171e+01,5.399725399339786236e+00
2.472554065276102619e+01,9.335393129051112737e-01
1.746798826230468649e+01,4.841452138535430549e+00
1.300180217586995468e+01,1.154073126818741457e+01
1.356007543667436721e+01,1.824001039783945544e+01
9.652162611044047935e+00,3.163856865714342348e+01
1.076870913265264562e+01,5.787741191494700388e+01
1.244352891506565584e+01,5.341122582851238576e+01
1.635144174069597511e+01,5.173640604609937554e+01
1.188525565426135699e+01,1.717651571190307891e+02
