1.427745376576439185e+01,8.876515909378895230e+01
1.267684553463658403e+01,9.516759201830029724e+01
1.160977338055141672e+01,1.010364888657690017e+02
6.274412610125239098e+00,9.463405594125765674e+01
7.341484764210520098e+00,9.036576732491681696e+01
7.875020841253160597e+00,1.047712414050672578e+02
7.349995831749407671e+01,1.037041692509820336e+02
7.830178301087761383e+01,1.053047774821098415e+02
8.897250455172985539e+01,9.890234455759855337e+01
9.537493747624108664e+01,9.356698378717243259e+01
2.138199465797004564e+02,1.778656839599047430e+02
1.983474003454647914e+02,1.517224161848168933e+02
1.983474003454647914e+02,1.581248491093281814e+02
2.052833693470187768e+02,1.149084268688768589e+02
1.583321945672690276e+02,2.082772403513334893e+02
1.615334110295247569e+02,2.066766321202056815e+02
1.071127311711784955e+02,2.189479618921857025e+02
1.108474837104767516e+02,2.173473536610578662e+02
2.334756707548882559e+01,2.210821062003561224e+02
3.401828861634095347e+01,3.914630392882628485e+01
3.188414430817050516e+01,4.768288116150802125e+01
3.775304115563920959e+01,1.353657223078101879e+01
1.668687717999508209e+02,2.152132093528874179e+02
1.887437509586978308e+02,2.088107764283761298e+02
1.908778952668682791e+02,1.848016529614586716e+02
5.207340456040071786e+00,1.511888801077743096e+02
8.630482416651676658e+01,1.901370137318847924e+02
