5.683204523409096964e+01,1.971607984005470939e+02
6.018168479891693323e+01,1.926946123141124190e+02
5.069103936524328446e+01,2.016269844869817689e+02
7.692988262304692171e+01,1.804126005764171055e+02
8.251261523109025120e+01,1.815291470980257600e+02
8.418743501350320457e+01,1.776212342723954407e+02
2.092406454336735919e+02,1.603147631874611534e+02
2.092406454336735919e+02,1.636644027522871738e+02
3.394284154111335283e+01,9.276369863013695749e+01
3.785075436674367211e+01,8.215650667485465419e+01
5.013276610443898562e+01,6.038384950348569191e+01
5.571549871248225827e+01,5.089320406981204314e+01
3.617593458433066189e+01,6.708312863313767593e+01
9.367808044717685334e+01,4.810183776579037840e+01
7.581333610143821033e+01,7.545722754520267017e+01
5.515722545167795943e+01,6.819967515474633046e+01
6.353132436374295366e+01,6.540830885072466572e+01
1.234543409829068992e+02,4.681381758401525417e+01
1.325244542926313329e+02,3.881077642837612984e+01
1.367927429089721159e+02,3.560955996612045737e+01
1.394604232941852047e+02,4.628028150697264209e+01
2.008170721540853378e+02,1.919356305396050288e+02
2.077530411556392096e+02,1.828655172298806519e+02
2.056188968474688750e+02,1.887344140773493564e+02
1.186525162895234189e+02,1.204417962158953515e+02
