9.357632066852079333e+01,3.754569569769847703e+01
9.997875359303208143e+01,3.861276785178364435e+01
2.216249791587470668e+02,6.849078816616980703e+01
2.130884019260653872e+02,9.516759201830029724e+01
2.178902266194488107e+02,9.516759201830029724e+01
2.210914430817045400e+02,8.129565401519244006e+01
2.205579070046618995e+02,8.716455086266114449e+01
6.956719720160333509e+01,5.248470585489150153e+01
1.826768455346365840e+02,8.201211460354954852e+00
8.210548341703201913e+00,1.378504781817090361e+02
4.475795802404945789e+00,1.522559522618594769e+02
