2.075658256512605817e+02,5.399725399339786236e+00
1.947255406527610262e+02,9.335393129051112737e-01
1.874679882623046865e+02,4.841452138535430549e+00
1.830018021758699547e+02,1.154073126818741457e+01
1.835600754366743672e+02,1.824001039783945544e+01
1.796521626110440479e+02,3.163856865714342348e+01
1.807687091326526456e+02,5.787741191494700388e+01
1.824435289150656558e+02,5.341122582851238576e+01
1.863514417406959751e+02,5.173640604609937554e+01
1.818852556542613570e+02,1.717651571190307891e+02
