8.195434197028589551e+01,4.307737841855137617e+01
1.874679882623046865e+02,1.348889559592180376e+01
1.902593545663262944e+02,1.572198863913911282e+01
1.496155067376605530e+01,9.332197189094131318e+01
2.612701588985265744e+01,8.941405906531099390e+01
2.836010893307002334e+01,1.011377975422019517e+02
6.911405697178622631e+01,6.540830885072466572e+01
7.581333610143821033e+01,6.819967515474633046e+01
8.027952218787288530e+01,6.094212276429001918e+01
6.688096392856891725e+01,9.443851841254996771e+01
8.977016762154653406e+01,9.611333819496292108e+01
9.926081305522018283e+01,1.647809492738958284e+02
