7.329531434273786772e+01,1.212356349311579038e+02
1.570363034633876964e+02,1.832039668804387702e+02
1.693183152010830668e+02,1.809708738372214611e+02
1.972319782412996005e+02,1.748298679683738328e+02
6.302523046218027503e+00,1.530572107970048137e+02
1.579316847989167627e+01,1.441248386241355206e+02
1.858453478391328417e+01,1.859953331844604349e+02
1.966737049804953017e+02,2.122341764422640722e+02
2.139801760654295890e+02,2.033018042693947791e+02
3.254136630402166475e+01,1.379838327552878354e+02
