1.374391768872186503e+01,2.202130426228633269e+02
2.191553073501266340e+02,4.664467497649127381e+00
2.250242041975953384e+02,4.664467497649127381e+00
1.972803281913796241e+02,1.053336434511783182e+01
5.589326777508796340e+01,8.256073474587009287e+01
6.282923677664194884e+01,8.576195120812573691e+01
7.083227793228110158e+01,1.172405797536397358e+02
2.138199465797004564e+02,7.882598220657183674e+01
2.202223795042118013e+02,7.829244612952922466e+01
2.068839775781465846e+02,5.535039481669701900e+01
1.999480085765925992e+02,1.092375385980005831e+02
1.999480085765925992e+02,2.067054980892737603e+01
