2.109154652160866021e+02,2.125191051577470489e+02
2.153816513025212203e+02,2.203349308090077159e+02
2.259888432578035804e+02,2.197766575482033602e+02
2.287802095618253020e+02,2.253593901562466897e+02
1.199169237049804906e+02,1.751147966838568095e+02
1.400147610939364426e+02,2.013536399416603899e+02
2.215226571713689623e+02,2.292673029818770090e+02
1.070766387064808214e+02,2.052615527672907092e+02
1.461557669627840710e+02,1.204040171250322260e+02
1.483888600060014369e+02,1.148212845169888965e+02
1.629039647869140595e+02,1.377104882099665133e+02
1.612291450045010492e+02,1.533421395124878472e+02
1.690449706557616878e+02,9.193208082401127967e+01
1.751859765246093161e+02,9.193208082401127967e+01
1.941672673919566137e+02,9.137380756320698083e+01
1.941672673919566137e+02,9.583999364964159895e+01
2.064492791296519840e+02,9.807308669285896485e+01
2.036579128256302624e+02,7.853352256470731163e+01
2.220809304321732611e+02,2.125191051577470489e+02
2.298967560834338997e+02,2.119608318969427216e+02
2.259888432578035804e+02,2.013536399416603899e+02
2.215226571713689623e+02,2.035867329848777558e+02
1.617874182653054049e+02,9.863135995366326370e+01
1.193586504441761349e+02,7.741697604309865710e+01
2.836010893307002334e+01,6.011050495816436978e+01
6.297305110293859798e+01,5.229467930690367439e+01
7.246369653661224675e+01,5.843568517575135957e+01
8.921189436074223522e+01,5.285295256770803007e+01
8.362916175269890573e+01,6.178532474057732315e+01
5.470905240092406530e+00,3.166632356122477177e+00
