4.091546521608660214e+01,4.251910515774704891e+01
4.538165130252122026e+01,5.033493080900771588e+01
5.598884325780358040e+01,4.977665754820336019e+01
5.878020956182530199e+01,5.535939015624668968e+01
6.380466890906421895e+01,6.485003558992033845e+01
6.603776195228152801e+01,7.210758798037667816e+01
5.654711651860787924e+01,6.931622167635501341e+01
5.152265717136896228e+01,5.926730298187700896e+01
2.640036043517403641e+01,8.159823341405029851e+01
3.142481978241295337e+01,7.601550080600699744e+01
2.195629086734729185e+02,1.348889559592180376e+01
2.206794551950815162e+02,8.048168689244164398e+01
2.234708214991032378e+02,1.904615192708951099e+02
2.072808969357775482e+02,1.580816701442438443e+02
1.899744258508432608e+02,2.077679903558293972e+02
9.283487847088946410e+01,1.910197925316994088e+02
7.999459347238990858e+01,1.619895829698741636e+02
7.441186086434657909e+01,1.686888620995261476e+02
5.543056999699928156e+01,1.552903038402221796e+02
3.644927912965198402e+01,1.664557690563087817e+02
3.030827326080435569e+01,1.670140423171131374e+02
1.746798826230468649e+01,1.625478562306784625e+02
2.249244760954360345e+01,1.597564899266568545e+02
2.249244760954360345e+01,1.530572107970048137e+02
2.584208717436962388e+01,9.220542536933260180e+01
3.924064543367359192e+01,1.067205301502452812e+02
8.836869238445484598e+01,2.186299450798674116e+01
9.339315173169387663e+01,3.526155276729070920e+01
2.919172673919564431e+01,2.100010833990467063e+02
3.365791282563026243e+01,2.122341764422640722e+02
2.584208717436962388e+01,2.267492812231766948e+02
3.030827326080435569e+01,2.233996416583506743e+02
2.081762782713070692e+01,2.211665486151333653e+02
5.487229673619486903e+01,1.899032460100907542e+02
6.045502934423819852e+01,8.773923928289798368e+01
6.380466890906421895e+01,9.108887884772394727e+01
5.710538977941229177e+01,1.022543440638106063e+02
1.034420704261718242e+02,1.078370766718539357e+02
1.307974602055840592e+02,6.373348906831168392e+01
9.060178542767215504e+01,7.322413450198533269e+01
9.953415760054150496e+01,7.992341363163731671e+01
5.208093043217326112e+01,4.251910515774704891e+01
5.989675608343389968e+01,4.196083189694272164e+01
6.212984912665120873e+01,2.744572711603007065e+01
5.598884325780358040e+01,3.135363994166038992e+01
5.152265717136896228e+01,3.358673298487775583e+01
2.111888097614078674e+02,1.324011001472445059e+02
1.858453478391328417e+01,2.273075544839810505e+02
9.395142499249817547e+01,5.647593667785537264e+01
6.492121543067293032e+01,1.167694488447232288e+02
6.882912825630324960e+01,1.195608151487448936e+02
