1.952838139135653250e+02,1.723234303798351448e+02
1.980751802175869329e+02,1.700903373366177789e+02
2.042161860864346750e+02,1.578083255989224654e+02
2.170564710849342305e+02,1.745565234230524538e+02
2.243140234753905702e+02,1.779061629878784743e+02
1.148924643577415168e+02,1.494342266868575280e+02
1.070766387064808214e+02,1.633910582069657949e+02
2.081240989120649942e+02,1.790227095094871288e+02
8.642052805672057048e+01,1.812558025527044379e+02
9.758599327280717262e+01,1.834888955959218038e+02
1.930507208703480160e+02,2.052615527672907092e+02
2.181730176065429418e+02,2.175435645049860511e+02
2.109154652160866021e+02,2.074946458105080751e+02
