2.209643839105645498e+02,1.706486105974221346e+02
1.556464123964577198e+02,2.024701864632691013e+02
1.623456915261097038e+02,1.963291805944214161e+02
1.215917434873935008e+02,2.275924831994640272e+02
1.394564878331320870e+02,2.203349308090077159e+02
1.416895808763494529e+02,2.130773784185513762e+02
1.500636797884143903e+02,2.220097505914206977e+02
1.517384995708274005e+02,2.114025586361383944e+02
6.911405697178622631e+01,2.298255762426813646e+02
3.450111480191765168e+01,2.069363725497037194e+02
3.729248110593931642e+01,2.013536399416603899e+02
6.185650458132994345e+01,1.985622736376387252e+02
8.474570827430756026e+01,2.203349308090077159e+02
7.972124892706858645e+01,2.153104714617687137e+02
4.231694045317829023e+01,1.857219886391391128e+02
