1.384500415215734392e+01,1.622745116853571403e+02
2.668528915065701312e+01,1.499924999476618268e+02
2.891838219387432218e+01,1.421766742964011883e+02
3.170974849789598693e+01,1.360356684275535599e+02
5.236585914765629468e+01,9.472344712803294442e+01
6.073995805972128892e+01,9.304862734561993420e+01
5.404067893006930490e+01,7.965006908631596616e+01
5.236585914765629468e+01,7.295078995666398214e+01
5.470905240092406530e+00,5.899395843655565841e+01
7.145725022505359902e+00,5.061985952449072101e+01
1.161191110894003486e+01,5.676086539333834935e+01
2.836010893307002334e+01,4.392058039483873699e+01
3.282629501950464146e+01,4.280403387323002562e+01
6.029178500896705373e+00,7.239251669585968330e+01
1.663637045617900867e+01,7.518388299988129120e+01
4.231694045317829023e+01,1.159378310385975510e+02
7.413851631902525696e+01,2.493928952749143946e+01
8.139606870948153983e+01,2.326446974507842924e+01
6.185650458132994345e+01,3.777957452599105181e+01
6.464787088535160819e+01,4.336230713403438131e+01
4.912631979288050843e+00,4.392058039483873699e+01
3.896730088835232664e+01,9.751481343205460917e+01
6.369830035413463065e+01,6.262189131870110259e+01
8.717388774400944840e+01,1.798778535843609916e+00
