1.101159390568416825e+02,1.607925294945412702e+02
7.143476187617977757e+00,1.159754990229620262e+02
1.247883695804409854e+01,1.069053857132377061e+02
1.941480595959802713e+01,1.122407464836637701e+02
1.781419772847021932e+01,1.175761072540898908e+02
1.621358949734235466e+01,9.516759201830029724e+01
1.674712557438499516e+01,8.769808693970372815e+01
5.009331879447586289e+00,5.942067485644543012e+01
1.896128145361905695e+02,2.290851473559952751e+02
2.013506082311279783e+02,2.253503948166970190e+02
1.650701549922304707e+02,2.285516112789526630e+02
1.986829278459148895e+02,1.778656839599047430e+02
1.965487835377444412e+02,5.621945839418975766e+01
2.002835360770426973e+02,1.079724578673229303e+02
2.157560823112783623e+02,1.026370970968968095e+02
1.720061239937844562e+02,1.415852307210072922e+02
1.255884852910773475e+02,1.255791484097290436e+02
1.266555574451626285e+02,1.202437876393029228e+02
4.075624904130239656e+01,1.399846224898794844e+02
3.968917688721717241e+01,1.351827977964960041e+02
6.076404033532753601e+00,1.325151174112829722e+02
8.744084418745842413e+00,1.287803648719846592e+02
1.543994334513783429e+02,1.074389217902802898e+02
1.693384436085713673e+02,1.282468287949420755e+02
1.565335777595486775e+02,1.255791484097290436e+02
1.570671138365913180e+02,8.503040655449069618e+01
1.549329695284208697e+02,1.026370970968968095e+02
1.576006499136339585e+02,9.890234455759855337e+01
1.602683302988470473e+02,9.516759201830029724e+01
1.688049075315287268e+02,8.236272616927766421e+01
1.682713714544862000e+02,7.542675716772373562e+01
2.061524329245114018e+02,1.197102515622603391e+02
1.271890935222051553e+02,1.511888801077743096e+02
1.186525162895234189e+02,1.154419629459194425e+02
1.037135061323303376e+02,1.751980035746917110e+02
8.557327951288164058e+01,1.645272820338395263e+02
8.717388774400944840e+01,1.703961788813082308e+02
8.343913520471119227e+01,1.746644674976491274e+02
7.383548581794423171e+01,1.746644674976491274e+02
8.077145481949816030e+01,1.842681168844160879e+02
4.502453765764329319e+01,1.042377053280246173e+02
5.409465096736767009e+01,1.010364888657690017e+02
6.956719720160333509e+01,8.663101478561850399e+01
1.191860523665660594e+02,1.140242792261057048e+01
1.618689385299748551e+02,1.394510864128368439e+02
