1.042852724024591566e+02,1.005795242813975960e+02
1.612291450045010492e+02,6.819967515474633046e+01
7.023060349339493769e+01,2.130472124718244231e+01
7.413851631902525696e+01,7.906162987878474269e+00
8.820544804918370119e+00,2.060931705734163870e+02
1.998601002100502910e+01,2.206082753543290664e+02
1.640030828381453034e+02,3.134127134977956075e+01
1.666707632233582785e+02,3.774370427429090569e+01
1.944146392295739929e+02,2.154112179294798466e+02
1.560000416825061507e+02,1.807313729217102605e+02
