1.763025230462180275e+02,1.530572107970048137e+02
1.857931684798916763e+02,1.441248386241355206e+02
1.885845347839132842e+02,1.859953331844604349e+02
3.226802175870034262e+01,5.926730298187700896e+01
9.981908631602453852e+01,8.103996015324597124e+01
9.144498740395954428e+01,1.061622568894409255e+02
2.724356241146136881e+01,4.977665754820336019e+01
2.025413663040216647e+02,1.379838327552878354e+02
6.129823132052558776e+01,1.938111588357211303e+02
7.692988262304692171e+01,1.943694320965254292e+02
9.367808044717685334e+01,1.926946123141124190e+02
