2.528381391356532504e+01,2.323430379835144777e+00
2.807518021758693294e+01,9.033733661777887392e-02
4.705647108493423048e+01,4.556523423052453836e+00
5.431402347539057018e+01,7.906162987878474269e+00
3.812409891206499424e+01,9.022709509487128798e+00
8.725214586284613461e+01,1.181407581350879354e+01
9.339315173169387663e+01,7.906162987878474269e+00
2.305072087034801598e+01,3.526155276729070920e+01
4.817301760654294185e+01,4.754356450498605113e+01
6.547948869147722917e+01,4.475219820096438639e+01
7.720322716836818699e+01,3.805291907131237394e+01
1.386132858568446977e+02,6.486105974221345605e-01
4.091546521608660214e+01,3.749464581050807510e+01
