1.695364521851639097e+02,2.072101681972482652e+02
1.199175970202011854e+02,2.178808897381004783e+02
1.097804115563915843e+02,1.666614263420099746e+02
1.524632977198003232e+02,1.698626428042655903e+02
1.396584318707777470e+02,1.730638592665212627e+02
1.359236793314794909e+02,1.746644674976491274e+02
1.145822362497751215e+02,1.986735909645665288e+02
1.273871020987976976e+02,1.687955706501804229e+02
1.177834527120307371e+02,1.682620345731377824e+02
1.321038161167922453e+01,1.106401382525359622e+02
4.255486584902274672e+01,1.239785401786011789e+02
2.067988669027573678e+01,1.458535193373481889e+02
9.377432924511327883e+01,2.136126011217595817e+02
8.897250455172985539e+01,2.034754156579500091e+02
9.484140139919855983e+01,1.981400548875239451e+02
1.065791950941359687e+02,2.018748074268222013e+02
1.145822362497751215e+02,2.109449207365465497e+02
6.274412610125239098e+00,4.874995331559324541e+01
5.482619562100279609e+01,1.213108597933881470e+02
1.289877103299255054e+02,2.189479618921857025e+02
1.439267204871186436e+02,1.944053023482256322e+02
1.220517413283716337e+02,1.922711580400552407e+02
1.572651224131838603e+02,2.141461371988021938e+02
1.615334110295247569e+02,2.237497865855691828e+02
