2.025935456632629439e+01,1.240270012351795685e+02
2.952883481392007070e+00,2.010687112261774132e+02
2.807518021758693294e+01,1.474744781889614842e+02
2.952883481392007070e+00,1.128615360190929096e+02
2.137590108793500576e+01,1.396586525377008456e+02
1.615171773703991676e-01,1.552903038402221796e+02
1.188525565426135699e+01,1.765157119030789090e+00
1.188525565426135699e+01,6.429176232911601119e+01
1.076870913265264562e+01,7.992341363163731671e+01
1.076870913265264562e+01,9.108887884772394727e+01
5.744249785413728659e+00,9.108887884772394727e+01
4.627703263805017286e+00,1.089536231934625903e+02
7.197904381746980107e-01,1.971607984005470939e+02
1.858453478391328417e+01,1.742715947075694771e+02
2.863345347839134547e+01,1.742715947075694771e+02
2.394610220587708227e+00,1.513823910145918035e+02
1.836336959783409384e+00,1.005795242813975960e+02
7.419069567826738876e+00,1.022543440638106063e+02
2.394610220587708227e+00,1.245852744959838674e+02
1.690971500150038764e+01,1.335176466688532173e+02
2.394610220587708227e+00,1.876701529668734452e+02
3.511156742196419600e+00,1.809708738372214611e+02
