2.173298156302556094e+02,1.349191219059448485e+02
2.229125482382989389e+02,1.332443021235318952e+02
6.882912825630324960e+01,1.578083255989224654e+02
7.329531434273786772e+01,1.544586860340965018e+02
7.977342828631037719e+00,6.401841778379468906e+01
1.132698239345705815e+01,5.843568517575135957e+01
1.300180217586995468e+01,6.122705147977302431e+01
1.570363034633876964e+02,7.574215626068564688e+01
8.948523890606355735e+01,1.929795410295954525e+02
6.771258173469453823e+01,1.873968084215521230e+02
9.395142499249817547e+01,1.734399769014437993e+02
1.464291115081054500e+02,1.522255929908791927e+02
1.520118441161486658e+02,1.511090464692704813e+02
1.855082397644086427e+02,1.661824245109874596e+02
1.832751467211913337e+02,1.617162384245528415e+02
1.899744258508432608e+02,1.505507732084661825e+02
1.788089606347567155e+02,1.220788369074452362e+02
1.882996060684302506e+02,1.176126508210105612e+02
1.838334199819956325e+02,1.086802786481412681e+02
1.838334199819956325e+02,1.036558193009022375e+02
1.849499665036043439e+02,1.326860288627275395e+02
1.732262280267133860e+02,1.310112090803145293e+02
1.693183152010830668e+02,1.293363892979015759e+02
1.441960184648880272e+02,1.298946625587058747e+02
9.450969825330247431e+01,1.310112090803145293e+02
9.116005868847656757e+01,1.354773951667492042e+02
9.283487847088946410e+01,1.405018545139881780e+02
1.051168902085848345e+02,1.382687614707708690e+02
1.056751634693891333e+02,1.343608486451405497e+02
1.129327158598454730e+02,1.293363892979015759e+02
1.157240821638670809e+02,1.248702032114669009e+02
5.989675608343389968e+01,1.209622903858365817e+02
3.589100586884768518e+01,9.025726104159826946e+01
3.477445934723897381e+01,9.528172038883730011e+01
4.091546521608660214e+01,9.695654017125025348e+01
1.914280804471769670e+01,6.848460387022930718e+01
1.185154484678888025e+02,1.377382431140478047e+01
1.196319949894974002e+02,9.307638224970105512e+00
1.693183152010830668e+02,3.442993496116508823e+01
1.989067980237126108e+02,5.508604561092533913e+01
1.721096815051046747e+02,4.838676648127335511e+01
1.475456580297140476e+02,1.433209757220907932e+01
1.587111232458007066e+02,1.042418474657876004e+01
1.397298323784534091e+02,1.237536566898582464e+02
1.319140067271927705e+02,1.170543775602062624e+02
1.330305532488013682e+02,1.120299182129672317e+02
2.279370075855378559e+02,9.918963321446761938e+01
1.983485247629083119e+02,6.513496430540334359e+01
1.776924141131480042e+02,4.280403387323002562e+01
1.916492456332562710e+02,5.341122582851238576e+01
1.927657921548649824e+02,4.727021995966470058e+01
1.899744258508432608e+02,4.224576061242572678e+01
1.944406119372779926e+02,3.833784778679540750e+01
1.855082397644086427e+02,3.833784778679540750e+01
