9.506797151410688684e+01,5.759248319946402717e+01
7.887804695078119721e+01,6.261694254670302939e+01
7.441186086434657909e+01,7.657377406681132470e+01
7.217876782112927003e+01,8.997233232611529274e+01
6.268812238745562126e+01,1.257018210175925788e+02
6.492121543067293032e+01,1.178859953663319402e+02
5.878020956182530199e+01,1.653392225347001840e+02
5.040611064976025091e+01,1.787377807940041521e+02
1.737845012875176849e+02,3.637809928889942057e+01
1.754593210699306951e+02,3.916946559292108532e+01
