1.523489521908737743e+01,1.231953834290538907e+02
4.314855825930391120e+01,1.198457438642279271e+02
6.659603521308594054e+01,1.075637321265326136e+02
1.028837971653675254e+02,5.229467930690367439e+01
6.938740151710754844e+01,5.173640604609937554e+01
4.538165130252122026e+01,4.838676648127335511e+01
4.593992456332563279e+01,3.498820822196938707e+01
6.860796307022326346e+00,8.076661560792462069e+01
2.268204610639292582e+02,8.299970865114198659e+01
2.162132691086468981e+02,7.630042952149000257e+01
2.206794551950815162e+02,7.741697604309865710e+01
1.425211986824750170e+02,9.918963321446761938e+01
4.259028499849961236e+01,7.406733647827263667e+01
