1.751859765246093161e+02,1.709219551427434567e+02
1.779773428286310377e+02,1.675723155779174931e+02
1.740694300030007184e+02,1.614313097090698648e+02
1.874679882623046865e+02,1.162111755839189300e+02
1.924924476095436034e+02,1.106284429758756005e+02
1.991917267391956443e+02,9.443851841254996771e+01
1.824435289150656558e+02,9.443851841254996771e+01
1.779773428286310377e+02,1.848787866628517804e+02
1.824435289150656558e+02,1.826456936196344714e+02
2.198478373889559521e+02,2.116759031814597165e+02
2.231974769537819725e+02,2.161420892678943915e+02
1.690449706557616878e+02,2.088845368774380518e+02
1.684866973949573890e+02,2.016269844869817689e+02
1.958420871743696239e+02,7.906162987878474269e+00
2.030996395648259636e+02,1.572198863913911282e+01
1.478305867451970812e+02,1.184442686271362390e+02
1.545298658748490652e+02,1.184442686271362390e+02
1.539715926140447664e+02,7.322413450198533269e+01
1.573212321788707300e+02,8.103996015324597124e+01
1.634622380477183583e+02,8.606441950048497347e+01
1.623456915261097038e+02,7.713204732761565197e+01
1.455974937019797721e+02,1.083953499326582914e+02
1.388982145723277881e+02,9.443851841254996771e+01
1.813269823934570582e+02,1.558485771010265353e+02
1.874679882623046865e+02,1.586399434050481432e+02
1.986334534783913455e+02,1.625478562306784625e+02
1.852348952190873774e+02,1.402169257985052013e+02
1.830018021758699547e+02,1.441248386241355206e+02
1.617874182653054049e+02,1.385421060160921911e+02
1.489471332668057357e+02,1.619895829698741636e+02
1.511802263100231016e+02,1.508241177537875046e+02
2.047744593472389738e+02,1.904615192708951099e+02
1.584377787004793845e+02,9.834643123818028698e+01
1.522967728316317562e+02,1.072788034110495801e+02
1.757442497854137287e+02,1.273766408000055890e+02
1.746277032638050173e+02,1.173277221055275845e+02
2.003082732608043557e+02,1.195608151487448936e+02
2.003082732608043557e+02,1.346341931904618718e+02
2.058910058688476852e+02,1.999521647045687587e+02
