1.735111567421964196e+02,8.885578580450663821e+01
1.595543252220880390e+02,1.418917455809181547e+02
1.578795054396750857e+02,1.474744781889614842e+02
1.098680050105024861e+02,2.167003625286987472e+02
1.891428080447176967e+02,2.194917288327203551e+02
1.936089941311523148e+02,2.161420892678943915e+02
2.181730176065429418e+02,2.010687112261774132e+02
2.220809304321732611e+02,1.407751990593095570e+02
2.215226571713689623e+02,1.446831118849398763e+02
2.276636630402165906e+02,1.430082921025268661e+02
2.282219363010208895e+02,1.469162049281571853e+02
1.629039647869140595e+02,3.749464581050807510e+01
2.198478373889559521e+02,2.233996416583506743e+02
2.209643839105645498e+02,2.183751823111117005e+02
1.294075691386541394e+02,5.368457037383370789e+01
2.231974769537819725e+02,1.145363558015059198e+02
1.719464371698336436e+01,1.050457103678322710e+02
