1.629360106840600224e+02,1.807313729217102605e+02
1.592012581447617663e+02,1.759295482283267802e+02
1.922804949214035446e+02,2.116764653901815905e+02
1.362592068319295890e+02,2.090087850049685585e+02
1.511982169891226135e+02,1.625911463022615067e+02
1.341250625237591407e+02,1.599234659170484747e+02
1.896128145361905695e+02,5.908514735599527512e+01
2.013506082311279783e+02,5.535039481669701900e+01
1.650701549922304707e+02,5.855161127895266304e+01
1.986829278459148895e+02,7.865683959904743006e+00
1.037135061323303376e+02,5.198003574691711037e+00
8.717388774400944840e+01,3.961788813082307570e-01
8.343913520471119227e+01,4.664467497649127381e+00
7.383548581794423171e+01,4.664467497649127381e+00
8.077145481949816030e+01,1.426811688441608794e+01
