1.455974937019797721e+02,2.063780992888994206e+02
1.478305867451970812e+02,2.119608318969427216e+02
2.298967560834338997e+02,1.427349475572055439e+02
1.377816680507191336e+02,1.907464479863780866e+02
1.467140402235884267e+02,1.840471688567261026e+02
1.014939060984374919e+02,2.203349308090077159e+02
1.042852724024591566e+02,2.248011168954423624e+02
8.083779544867724098e+01,2.231262971130293806e+02
1.562046856572620754e+02,1.885133549431607776e+02
2.164981978241299316e+02,1.539004127732921461e+02
2.254305699969992816e+02,1.539004127732921461e+02
1.841183486974786661e+02,1.823723490743130924e+02
1.941672673919566137e+02,1.717651571190307891e+02
2.008665465216086545e+02,1.739982501622481550e+02
1.271744760954367734e+02,2.114025586361383944e+02
1.355485750075017677e+02,2.002370934200517354e+02
8.307088849189455004e+01,2.052615527672907092e+02
8.362916175269890573e+01,2.108442853753340671e+02
7.078887675419923653e+01,1.996788201592474365e+02
6.241477784213424229e+01,1.991205468984430809e+02
3.952557414915662548e+01,2.130773784185513762e+02
1.701615171773703992e+02,1.957709073336170604e+02
2.148233780417169214e+02,1.784644362486827731e+02
