1.706035243392490770e+02,9.466292191032607661e+00
1.690029161081212692e+02,1.586872511554389575e+01
1.000916514942360891e+01,1.108381468291283909e+02
1.427745376576439185e+01,1.092375385980005831e+02
6.122862854551414102e+01,6.708818851163442787e+01
8.942092995338327910e+00,2.387176627118304850e+01
1.534452591984967285e+01,2.974066311865175294e+01
1.855425344964422152e+02,2.920712704160911244e+01
1.860760705734847420e+02,3.294187958090742541e+01
1.588657306443116681e+02,2.760651881048130463e+01
1.534452591984967285e+01,1.620576102252189230e+02
