6.882912825630324960e+01,2.912054689844308086e+01
6.994567477791184729e+01,2.242126776879109684e+01
8.334423303721581533e+01,2.353781429039975137e+01
8.669387260204183576e+01,1.683853516074776735e+01
7.999459347238990858e+01,1.404716885672610260e+01
8.948523890606355735e+01,1.181407581350879354e+01
9.339315173169387663e+01,2.881703640639443620e+00
9.897588433973720612e+01,1.206883858226490247e+00
5.208093043217326112e+01,5.200975059142069767e+01
6.101330260504261105e+01,4.642701798337736818e+01
7.943632021158549605e+01,2.881703640639443620e+00
