1.695364521851639097e+02,3.721016819724826519e+01
2.138199465797004564e+02,1.209753322929379920e+02
2.159540908878709047e+02,1.172405797536397358e+02
2.266248124287231462e+02,1.188411879847675436e+02
1.759388851096751409e+02,1.108381468291283909e+02
1.199175970202011854e+02,4.788088973810047833e+01
1.396584318707777470e+02,3.063859266521262725e+00
1.359236793314794909e+02,4.664467497649127381e+00
1.145822362497751215e+02,2.867359096456652878e+01
9.377432924511327883e+01,4.361260112175958170e+01
2.202223795042118013e+02,1.001674252882762062e+02
1.471279369493742593e+02,9.216438413263705343e+01
1.497956173345873481e+02,8.789609551629621365e+01
1.513962255657151559e+02,9.376499236376491808e+01
8.897250455172985539e+01,3.347541565795000906e+01
9.484140139919855983e+01,2.814005488752394513e+01
1.065791950941359687e+02,3.187480742682220125e+01
1.145822362497751215e+02,4.094492073654654973e+01
1.289877103299255054e+02,4.894796189218570248e+01
1.439267204871186436e+02,2.440530234822563216e+01
1.220517413283716337e+02,2.227115804005524069e+01
1.572651224131838603e+02,4.414613719880219378e+01
1.615334110295247569e+02,5.374978658556918276e+01
