4.426510478091262257e+01,4.224576061242572678e+01
7.197904381746980107e-01,1.360356684275535599e+02
4.984783738895595206e+01,1.728817036406394436e+02
3.700755239045628286e+01,1.539004127732921461e+02
8.725214586284613461e+01,1.103550984305542784e+02
8.501905281962882555e+01,1.153795577777932522e+02
5.598884325780358040e+01,6.401841778379468906e+01
6.101330260504261105e+01,6.346014452299033337e+01
4.984783738895595206e+01,6.122705147977302431e+01
9.652162611044047935e+00,1.494342266868575280e+02
2.807518021758693294e+01,1.656241512501831608e+02
3.756582565126058171e+01,1.756730699446611084e+02
