2.061643504141689505e+02,3.724905616926776020e+00
2.279370075855378559e+02,5.117813278529501986e+01
1.749010478091262826e+02,1.103550984305542784e+02
8.948523890606355735e+01,1.935378142903997514e+02
7.106222129952055866e+01,2.035867329848777558e+02
6.715430847389023938e+01,2.108442853753340671e+02
8.055286673319420743e+01,2.181018377657903784e+02
8.948523890606355735e+01,2.052615527672907092e+02
8.892696564525914482e+01,2.108442853753340671e+02
8.892696564525914482e+01,2.225680238522250249e+02
9.171833194928086641e+01,2.186601110265947057e+02
9.785933781812849475e+01,2.141939249401600591e+02
1.095830762950194526e+02,1.784644362486827731e+02
1.162823554246714934e+02,1.645076047285745062e+02
1.101413495558237514e+02,1.678572442934004698e+02
1.659686756362570463e+02,1.254284764722711998e+02
1.676434954186700566e+02,1.192874706034235714e+02
1.012089773829545152e+02,1.723234303798351448e+02
9.506797151410688684e+01,1.940960875512041071e+02
9.953415760054150496e+01,1.996788201592474365e+02
1.726679547659089735e+02,9.583999364964159895e+01
