1.961281453619056947e+01,2.290851473559952751e+02
3.135060823112797834e+01,2.253503948166970190e+02
2.868292784591488953e+01,1.778656839599047430e+02
1.428596483330333626e+02,1.250456123326864031e+02
1.439267204871186436e+02,1.170425711770472503e+02
1.460608647952890919e+02,1.122407464836637701e+02
1.503291534116298749e+02,1.010364888657690017e+02
1.225852774054141605e+02,2.900911846501668379e+01
1.332559989462664021e+02,2.527436592571842766e+01
1.471279369493742593e+02,1.887193300120713957e+01
1.188505248661159044e+02,1.673778869303669126e+01
1.924785034979960869e+02,7.435968501363851146e+01
1.983474003454647914e+02,5.995421093348807062e+01
2.271583485057656731e+02,4.554873685333757294e+01
2.654878353774444122e+01,5.621945839418975766e+01
3.028353607704269734e+01,1.079724578673229303e+02
4.575608231127836234e+01,1.026370970968968095e+02
2.006123993784456161e+00,1.415852307210072922e+02
2.004815446536352397e+02,1.106401382525359622e+02
2.100851940404022002e+02,1.122407464836637701e+02
2.212894516582969686e+02,1.245120762556438194e+02
1.946126478061665352e+02,8.503040655449069618e+01
1.956797199602517026e+02,9.570112809534288090e+01
2.106187301174448407e+02,1.010364888657690017e+02
2.138199465797004564e+02,9.943588063464113702e+01
2.186217712730839935e+02,1.037041692509820336e+02
2.191553073501266340e+02,9.783527240351332921e+01
1.647346274917803726e+02,9.730173632647074555e+01
1.604663388754394759e+02,1.037041692509820336e+02
1.604663388754394759e+02,1.111736743295785459e+02
1.727376686474195253e+02,1.037041692509820336e+02
1.775394933408030624e+02,9.943588063464113702e+01
1.844754623423569342e+02,1.005029527887263612e+02
1.818077819571438454e+02,8.609747870857592034e+01
1.855425344964422152e+02,8.716455086266114449e+01
1.172499166349880966e+02,1.186431794081751150e+02
1.780730294178455893e+02,5.728653054827498181e+01
1.337895350233090426e+02,1.213108597933881470e+02
1.252529577906272493e+02,1.351827977964960041e+02
1.305883185610533133e+02,1.319815813342403317e+02
7.776824693383497333e+01,1.511888801077743096e+02
1.028444425548375989e+02,1.458535193373481889e+02
3.615243292451140178e+01,1.197102515622603391e+02
8.950604062877238221e+01,1.389175503357942603e+02
1.225852774054141605e+02,1.266462205638142677e+02
1.241858856365420820e+02,1.229114680245159548e+02
1.764724211867177814e+02,1.186431794081751150e+02
1.802071737260160376e+02,1.229114680245159548e+02
1.834083901882717669e+02,1.250456123326864031e+02
2.255577402746378652e+02,1.213108597933881470e+02
2.271583485057656731e+02,1.170425711770472503e+02
2.191553073501266340e+02,1.170425711770472503e+02
9.217372101398547102e+01,3.167679885022977260e+01
7.830178301087761383e+01,2.153961338642017154e+01
1.145822362497751215e+02,2.047254123233494738e+01
