3.142481978241295337e+01,1.692471353603305033e+02
2.137590108793500576e+01,1.887866994884820997e+02
4.593992456332563279e+01,1.910197925316994088e+02
4.984783738895595206e+01,1.971607984005470939e+02
2.137590108793500576e+01,2.161420892678943915e+02
1.882996060684302506e+02,1.943694320965254292e+02
1.821586001995826223e+02,1.848787866628517804e+02
1.961154317196910029e+02,1.921363390533081201e+02
1.637355825930397373e+02,1.753881412291781317e+02
8.390250629802022786e+01,1.714802284035478124e+02
7.162049456032485750e+01,1.720385016643521112e+02
4.370683152010832373e+01,1.692471353603305033e+02
1.782506873739523030e+02,1.899032460100907542e+02
