1.696032439165659866e+02,7.071769691344667308e+01
1.802104358718483468e+02,6.346014452299033337e+01
7.190542327580789106e+01,5.061985952449072101e+01
8.027952218787288530e+01,5.508604561092533913e+01
9.479462696878550787e+01,5.173640604609937554e+01
1.137759178361328054e+02,4.392058039483873699e+01
1.148924643577415168e+02,4.950331300288200964e+01
1.065183654456765225e+02,4.559540017725169037e+01
8.362916175269890573e+01,3.331338843955637685e+01
1.640205113085227708e+02,1.047723658225109489e+02
1.634622380477183583e+02,9.583999364964159895e+01
1.701615171773703992e+02,8.914071451998961493e+01
1.629039647869140595e+02,8.467452843355493997e+01
1.936089941311523148e+02,7.685870278229430141e+01
