2.584208717436962388e+01,1.784644362486827731e+02
7.419069567826738876e+00,1.343608486451405497e+02
6.771258173469453823e+01,1.349191219059448485e+02
5.319747695378197250e+01,1.444097673396184973e+02
1.970108130552199555e+01,1.432932208180098428e+02
9.093889350239635405e+00,2.114025586361383944e+02
1.858453478391328417e+01,2.153104714617687137e+02
3.477445934723897381e+01,2.153104714617687137e+02
1.816003269387783234e+02,2.275924831994640272e+02
1.894161525900389620e+02,1.868385351607477673e+02
1.553614836809746862e+02,2.186601110265947057e+02
