5.676233135258070206e+01,2.036734242345424377e+02
7.490255797202945587e+01,1.716612596119858836e+02
1.010458257471173056e+02,1.753960121512841397e+02
1.079817947486712342e+02,1.780636925364972285e+02
1.005122896700747219e+02,1.673929709956449869e+02
1.053141143634582022e+02,1.513868886843666814e+02
1.207866605976938672e+02,1.663258988415598196e+02
1.117165472879694903e+02,1.631246823793040903e+02
1.287897017533330768e+02,1.620576102252189230e+02
1.234543409829068992e+02,1.844661254610085166e+02
1.293232378303756036e+02,1.892679501543919969e+02
1.223872688288217319e+02,1.727283317660711077e+02
1.415945676023556530e+02,2.067054980892737603e+01
1.373262789860147564e+02,6.868879674276223568e+01
1.421281036793982935e+02,7.349062143614571596e+01
1.421281036793982935e+02,8.576195120812573691e+01
1.261220213681199880e+02,1.289783734485771447e+02
8.717388774400944840e+01,1.657923627645171791e+02
1.149177637502251628e+02,1.807313729217102605e+02
1.565335777595486775e+02,8.896316767038138096e+01
1.325244542926313329e+02,8.202719866882748079e+01
