1.916492456332562710e+02,2.281507564602683544e+02
2.095139899789949709e+02,1.198457438642279271e+02
2.139801760654295890e+02,1.310112090803145293e+02
1.743427745483219837e+02,1.192874706034235714e+02
1.782506873739523030e+02,1.198457438642279271e+02
1.821586001995826223e+02,1.220788369074452362e+02
1.709931349834959633e+02,1.243119299506625453e+02
2.033729841101472289e+02,4.838676648127335511e+01
2.106305365006035686e+02,4.894503974207771080e+01
2.072808969357775482e+02,6.234359800138167884e+01
2.123053562830165788e+02,6.625151082701199812e+01
1.218650880327148229e+02,1.042140925617065932e+02
1.151658089030627821e+02,1.042140925617065932e+02
1.229816345543234206e+02,1.103550984305542784e+02
1.252147275975407297e+02,1.153795577777932522e+02
6.157157586584690989e+01,1.142630112561845976e+02
6.268812238745562126e+01,1.081220053873369125e+02
1.302391869447797603e+02,1.198457438642279271e+02
1.352636462920187910e+02,1.209622903858365817e+02
8.278595977641151649e+01,1.170543775602062624e+02
9.004351216686785619e+01,1.159378310385975510e+02
1.045586169477805356e+02,1.120299182129672317e+02
1.157240821638670809e+02,1.109133716913585772e+02
5.598884325780358040e+01,1.064471856049239022e+02
5.766366304021659062e+01,9.918963321446761938e+01
8.942092995338327910e+00,6.600603229227090196e+00
1.427745376576439185e+01,1.353657223078101879e+01
2.121342276731837728e+01,1.727132477007927491e+01
9.644200963032636764e+01,1.234450041015585953e+02
1.001767621696246238e+02,1.207773237163455633e+02
8.417067985834631827e+01,1.309145091801551075e+02
4.055157626565346618e-01,8.823162301674636865e+01
6.274412610125239098e+00,1.330486534883255558e+02
1.267684553463658403e+01,1.399846224898794844e+02
1.267684553463658403e+01,1.357163338735385878e+02
2.067988669027573678e+01,1.399846224898794844e+02
6.274412610125239098e+00,1.303809731031125239e+02
1.107623730350877622e+01,1.271797566408568514e+02
4.095425761789493890e+01,1.415852307210072922e+02
4.682315446536364334e+01,1.437193750291777405e+02
5.109144308170453996e+01,1.426523028750925164e+02
5.856094816030105221e+01,1.527894883389021174e+02
5.322558738987498828e+01,1.351827977964960041e+02
5.375912346691751509e+01,1.303809731031125239e+02
5.642680385213060390e+01,1.245120762556438194e+02
5.322558738987498828e+01,1.207773237163455633e+02
5.162497915874706678e+01,1.250456123326864031e+02
5.162497915874706678e+01,1.154419629459194425e+02
5.740876533082712285e+00,1.197102515622603391e+02
4.673804378997431286e+00,1.170425711770472503e+02
6.274412610125239098e+00,1.581248491093281814e+02
2.868292784591488953e+01,1.613260655715838539e+02
1.065791950941359687e+02,1.469205914914334130e+02
