1.266555574451626285e+02,2.168138175840152542e+02
1.271890935222051553e+02,2.125455289676743860e+02
3.382028003974846797e+01,1.463870554143907725e+02
3.915564081017458875e+01,1.437193750291777405e+02
1.330579903696738597e+02,1.415852307210072922e+02
1.399939593712278452e+02,1.479876636455186372e+02
1.218537327517790914e+02,1.357163338735385878e+02
3.008552750045021185e+01,1.133078186377489942e+02
1.426616397564408203e+02,9.943588063464113702e+01
1.469299283727817169e+02,9.410051986421507308e+01
3.275320788566324381e+01,1.362498699505812283e+02
4.555807373468587684e+01,1.197102515622603391e+02
2.314955849889628325e+01,1.127742825607064105e+02
1.666707632233582785e+02,1.021035610198542258e+02
1.271890935222051553e+02,1.960059105793534968e+02
7.063426935568855924e+01,1.832010447303308638e+02
5.622879527553811840e+01,1.837345808073734474e+02
1.426616397564408203e+02,1.661278902649673341e+02
1.442622479875687418e+02,1.634602098797543022e+02
