3.924064543367359192e+01,1.603147631874611534e+02
3.924064543367359192e+01,1.636644027522871738e+02
1.430794719432794295e+02,7.545722754520267017e+01
1.816003269387783234e+02,5.647593667785537264e+01
2.028147108493429300e+02,3.861119233211672963e+01
2.000233445453213221e+02,3.191191320246474561e+01
2.039312573709516414e+02,4.556523423052453836e+00
1.949988851980822915e+02,4.307737841855137617e+01
2.284952808463422684e+02,1.223521814527665583e+02
2.036827611158908553e+02,2.493883842526827266e+01
3.081707215408533784e+01,1.919356305396050288e+02
3.775304115563920959e+01,1.828655172298806519e+02
3.561889684746887497e+01,1.887344140773493564e+02
