3.282629501950464146e+01,9.639826691044595464e+01
3.617593458433066189e+01,1.014227262576849284e+02
1.729528834813920071e+02,8.802416799838096040e+01
1.020521793592418476e+02,1.628327849461614960e+02
1.042852724024591566e+02,1.583665988597268210e+02
5.571549871248225827e+01,2.208932040698120431e+02
9.367808044717685334e+01,2.181018377657903784e+02
1.584377787004793845e+02,1.656519061542644522e+01
1.629039647869140595e+02,1.991483018025240881e+01
1.740694300030007184e+02,2.270619648427407355e+01
2.053327326080432726e+02,1.589248721205311767e+02
2.125902849984996124e+02,1.516673197300748370e+02
2.181730176065429418e+02,1.488759534260531723e+02
1.762744126101252391e+02,4.288105646812454097e+01
1.869451341509774807e+02,5.515238624010459034e+01
6.049708389187895818e+01,9.249991163308720843e+01
5.729586742962334256e+01,1.021035610198542258e+02
5.249404273623980544e+01,1.101066021754933217e+02
5.943001173779373403e+01,1.154419629459194425e+02
6.903366112456075143e+01,1.191767154852176986e+02
1.234543409829068992e+02,2.168138175840152542e+02
1.325244542926313329e+02,2.088107764283761298e+02
1.367927429089721159e+02,2.056095599661204574e+02
1.394604232941852047e+02,2.162802815069726421e+02
2.248261956210027961e+02,3.932922844014058228e+00
2.237591234669175151e+02,8.201211460354954852e+00
2.248261956210027961e+02,1.300303615373843513e+01
2.253597316980454366e+02,1.940546907824972322e+01
1.981493917688722490e+02,4.466458921056641884e+00
1.261220213681199880e+02,3.399386766971417728e+00
1.346585986008017812e+02,1.407010830782365929e+01
