5.162497915874706678e+01,6.849078816616980703e+01
4.308840192606538722e+01,9.516759201830029724e+01
4.789022661944881065e+01,9.516759201830029724e+01
5.109144308170453996e+01,8.129565401519244006e+01
5.055790700466189946e+01,8.716455086266114449e+01
2.191553073501266340e+02,1.746644674976491274e+02
2.250242041975953384e+02,1.746644674976491274e+02
1.071127311711784955e+02,1.394510864128368439e+02
6.816459754706801277e+01,3.327740708135758041e+01
7.403349439453671721e+01,3.701215962065583653e+01
1.267684553463658403e+01,8.201211460354954852e+00
1.972803281913796241e+02,1.805333643451178318e+02
2.068839775781465846e+02,2.253503948166970190e+02
9.164018493694283052e+01,1.591919212634134055e+02
1.999480085765925992e+02,1.906705498089273760e+02
