9.450969825330247431e+01,1.672989710325961141e+02
9.674279129651978337e+01,1.717651571190307891e+02
1.034420704261718242e+02,1.784644362486827731e+02
1.140492623814541844e+02,1.784644362486827731e+02
1.157240821638670809e+02,1.712068838582264902e+02
5.185976524609316129e+00,1.444097673396184973e+02
1.123744425990411742e+02,1.566917790773138108e+02
9.652162611044047935e+00,1.287781160370972202e+02
5.152265717136896228e+01,1.153795577777932522e+02
2.640036043517403641e+01,8.076661560792462069e+01
