1.296305775702963388e+02,8.144905547714688510e+01
1.435270057539897266e+02,8.926579633047447260e+01
1.504752198458364205e+02,8.666021604603190553e+01
2.277741016176309472e+02,1.431144555422864073e+02
2.216944142872651469e+02,1.344291879274779831e+02
1.852162903050698901e+02,1.170586526978612483e+02
1.904274508739549105e+02,1.187957062208229218e+02
1.982441917272824981e+02,1.274809738356312891e+02
1.773995494517424163e+02,1.127160188904570646e+02
1.713198621213765023e+02,1.135845456519379013e+02
