5.296897730973824991e+01,3.541713711866248104e+01
5.991719140158500068e+01,3.454861035718164430e+01
1.233196449896861395e+02,3.802271740310499126e+01
1.250566985126478130e+02,3.107450331125829734e+01
1.580607154489196660e+02,1.196691455867983223e+01
1.554551351644772126e+02,2.238923569644992995e+01
1.441642872652262781e+02,3.020597654977746060e+01
1.537180816415155391e+02,3.541713711866248104e+01
1.467698675496687315e+02,4.583945825643252192e+01
1.554551351644772126e+02,5.278767234827924426e+01
1.102917435674735884e+02,3.454861035718164430e+01
1.207140647052436293e+02,1.370396808164150571e+01
1.658774563022472535e+02,2.325776245793076669e+01
