2.077979861035717590e+02,1.402776300075996119e+02
1.582919606991638943e+02,2.227876723482792443e+02
1.947700846813591511e+02,1.315923623927912445e+02
2.060609325806100856e+02,1.011939257409619017e+02
1.409214254695471595e+02,1.272497285853870608e+02
1.331046846162196857e+02,1.124847736402127794e+02
1.027062479643903430e+02,1.289867821083487343e+02
1.174712029095645107e+02,1.394091032461187751e+02
8.012455216588847406e+01,9.598276517207688130e+01
8.273013245033104113e+01,1.046680327868852487e+02
9.402098034958197559e+01,1.116162468787319426e+02
1.113915155791987104e+02,1.142218271631745097e+02
1.348417381391813592e+02,1.350664694387145914e+02
1.672209857778733522e+01,8.295486374986433020e+01
2.453883943111492272e+01,8.208633698838349346e+01
3.843526761480831055e+01,7.948075670394098324e+01
3.148705352296161664e+01,8.816602431874935064e+01
4.017232113776998403e+01,9.424571164911520782e+01
5.431250678536400756e+00,9.598276517207688130e+01
6.014843665182928589e+01,9.685129193355771804e+01
1.287620508088154452e+02,1.272497285853870608e+02
1.252879437628920982e+02,1.220385680165020403e+02
2.019620562371068218e+01,1.194329877320595301e+02
2.193325914667235566e+01,1.133533004016936161e+02
7.168304201498074235e+00,1.133533004016936161e+02
1.478696395613938535e+02,1.194329877320595301e+02
