1.910647323851915758e+02,7.774370318097930976e+01
2.006185267614807231e+02,8.729749755726851390e+01
2.223316957985016984e+02,8.295486374986433020e+01
7.555067310824006199e+01,1.255126750624253873e+02
1.901962056237106822e+02,1.185644609705786934e+02
1.928017859081532492e+02,1.133533004016936161e+02
1.398216534578220944e+02,1.020624525024427385e+02
1.450328140267070580e+02,1.055365595483660854e+02
1.528495548800346455e+02,1.003253989794810650e+02
1.684830365866897068e+02,1.037995060254044120e+02
1.537180816415155391e+02,1.133533004016936161e+02
1.276622787970903232e+02,1.194329877320595301e+02
4.688928997937239274e+01,1.706760666594289546e+02
1.346104928889370740e+02,9.250865812615353434e+01
2.093037943762890905e+02,8.990307784171102412e+01
