1.965071382043208246e+02,1.694682987732062429e+01
1.947700846813591511e+02,2.563209749212899169e+01
2.008497720117249514e+02,2.563209749212899169e+01
1.565549071762022209e+02,7.861222994246014650e+01
1.574234339376831144e+02,1.272497285853870608e+02
1.391843719465854861e+02,1.315923623927912445e+02
1.765310226902615227e+02,5.342495385951582421e+01
1.635031212680489148e+02,1.793613342742373220e+02
1.148656226251220573e+02,2.297358864401259382e+02
1.209453099554878577e+02,2.271303061556834280e+02
1.339732113777004656e+02,1.810983877971989955e+02
1.339732113777004656e+02,1.871780751275648527e+02
1.348417381391813592e+02,1.932577624579307667e+02
1.348417381391813592e+02,1.976003962653349504e+02
1.409214254695471595e+02,2.028115568342199708e+02
1.417899522310280531e+02,2.080227174031049913e+02
1.357102649006621391e+02,2.088912441645858280e+02
1.504752198458364205e+02,2.279988329171642647e+02
1.556863804147214410e+02,2.262617793942025912e+02
1.400528987080663796e+02,2.201820920638367340e+02
