7.555067310824006199e+01,3.454861035718164430e+01
1.250566985126478130e+02,1.187957062208229218e+02
1.233196449896861395e+02,1.118474921289762278e+02
1.085546900445119149e+02,1.300865541200738562e+02
6.425982520898918438e+01,6.320999348604928514e+01
7.033951253935504155e+01,6.581557377049182378e+01
6.425982520898918438e+01,5.887227228313975047e+00
8.597299424601010287e+01,3.368008359570080756e+01
9.726384214526103733e+01,3.368008359570080756e+01
9.986942242970354755e+01,3.194303007273913408e+01
1.042120562371077312e+02,3.020597654977746060e+01
1.693515633481706004e+02,1.057678047986103707e+02
1.658774563022472535e+02,9.534548366084027293e+01
1.597977689718813394e+02,1.214012865052654888e+02
1.710886168711322739e+02,1.231383400282271623e+02
1.954073661925957026e+02,1.379032949734013300e+02
1.988814732385190496e+02,1.292180273585929626e+02
1.476383943111496251e+02,1.118474921289762278e+02
1.571921886874388861e+02,1.101104386060145544e+02
2.205946422755400249e+02,1.405088752578438971e+02
2.266743296059059389e+02,1.439829823037672440e+02
2.223316957985016984e+02,1.474570893496905910e+02
2.145149549451741109e+02,1.535367766800564482e+02
1.858535718163065553e+02,9.447695689935949304e+01
2.006185267614807231e+02,8.318610900010858700e+01
