1.459013407881879516e+02,2.019430300727391341e+02
1.519810281185538656e+02,2.028115568342199708e+02
1.580607154489196660e+02,2.054171371186624810e+02
1.267937520356094865e+02,1.871780751275648527e+02
1.137658506133969354e+02,1.854410216046031792e+02
9.986942242970354755e+01,2.106282976875475015e+02
9.378973509933769037e+01,2.158394582564325219e+02
1.155029041363586089e+02,2.158394582564325219e+02
1.207140647052436293e+02,2.141024047334708484e+02
1.354790196504179107e+02,2.175765117793942238e+02
1.728256703940939474e+02,2.193135653023558973e+02
1.632718760178046864e+02,2.184450385408750606e+02
1.432957605037453845e+02,2.175765117793942238e+02
1.493754478341112986e+02,2.210506188253175708e+02
1.094232168059927517e+02,2.002059765497774606e+02
1.024750027141460578e+02,1.915207089349690932e+02
1.736941971555747273e+02,2.123653512105091750e+02
1.406901802193029312e+02,1.906521821734882565e+02
1.102917435674735884e+02,2.106282976875475015e+02
1.267937520356094865e+02,2.097597709260666647e+02
