1.806424112474214212e+02,1.498314243838888160e+02
1.832479915318639883e+02,1.368035229616762649e+02
1.571921886874388861e+02,1.064050863098469222e+02
1.624033492563239065e+02,1.020624525024427385e+02
1.780368309629789678e+02,9.598276517207688130e+01
8.944710129193344983e+01,4.787455216588909934e+00
8.423594072304842939e+01,1.434124959287811407e+01
8.597299424601010287e+01,2.302651720768648147e+01
9.726384214526103733e+01,4.821379329063080377e+01
1.024750027141460578e+02,5.342495385951582421e+01
1.267937520356094865e+02,3.605441862989903257e+01
2.049611605688849636e+02,1.715445934209097913e+02
2.145149549451741109e+02,1.758872272283139750e+02
1.884591521007490087e+02,1.619907990446205872e+02
1.936703126696340291e+02,1.611222722831397505e+02
1.945388394311149227e+02,1.541740581912930566e+02
1.102917435674735884e+02,4.821379329063080377e+01
1.155029041363586089e+02,4.300263272174578333e+01
1.068176365215502415e+02,4.126557919878410985e+01
9.031562805341428657e+01,3.952852567582237953e+01
7.033951253935504155e+01,5.516200738247749769e+01
1.259252252741286497e+02,1.168274074476170199e+02
1.085546900445119149e+02,1.133533004016936161e+02
1.155029041363586089e+02,1.246441483009445506e+02
