2.272721467274448059e+02,1.881734970327685232e+02
2.281322138126773780e+02,1.683919540724176045e+02
2.160912746194203464e+02,1.391496731745075977e+02
7.073993721510277055e+01,1.649516857314870322e+02
6.643960178893951252e+01,1.959141007998623536e+02
1.483557667498064347e+01,1.683919540724176045e+02
1.655571084544590121e+01,1.769926249247441206e+02
2.429631461253973157e+01,1.701120882428829191e+02
2.289922808979100637e+02,1.305490023221810816e+02
8.106074223789454436e+01,1.761325578395114348e+02
3.977752214672744913e+01,1.709721553281155479e+02
3.891745506149476341e+01,1.597912832200911453e+02
4.407785757289065032e+01,1.563510148791605729e+02
9.912215102778014852e+01,1.486104111120667426e+02
1.068627547948739789e+02,1.589312161348585164e+02
1.008422851982454631e+02,1.322691364926463962e+02
1.111630902210372369e+02,1.408698073449729122e+02
1.008422851982454631e+02,1.167879289584587355e+02
1.730879203577878798e+02,1.443100756859034846e+02
1.816885912101143958e+02,1.408698073449729122e+02
