6.512835197047002112e+01,1.457200358267289175e+02
2.257054065790896402e+01,1.309550808815546361e+02
2.604464770383231098e+01,1.379032949734013300e+02
3.212433503419816816e+01,1.309550808815546361e+02
3.386138855715984164e+01,1.352977146889588766e+02
3.820402236456402534e+01,1.491941428726522645e+02
4.254665617196820904e+01,1.457200358267289175e+02
1.563236619259579925e+02,1.917519541852133216e+02
1.725898382368825423e+00,1.161901259363804115e+02
2.170201389642812728e+01,1.457200358267289175e+02
