2.594425143849662163e+00,1.387718217348822236e+02
4.331478666811335643e+00,1.431144555422864073e+02
1.301674628161970304e+01,1.422459287808055706e+02
2.170201389642812728e+01,1.483256161111714277e+02
1.475379980458137652e+01,1.526682499185756114e+02
2.951875474975565794e+01,1.509311963956139380e+02
1.432957605037453845e+02,1.743814189555965868e+02
1.650089295407663599e+02,2.186762837911193174e+02
1.684830365866897068e+02,2.273615514059276848e+02
1.424272337422646046e+02,2.256244978829660113e+02
1.259252252741286497e+02,2.195448105526001541e+02
1.311363858430137270e+02,2.082539626533492765e+02
6.339129844750834764e+01,1.439829823037672440e+02
6.078571816306583742e+01,1.526682499185756114e+02
