1.174712029095645107e+02,8.405463576158942374e+01
1.252879437628920982e+02,9.360843013787859945e+01
1.522122733687980940e+02,1.987001682770600155e+02
1.304991043317771187e+02,1.187957062208229218e+02
6.622812398219508623e+01,2.412628921941160343e+01
7.404486483552267373e+01,2.238923569644992995e+01
1.261564705243728781e+02,6.060441320160677492e+01
1.304991043317771187e+02,5.886735967864510144e+01
1.296305775702963388e+02,3.281155683421997082e+01
1.374473184236238126e+02,4.497093149495168518e+01
1.904274508739549105e+02,1.109789653674953911e+02
5.059464227554002491e+01,1.804660188904568940e+01
5.580580284442504535e+01,2.933744978829662386e+01
5.754285636738671883e+01,3.454861035718164430e+01
6.970223102811843319e+01,3.975977092606666474e+01
