9.575803387254364907e+01,6.842115405493433400e+01
1.747939691672998492e+02,1.014251709912061870e+02
1.652401747910107019e+02,2.004372218000216890e+02
1.704513353598957224e+02,1.943575344696558318e+02
1.426584789925088330e+02,2.273615514059276848e+02
1.035747747258711229e+02,1.083733850830528809e+02
1.079174085332753634e+02,1.161901259363804115e+02
1.148656226251220573e+02,1.135845456519379013e+02
1.139970958636411638e+02,9.360843013787859945e+01
1.886903973509932371e+02,2.204133373140809908e+02
