3.212433503419816816e+01,1.109789653674953911e+02
1.649085332754305000e+01,1.118474921289762278e+02
1.388527304310053978e+01,1.465885625882097543e+02
1.996496037346645380e+01,1.439829823037672440e+02
2.517612094235147424e+01,1.422459287808055706e+02
7.805585712734682602e+00,1.587479372489415255e+02
1.214821952013886630e+01,1.613535175333839788e+02
1.822790685050472348e+01,1.630905710563456523e+02
4.167812941048737230e+01,1.448515090652480808e+02
4.775781674085322948e+01,1.379032949734013300e+02
1.198455379437627926e+02,2.152070893496909321e+01
9.031562805341428657e+01,3.802271740310499126e+01
8.684152100749093961e+01,4.236535121050917496e+01
9.726384214526103733e+01,3.281155683421997082e+01
1.475379980458137652e+01,1.561423569644989584e+02
