9.542639235696356081e+00,1.810983877971989955e+02
1.214821952013886630e+01,1.776242807512756485e+02
7.805585712734682602e+00,1.289867821083487343e+02
1.127969275865802956e+01,1.385405764846379384e+02
1.725898382368825423e+00,1.420146835305612854e+02
6.773393225491253133e+01,2.210506188253175708e+02
7.381361958527838851e+01,2.245247258712409177e+02
8.510446748452926613e+01,2.028115568342199708e+02
8.944710129193344983e+01,2.002059765497774606e+02
1.250566985126478130e+02,1.932577624579307667e+02
1.285308055585711600e+02,1.967318695038541136e+02
1.311363858430137270e+02,1.941262892194116034e+02
1.207140647052436293e+02,1.949948159808924402e+02
1.111602703289544252e+02,2.036800835957008076e+02
6.773393225491253133e+01,1.949948159808924402e+02
