1.725898382368825423e+00,1.535367766800564482e+02
6.068532189773009122e+00,1.405088752578438971e+02
1.388527304310053978e+01,1.431144555422864073e+02
1.822790685050472348e+01,1.309550808815546361e+02
4.515223645641071926e+01,1.761184724785582603e+02
4.254665617196820904e+01,1.683017316252306728e+02
4.428370969492988252e+01,1.587479372489415255e+02
3.472991531864067838e+01,1.517997231570947747e+02
3.994107588752569882e+01,1.465885625882097543e+02
7.815625339268257221e+01,1.205327597437845952e+02
9.205268157637596005e+01,1.248753935511888358e+02
7.728772663120173547e+01,1.483256161111714277e+02
8.076183367712508243e+01,1.561423569644989584e+02
1.511125013570729720e+02,1.691702583867115663e+02
1.632718760178046864e+02,1.700387851481923462e+02
1.684830365866897068e+02,1.787240527630007705e+02
1.684830365866897068e+02,2.186762837911193174e+02
1.754312506785364008e+02,2.160707035066768071e+02
1.762997774400172943e+02,2.273615514059276848e+02
1.806424112474214212e+02,1.561423569644989584e+02
4.331478666811335643e+00,1.709073119096732398e+02
1.424272337422646046e+02,1.926204809466941583e+02
6.686540549343169459e+01,1.118474921289762278e+02
