7.468214634675922525e+01,9.945687221800022826e+01
7.989330691564424569e+01,1.081421398328085957e+02
9.205268157637596005e+01,1.229070947779828771e+02
1.016064759526652210e+02,1.394091032461187751e+02
5.644308435566165372e+01,4.560821300618829355e+01
2.951875474975565794e+01,6.732138204320921204e+01
2.951875474975565794e+01,7.166401585061339574e+01
3.820402236456402534e+01,6.211022147432419160e+01
3.820402236456402534e+01,1.434124959287811407e+01
1.789053577244597477e+02,1.350664694387145914e+02
1.667459830637280334e+02,1.420146835305612854e+02
1.424272337422646046e+02,1.359349962001954282e+02
6.860245901639336807e+01,5.603053414395833443e+01
1.735938008902388674e+01,1.220385680165020403e+02
1.909643361198556022e+01,1.298553088698295710e+02
3.820402236456402534e+01,1.420146835305612854e+02
1.649085332754305000e+01,1.116162468787319426e+02
9.542639235696356081e+00,1.107477201172511059e+02
1.214821952013886630e+01,1.072736130713277589e+02
1.815109380089023148e+02,1.446202638150037956e+02
