8.967834654217773505e+01,7.253254261209423248e+01
1.200767831940070778e+02,1.281182553468678975e+02
1.374473184236238126e+02,1.246441483009445506e+02
1.348417381391813592e+02,1.333294159157529180e+02
1.287620508088154452e+02,1.185644609705786934e+02
1.018377212029094494e+02,8.816602431874935064e+01
1.113915155791987104e+02,1.003253989794810650e+02
9.228392682662030211e+01,8.034928346542181998e+01
8.967834654217773505e+01,8.556044403430684042e+01
1.791366029747040898e+02,1.654649060905439342e+02
1.869533438280315636e+02,2.210506188253175708e+02
