2.594425143849662163e+00,9.534548366084027293e+01
3.462951905330498903e+00,1.005566442297252934e+02
1.214821952013886630e+01,9.273990337639781956e+01
2.604464770383231098e+01,8.926579633047447260e+01
3.038728151123649468e+01,8.492316252307026048e+01
1.111602703289544252e+02,1.665646781022689993e+02
1.214821952013886630e+01,1.874093203778091379e+02
2.517612094235147424e+01,1.804611062859624440e+02
3.125580827271733142e+01,1.848037400933666277e+02
1.632718760178046864e+02,1.248753935511888358e+02
1.789053577244597477e+02,1.326921344045163096e+02
1.780368309629789678e+02,1.483256161111714277e+02
1.815109380089023148e+02,1.552738302030181217e+02
1.736941971555747273e+02,1.596164640104223054e+02
7.902478015416340895e+01,1.656961513407882194e+02
1.042120562371077312e+02,1.630905710563456523e+02
2.179890619910974578e+02,1.848037400933666277e+02
2.110408478992507639e+02,1.891463739007708114e+02
1.936703126696340291e+02,1.422459287808055706e+02
1.988814732385190496e+02,1.622220442948648724e+02
