1.128973238519160986e+02,3.692294539137986931e+01
1.189770111822819558e+02,3.344883834545652235e+01
1.215825914667244660e+02,4.126557919878410985e+01
1.076861632830310782e+02,8.261562262512256893e+00
1.076861632830310782e+02,1.434124959287811407e+01
1.363475464118987475e+02,1.313348170665506132e+00
1.389531266963412577e+02,6.524508739550583414e+00
1.954073661925957026e+02,3.344883834545652235e+01
1.554551351644772126e+02,1.567796384757355668e+02
1.693515633481706004e+02,1.133533004016936161e+02
1.736941971555747273e+02,1.116162468787319426e+02
1.797738844859406413e+02,1.211700412550212036e+02
1.024750027141460578e+02,5.081937357507331399e+01
9.378973509933769037e+01,6.524508739550583414e+00
9.813236890674187407e+01,5.655981978069746674e+00
9.639531538378020059e+01,1.520977635435895081e+01
8.684152100749093961e+01,3.050401693627236455e+00
1.224511182282053028e+02,2.650062425360982843e+01
2.205946422755400249e+02,1.880466018890456894e+02
2.258058028444250454e+02,1.993374497882966239e+02
2.275428563673867188e+02,2.045486103571816443e+02
1.059491097600694047e+02,5.863611442840084464e+01
