5.296897730973824991e+01,2.054171371186624810e+02
5.991719140158500068e+01,2.045486103571816443e+02
1.233196449896861395e+02,2.080227174031049913e+02
1.250566985126478130e+02,2.010745033112582973e+02
1.580607154489196660e+02,1.819669145586798322e+02
1.554551351644772126e+02,1.923892356964499299e+02
1.441642872652262781e+02,2.002059765497774606e+02
1.537180816415155391e+02,2.054171371186624810e+02
1.467698675496687315e+02,2.158394582564325219e+02
1.554551351644772126e+02,2.227876723482792443e+02
1.102917435674735884e+02,2.045486103571816443e+02
1.207140647052436293e+02,1.837039680816415057e+02
1.658774563022472535e+02,1.932577624579307667e+02
