1.009691944414286695e+02,7.015820757789600748e+01
1.027062479643903430e+02,7.884347519270437488e+01
2.017182987732058450e+02,1.578794104874606319e+02
2.060609325806100856e+02,1.387718217348822236e+02
1.730569156443381758e+02,1.240068667897079422e+02
1.817421832591465432e+02,1.248753935511888358e+02
1.878218705895124572e+02,1.231383400282271623e+02
1.574234339376831144e+02,1.179271794593420850e+02
1.661087015524914818e+02,9.968811746824451347e+01
1.852162903050698901e+02,1.066363315600912074e+02
