2.199573607643034734e+02,2.158394582564325219e+02
2.269055748561501673e+02,2.097597709260666647e+02
2.277741016176309472e+02,1.220385680165020403e+02
2.173517804798609063e+02,1.246441483009445506e+02
2.130091466724567795e+02,1.385405764846379384e+02
1.982441917272824981e+02,1.420146835305612854e+02
2.034553522961675185e+02,1.203015144935403669e+02
2.077979861035717590e+02,1.133533004016936161e+02
2.077979861035717590e+02,1.315923623927912445e+02
2.182203072413417999e+02,1.663334328520247709e+02
2.269055748561501673e+02,1.976003962653349504e+02
1.357102649006621391e+02,6.297874823580502834e+01
1.470011127999130736e+02,8.729749755726851390e+01
1.556863804147214410e+02,8.903455108023018738e+01
1.435270057539897266e+02,7.687517641949847302e+01
1.470011127999130736e+02,8.034928346542181998e+01
1.496066930843555269e+02,5.081937357507331399e+01
