1.088616871132273900e+00,1.231383400282271623e+02
1.105229888177178168e+02,3.889124416458582800e+01
1.148656226251220573e+02,3.715419064162415452e+01
1.192082564325261842e+02,3.975977092606666474e+01
2.540736619259570261e+01,1.379032949734013300e+02
2.888147323851904957e+01,1.292180273585929626e+02
5.059464227554002491e+01,1.405088752578438971e+02
5.667432960590593893e+01,1.439829823037672440e+02
5.233169579850169839e+01,1.474570893496905910e+02
4.451495494517411089e+01,1.535367766800564482e+02
1.585357181630655532e+01,9.447695689935949304e+01
3.061852676148072305e+01,8.318610900010858700e+01
