1.198455379437627926e+02,2.152070893496909321e+01
4.167812941048737230e+01,1.439829823037672440e+02
4.515223645641071926e+01,1.370347682119205501e+02
3.212433503419816816e+01,1.118474921289762278e+02
1.822790685050472348e+01,1.622220442948648724e+02
1.214821952013886630e+01,1.604849907719031989e+02
2.517612094235147424e+01,1.422459287808055706e+02
1.475379980458137652e+01,1.439829823037672440e+02
1.649085332754305000e+01,1.491941428726522645e+02
1.822790685050472348e+01,1.109789653674953911e+02
8.771004776897177635e+01,4.062829768754750148e+01
9.813236890674187407e+01,3.281155683421997082e+01
9.813236890674187407e+01,2.586334274237327691e+01
5.818013787862332720e+01,7.624280751275648527e+00
3.646696884160235186e+01,1.161901259363804115e+02
