1.658774563022472535e+02,1.431144555422864073e+02
1.745627239170556209e+02,1.474570893496905910e+02
1.302678590815328903e+02,1.283495005971121827e+02
4.428370969492988252e+01,8.492316252307026048e+01
2.951875474975565794e+01,1.926204809466941583e+02
1.562232656606221326e+01,7.971200195418521162e+01
3.386138855715984164e+01,9.621401042232116652e+01
1.562232656606221326e+01,6.407852024753012188e+01
7.805585712734682602e+00,6.928968081641517074e+01
7.805585712734682602e+00,7.450084138530019118e+01
1.725898382368825423e+00,6.147293996308761166e+01
2.691317446531314772e+01,8.666021604603190553e+01
3.125580827271733142e+01,8.492316252307026048e+01
4.949487026381490296e+01,1.179271794593420850e+02
1.562232656606221326e+01,9.013432309195525249e+01
2.691317446531314772e+01,7.797494843122353814e+01
