8.905357724459747715e+00,1.326921344045163096e+02
8.036830962978967818e+00,1.483256161111714277e+02
1.151093800890231478e+01,1.552738302030181217e+02
3.694197155574727276e+00,1.596164640104223054e+02
4.798906199109745785e+01,1.848037400933666277e+02
4.104084789925076393e+01,1.891463739007708114e+02
2.017182987732058450e+02,2.134651232222342969e+02
2.367031266963402913e+01,1.422459287808055706e+02
2.888147323851904957e+01,1.622220442948648724e+02
1.209453099554878577e+02,1.717758386711540766e+02
1.322361578547387921e+02,1.795925795244816072e+02
