3.299286179567900490e+01,1.405088752578438971e+02
3.907254912604486208e+01,1.491941428726522645e+02
1.996496037346645380e+01,1.413774020193247338e+02
2.343906741938980076e+01,1.292180273585929626e+02
8.423594072304842939e+01,1.561423569644989584e+02
9.552678862229936385e+01,1.596164640104223054e+02
1.676145098252089269e+02,1.865407936163283011e+02
1.589292422104005595e+02,2.013057485615025826e+02
1.632718760178046864e+02,2.091224894148301132e+02
1.528495548800346455e+02,2.047798556074259295e+02
1.571921886874388861e+02,2.108595429377917867e+02
1.042120562371077312e+02,1.283495005971121827e+02
1.094232168059927517e+02,1.335606611659972032e+02
5.470603083269992339e+01,1.517997231570947747e+02
1.224511182282053028e+02,1.726443654326349133e+02
9.813236890674187407e+01,1.674332048637498929e+02
1.085546900445119149e+02,1.596164640104223054e+02
1.128973238519160986e+02,1.656961513407882194e+02
6.339129844750834764e+01,1.153215991748995748e+02
4.949487026381490296e+01,8.752874280751279912e+01
1.710886168711322739e+02,2.117280696992726234e+02
1.537180816415155391e+02,1.839352133318857909e+02
