1.155029041363586089e+02,1.706760666594289546e+02
1.241881717511669763e+02,1.810983877971989955e+02
1.328734393659754005e+02,1.845724948431223424e+02
5.644308435566165372e+01,1.845724948431223424e+02
1.822790685050472348e+01,1.715445934209097913e+02
1.562232656606221326e+01,1.637278525675822607e+02
1.822790685050472348e+01,1.784928075127564853e+02
2.083348713494729054e+01,1.611222722831397505e+02
2.430759418087063750e+01,1.567796384757355668e+02
3.212433503419816816e+01,1.576481652372164035e+02
3.646696884160235186e+01,1.576481652372164035e+02
3.559844208012151512e+01,1.515684779068505463e+02
4.080960264900653556e+01,1.550425849527738933e+02
6.252277168602751090e+01,1.880466018890456894e+02
1.789053577244597477e+02,1.958633427423732769e+02
1.736941971555747273e+02,2.036800835957008076e+02
