1.064241124742142119e+01,1.292180273585929626e+02
1.932767886222990228e+01,1.344291879274779831e+02
2.888147323851904957e+01,1.361662414504396565e+02
2.714441971555737609e+01,1.283495005971121827e+02
4.277790142221243741e+01,8.405463576158942374e+01
1.411651829334476815e+01,9.534548366084027293e+01
2.019620562371068218e+01,8.318610900010858700e+01
3.235558028444239653e+01,8.231758223862772184e+01
7.168304201498074235e+00,1.057678047986103707e+02
1.324799153186398826e+01,1.118474921289762278e+02
1.088616871132273900e+00,1.214012865052654888e+02
