1.893276788622299023e+02,2.476357073064815495e+01
1.971444197155573761e+02,2.997473129953317539e+01
2.162520084681357844e+02,4.734526652914996703e+01
2.093037943762890905e+02,3.344883834545652235e+01
2.292799098903483923e+02,4.908232005211164051e+01
2.058296873303657435e+02,4.126557919878410985e+01
2.232002225599825920e+02,3.952852567582237953e+01
2.223316957985016984e+02,3.344883834545652235e+01
2.058296873303657435e+02,2.042093692324397125e+01
2.110408478992507639e+02,2.563209749212899169e+01
