1.971444197155573761e+02,6.060441320160677492e+01
2.032241070459232901e+02,6.320999348604928514e+01
2.110408478992507639e+02,6.842115405493433400e+01
2.240687493214633719e+02,6.755262729345349726e+01
1.459013407881879516e+02,3.194303007273913408e+01
1.519810281185538656e+02,3.281155683421997082e+01
1.580607154489196660e+02,3.541713711866248104e+01
1.267937520356094865e+02,1.717807512756485266e+01
1.137658506133969354e+02,1.544102160460317918e+01
9.986942242970354755e+01,4.062829768754750148e+01
9.378973509933769037e+01,4.583945825643252192e+01
1.155029041363586089e+02,4.583945825643252192e+01
1.207140647052436293e+02,4.410240473347084844e+01
1.354790196504179107e+02,4.757651177939422382e+01
1.728256703940939474e+02,4.931356530235589730e+01
1.632718760178046864e+02,4.844503854087506056e+01
1.432957605037453845e+02,4.757651177939422382e+01
1.493754478341112986e+02,5.105061882531757078e+01
1.094232168059927517e+02,3.020597654977746060e+01
1.024750027141460578e+02,2.152070893496909321e+01
1.736941971555747273e+02,4.236535121050917496e+01
1.406901802193029312e+02,2.065218217348825647e+01
1.102917435674735884e+02,4.062829768754750148e+01
1.267937520356094865e+02,3.975977092606666474e+01
