1.461325860384321800e+02,9.361334274237322006e+00
1.600290142221255678e+02,1.804660188904568940e+01
1.643716480295298084e+02,5.452472587124091774e+01
1.635031212680489148e+02,6.755262729345349726e+01
1.635031212680489148e+02,7.276378786233851770e+01
1.443955325154705065e+02,2.230189175985235011e+02
1.496066930843555269e+02,2.152021767451959704e+02
1.530808001302788739e+02,2.212818640755618276e+02
1.626345945065681349e+02,1.995686950385409091e+02
1.730569156443381758e+02,2.108595429377917867e+02
