1.233196449896861395e+02,1.795925795244816072e+02
1.806424112474214212e+02,1.292180273585929626e+02
1.893276788622299023e+02,1.344291879274779831e+02
1.988814732385190496e+02,1.361662414504396565e+02
1.971444197155573761e+02,1.283495005971121827e+02
2.127779014222124374e+02,8.405463576158942374e+01
1.841165182933447682e+02,9.534548366084027293e+01
1.901962056237106822e+02,8.318610900010858700e+01
2.023555802844423965e+02,8.231758223862772184e+01
1.771683042014980742e+02,1.057678047986103707e+02
1.832479915318639883e+02,1.118474921289762278e+02
1.658774563022472535e+02,1.187957062208229218e+02
1.710886168711322739e+02,1.214012865052654888e+02
1.215825914667244660e+02,7.797494843122353814e+01
1.372160731733795842e+02,6.928968081641517074e+01
1.372160731733795842e+02,6.581557377049182378e+01
1.302678590815328903e+02,6.494704700901098704e+01
