2.171205352296166780e+02,1.150903539246553464e+02
7.555067310824006199e+01,2.045486103571816443e+02
6.425982520898918438e+01,1.758872272283139750e+02
8.597299424601010287e+01,2.036800835957008076e+02
9.726384214526103733e+01,2.036800835957008076e+02
9.986942242970354755e+01,2.019430300727391341e+02
1.042120562371077312e+02,2.002059765497774606e+02
8.674112474215519342e+00,1.289867821083487343e+02
1.562232656606221326e+01,1.246441483009445506e+02
4.949487026381490296e+01,1.515684779068505463e+02
