4.538348170665500447e+01,1.781535663880146103e+01
7.925602540440769417e+01,6.524508739550583414e+00
1.348417381391813592e+02,4.560821300618829355e+01
1.400528987080663796e+02,5.689906090543917117e+01
1.834792367821082166e+02,3.952852567582237953e+01
1.895589241124741307e+02,4.908232005211164051e+01
1.999812452502441715e+02,3.692294539137986931e+01
2.051924058191291920e+02,4.300263272174578333e+01
2.095350396265334325e+02,5.081937357507331399e+01
2.216944142872651469e+02,4.300263272174578333e+01
1.886903973509932371e+02,2.389504396916731821e+01
