1.571921886874388861e+02,2.088912441645858280e+02
1.380845999348604209e+02,1.967318695038541136e+02
1.398216534578220944e+02,1.880466018890456894e+02
1.493754478341112986e+02,2.010745033112582973e+02
1.415587069807837679e+02,2.062856638801433178e+02
2.170201389642812728e+01,1.046680327868852487e+02
2.170201389642812728e+01,9.250865812615353434e+01
1.580607154489196660e+02,2.175765117793942238e+02
5.036339702529573970e+01,1.281182553468678975e+02
2.006185267614807231e+02,4.908232005211164051e+01
2.153834817066550045e+02,4.213410596026494659e+01
1.936703126696340291e+02,7.600664965801757944e+01
4.688928997937239274e+01,1.072736130713277589e+02
