2.017182987732058450e+02,1.347272283139727733e+01
2.043238790576484121e+02,1.955241016176313451e+01
2.277741016176309472e+02,5.255642709803498747e+01
2.277741016176309472e+02,6.471580175876670182e+01
1.574234339376831144e+02,2.823767777657150191e+01
1.669772283139723754e+02,2.302651720768648147e+01
1.773995494517424163e+02,2.128946368472480799e+01
1.374473184236238126e+02,1.350664694387145914e+02
1.721883888828573959e+02,1.559111117142547300e+02
1.339732113777004656e+02,1.784928075127564853e+02
1.278935240473346653e+02,1.802298610357181587e+02
1.157341493866028372e+02,1.889151286505265830e+02
1.400528987080663796e+02,2.062856638801433178e+02
1.617660677450872413e+02,1.810983877971989955e+02
1.608975409836064614e+02,1.880466018890456894e+02
1.391843719465854861e+02,1.194329877320595301e+02
1.435270057539897266e+02,8.295486374986433020e+01
1.487381663228747470e+02,8.208633698838349346e+01
1.287620508088154452e+02,1.897836554120074197e+02
