5.667432960590593893e+01,1.871780751275648527e+02
5.754285636738671883e+01,1.680704863749864444e+02
4.712053522961667795e+01,1.385405764846379384e+02
6.014843665182928589e+01,1.289867821083487343e+02
1.843477635435891102e+02,1.793613342742373220e+02
2.242999945717076002e+02,2.132338779719900117e+02
2.199573607643034734e+02,2.175765117793942238e+02
2.164832537183801264e+02,2.297358864401259382e+02
2.825670394093947380e+00,1.437517370535229588e+02
1.237946477038309467e+01,1.402776300075996119e+02
