2.778170122679398446e+01,5.799883291716426470e+01
3.733549560308318860e+01,6.320999348604928514e+01
1.198455379437627926e+02,1.214012865052654888e+02
6.078571816306583742e+01,1.031622245141678604e+02
6.512835197047002112e+01,1.109789653674953911e+02
1.050805829985885680e+02,1.127160188904570646e+02
9.813236890674187407e+01,1.092419118445337176e+02
9.031562805341428657e+01,1.127160188904570646e+02
5.123192378677657643e+01,8.839726956899357901e+01
7.555067310824006199e+01,1.118474921289762278e+02
7.120803930083587829e+01,1.075048583215720441e+02
