2.156147269568992328e+02,1.863095483660840159e+02
1.096544620562370369e+02,8.382339051134516694e+01
1.932767886222990228e+01,2.476357073064815495e+01
2.714441971555737609e+01,2.997473129953317539e+01
4.625200846813578437e+01,4.734526652914996703e+01
3.930379437628909045e+01,3.344883834545652235e+01
5.927990989034839231e+01,4.908232005211164051e+01
3.582968733036574349e+01,4.126557919878410985e+01
6.101696341331006579e+01,3.918928455108073194e+00
6.796517750515675971e+01,5.255642709803498747e+01
5.320022255998259197e+01,3.952852567582237953e+01
5.233169579850169839e+01,3.344883834545652235e+01
3.582968733036574349e+01,2.042093692324397125e+01
4.104084789925076393e+01,2.563209749212899169e+01
1.166026761480837308e+02,1.263812018239062240e+02
1.183397296710454043e+02,1.324608891542720812e+02
1.166026761480837308e+02,1.420146835305612854e+02
1.496066930843555269e+02,1.454887905764846323e+02
1.539493268917597675e+02,1.515684779068505463e+02
1.669772283139723754e+02,1.802298610357181587e+02
1.608975409836064614e+02,1.915207089349690932e+02
1.105229888177178168e+02,1.663334328520247709e+02
1.235508902399304247e+02,1.472258440994463058e+02
2.060609325806100856e+02,1.923892356964499299e+02
