1.365787916621430327e+02,2.238874443600043378e+02
1.331046846162196857e+02,2.134651232222342969e+02
1.591604874606447879e+02,2.047798556074259295e+02
1.252879437628920982e+02,9.360843013787859945e+01
1.079174085332753634e+02,7.102673433937684422e+01
1.131285691021603839e+02,7.536936814678102792e+01
1.635031212680489148e+02,9.361334274237322006e+00
1.096544620562370369e+02,9.795106394528284000e+01
1.148656226251220573e+02,5.973588644012593818e+01
1.209453099554878577e+02,5.713030615568342796e+01
1.339732113777004656e+02,1.109838779719899549e+01
1.339732113777004656e+02,1.717807512756485266e+01
1.348417381391813592e+02,2.325776245793076669e+01
1.348417381391813592e+02,2.760039626533495039e+01
1.409214254695471595e+02,3.281155683421997082e+01
1.417899522310280531e+02,3.802271740310499126e+01
1.357102649006621391e+02,3.889124416458582800e+01
1.278935240473346653e+02,7.276378786233851770e+01
1.374473184236238126e+02,7.450084138530019118e+01
1.374473184236238126e+02,6.928968081641517074e+01
1.504752198458364205e+02,5.799883291716426470e+01
1.556863804147214410e+02,5.626177939420259122e+01
1.400528987080663796e+02,5.018209206383673404e+01
1.582919606991638943e+02,6.234146672456844840e+01
