1.826107100206274367e+02,9.337718488763437108e+01
1.930330311583974776e+02,8.903455108023018738e+01
2.086665128650525389e+02,1.072736130713277589e+02
2.121406199109758859e+02,1.203015144935403669e+02
1.956386114428399310e+02,9.945687221800022826e+01
1.843477635435891102e+02,1.255126750624253873e+02
1.435270057539897266e+02,1.255126750624253873e+02
1.504752198458364205e+02,1.194329877320595301e+02
1.357102649006621391e+02,1.133533004016936161e+02
1.313676310932580122e+02,1.281182553468678975e+02
9.488950711106275548e+01,1.124847736402127794e+02
9.488950711106275548e+01,1.229070947779828771e+02
1.218138367169687513e+02,1.394091032461187751e+02
1.278935240473346653e+02,1.385405764846379384e+02
2.106473238519157576e+01,7.774370318097930976e+01
3.061852676148072305e+01,8.729749755726851390e+01
6.014843665182928589e+01,9.598276517207688130e+01
5.233169579850169839e+01,8.295486374986433020e+01
1.608975409836064614e+02,1.098791933557702691e+02
1.721883888828573959e+02,1.124847736402127794e+02
2.019620562371068218e+01,1.185644609705786934e+02
2.280178590815324924e+01,1.133533004016936161e+02
3.930379437628909045e+01,8.990307784171102412e+01
1.939015579198782575e+02,1.315923623927912445e+02
