1.756624959287807428e+02,1.046680327868852487e+02
1.452640592769514001e+02,7.340106937357506922e+01
1.200767831940070778e+02,6.471580175876670182e+01
1.044433014873520165e+02,3.258031158397568561e+01
2.138776734339375594e+02,1.229070947779828771e+02
2.121406199109758859e+02,1.289867821083487343e+02
2.025868255346867386e+02,1.116162468787319426e+02
1.973756649658016045e+02,1.255126750624253873e+02
1.496066930843555269e+02,4.995084681359247725e+01
1.374473184236238126e+02,2.910620453805233865e+01
1.313676310932580122e+02,7.774370318097930976e+01
1.339732113777004656e+02,8.469191727282600368e+01
2.260370480946692737e+02,1.958633427423732769e+02
2.173517804798609063e+02,1.402776300075996119e+02
1.739254424058190693e+02,8.729749755726851390e+01
1.626345945065681349e+02,1.003253989794810650e+02
1.556863804147214410e+02,9.598276517207688130e+01
2.025868255346867386e+02,1.246441483009445506e+02
2.051924058191291920e+02,1.289867821083487343e+02
