1.580607154489196660e+02,1.422459287808055706e+02
1.650089295407663599e+02,1.561423569644989584e+02
6.686540549343169459e+01,1.448515090652480808e+02
7.468214634675922525e+01,1.474570893496905910e+02
7.033951253935504155e+01,1.656961513407882194e+02
3.994107588752569882e+01,1.735128921941157500e+02
4.515223645641071926e+01,1.795925795244816072e+02
5.296897730973824991e+01,1.804611062859624440e+02
1.388527304310053978e+01,1.587479372489415255e+02
8.674112474215519342e+00,1.439829823037672440e+02
