6.622812398219508623e+01,1.941262892194116034e+02
7.404486483552267373e+01,1.923892356964499299e+02
2.540736619259570261e+01,3.344883834545652235e+01
3.694197155574727276e+00,1.116162468787319426e+02
1.304991043317771187e+02,2.288673596786451014e+02
1.296305775702963388e+02,2.028115568342199708e+02
1.374473184236238126e+02,2.149709314949516852e+02
9.773884485940641298e+00,1.211700412550212036e+02
5.059464227554002491e+01,1.880466018890456894e+02
5.580580284442504535e+01,1.993374497882966239e+02
5.754285636738671883e+01,2.045486103571816443e+02
6.970223102811843319e+01,2.097597709260666647e+02
