1.464258407155758164e+02,1.056070568504343328e+02
1.464258407155758164e+02,1.159278618732261066e+02
1.515862432269717601e+02,1.124875935322954774e+02
1.610469811645308482e+02,1.133476606175281631e+02
1.610469811645308482e+02,1.030268555947363893e+02
1.687875849316246786e+02,1.038869226799690182e+02
1.877090608067429685e+02,8.238524554915278486e+01
2.100708050227917738e+02,8.066511137868752712e+01
1.827584501591121580e+01,9.442618474240987325e+01
2.794637481723555084e+00,1.666718199019523468e+02
9.912215102778014852e+01,1.296889352369484527e+02
1.352449686075514137e+02,1.193681302141566789e+02
1.352449686075514137e+02,1.236684656403199369e+02
1.782483228691837667e+02,1.124875935322954774e+02
1.928694633181388554e+02,1.142077277027607920e+02
1.920093962329061696e+02,1.210882643846219935e+02
2.092107379375590881e+02,9.356611765717724438e+01
