9.639531538378020059e+01,9.685129193355771804e+01
1.042120562371077312e+02,8.034928346542181998e+01
1.094232168059927517e+02,3.171178482249484887e+01
1.120287970904352619e+02,2.389504396916731821e+01
1.380845999348604209e+02,6.211022147432419160e+01
1.276622787970903232e+02,3.605441862989903257e+01
9.552678862229936385e+01,1.607830311583978755e+01
1.007379491911843843e+02,1.347272283139727733e+01
1.033435294756268945e+02,2.042093692324397125e+01
2.127779014222124374e+02,1.741501737053523016e+02
1.901962056237106822e+02,1.281182553468678975e+02
1.962758929540765962e+02,1.315923623927912445e+02
2.058296873303657435e+02,6.124169471284335486e+01
1.285308055585711600e+02,9.130089023993093633e+00
2.240687493214633719e+02,1.246441483009445506e+02
2.040926338074040700e+02,1.211700412550212036e+02
1.988814732385190496e+02,1.454887905764846323e+02
