1.261564705243728781e+02,1.544053034415372849e+02
2.714441971555737609e+01,6.060441320160677492e+01
3.322410704592329012e+01,6.320999348604928514e+01
4.104084789925076393e+01,6.842115405493433400e+01
5.406874932146337187e+01,6.755262729345349726e+01
6.188549017479095937e+01,6.755262729345349726e+01
1.765310226902615227e+02,1.257439203126696157e+02
1.826107100206274367e+02,1.248753935511888358e+02
1.843477635435891102e+02,1.170586526978612483e+02
1.904274508739549105e+02,1.205327597437845952e+02
1.904274508739549105e+02,1.257439203126696157e+02
2.182203072413417999e+02,1.361662414504396565e+02
9.836361415698610244e+01,9.447695689935949304e+01
2.825670394093947380e+00,4.931356530235589730e+01
9.402098034958197559e+01,1.205327597437845952e+02
1.869533438280315636e+02,1.309550808815546361e+02
3.694197155574727276e+00,4.236535121050917496e+01
1.982441917272824981e+02,1.266124470741505093e+02
