2.258932677750879634e+02,1.497862804532388736e+02
1.994834203664061079e+01,1.167070436765970953e+02
1.994834203664061079e+01,1.119052189832136150e+02
2.154895026776847544e+01,1.065698582127874943e+02
2.528370280706673157e+01,1.103046107520857504e+02
3.862210473313194825e+01,1.049692499816596865e+02
4.022271296425981291e+01,1.087040025209579426e+02
4.769221804285632516e+01,1.033686417505318786e+02
2.528370280706673157e+01,1.151064354454692875e+02
2.848491926932240403e+01,1.273777652174492800e+02
2.261602242185369960e+01,1.247100848322362481e+02
1.394604232941852047e+02,1.161735075995544548e+02
5.836293958370850987e+01,7.455769359023094012e+01
1.917469588443610178e+02,1.599234659170484747e+02
8.130499089654074396e+01,1.092375385980005831e+02
7.223487758681636706e+01,1.039021778275744623e+02
5.943001173779373403e+01,1.007009613653187898e+02
