5.962341153811257755e+01,2.175435645049860511e+02
3.785075436674367211e+01,1.148212845169888965e+02
6.408959762454725251e+01,9.249035408481563536e+01
5.124931262604764015e+01,6.680978408781635380e+01
6.297305110293859798e+01,6.904287713103366286e+01
9.200326066476384312e+01,7.127597017425097192e+01
1.009356328376331930e+02,3.945439430840406203e+01
2.298967560834338997e+02,9.137380756320698083e+01
1.366651215291104222e+02,8.969898778079397061e+01
1.439226739195667619e+02,8.746589473757660471e+01
1.545298658748490652e+02,8.467452843355493997e+01
1.349903017466974688e+02,5.508604561092533913e+01
1.361068482683061234e+02,6.011050495816436978e+01
6.587451761701061059e+00,6.178532474057732315e+01
6.029178500896705373e+00,6.792633060942500833e+01
3.338456828030899715e+01,7.239251669585968330e+01
3.952557414915662548e+01,7.127597017425097192e+01
4.399176023559130044e+01,7.295078995666398214e+01
6.353132436374295366e+01,1.924212677687910968e+02
8.753707457832922501e+01,4.224576061242572678e+01
