4.949083485057673215e+01,1.385820228353441053e+02
5.535973169804543659e+01,1.423167753746423614e+02
7.830178301087761383e+01,1.572557855318353859e+02
2.079510497322317519e+02,1.935362387707328935e+02
2.106187301174448407e+02,1.833990533069232924e+02
2.154205548108282642e+02,1.903350223084772210e+02
2.244906681205526979e+02,1.983380634641163738e+02
2.127528744256152891e+02,2.132770736213094551e+02
2.079510497322317519e+02,2.164782900835650707e+02
2.228900598894248901e+02,2.276825477014598960e+02
1.716705964933343580e+02,1.898014862314346374e+02
1.780730294178455893e+02,1.994051356182015979e+02
1.871431427275700230e+02,2.047404963886276619e+02
1.882102148816551903e+02,1.972709913100311496e+02
9.377432924511327883e+01,1.780636925364972285e+02
4.842376269649145115e+01,1.892679501543919969e+02
