1.134909891206497718e+02,1.846054421175304583e+02
8.446077955882452670e+01,1.343608486451405497e+02
1.598276697674094180e+02,7.685870278229430141e+01
1.676434954186700566e+02,8.188316212953333206e+01
1.760175943307349939e+02,8.802416799838096040e+01
1.715514082443003758e+02,9.472344712803294442e+01
1.804837804171696121e+02,1.047723658225109489e+02
1.949988851980822915e+02,3.833784778679540750e+01
1.977902515021038994e+02,2.884720235312175873e+01
2.106305365006035686e+02,2.717238257070874852e+01
2.106305365006035686e+02,3.275511517875207801e+01
2.195629086734729185e+02,6.792633060942500833e+01
1.709931349834959633e+02,1.265727778979612594e+01
1.732262280267133860e+02,1.879828365864375428e+01
1.291226404231710490e+02,1.539004127732921461e+02
1.302391869447797603e+02,1.494342266868575280e+02
1.319140067271927705e+02,1.449680406004228530e+02
1.977902515021038994e+02,2.231262971130293806e+02
1.838334199819956325e+02,3.722130126518669613e+01
