1.810420536779740246e+02,4.754356450498605113e+01
1.905326991116476734e+02,4.140255863613839438e+01
1.687600419402786542e+02,7.322413450198533269e+01
1.402881056392577079e+02,8.997233232611529274e+01
1.218650880327148229e+02,9.499679167335432339e+01
1.017672506437588140e+02,9.108887884772394727e+01
1.006507041221501026e+02,1.011377975422019517e+02
1.062334367301934321e+02,9.834643123818028698e+01
1.129327158598454730e+02,8.718096602209362800e+01
1.101413495558237514e+02,7.210758798037667816e+01
1.134909891206497718e+02,7.322413450198533269e+01
1.101413495558237514e+02,4.754356450498605113e+01
1.162823554246714934e+02,5.033493080900771588e+01
1.201902682503018127e+02,3.581982602809506488e+01
4.817301760654294185e+01,1.206773616703535481e+02
3.030827326080435569e+01,1.245852744959838674e+02
1.062334367301934321e+02,2.127924497030684279e+02
8.222768651560721764e+01,2.139089962246770256e+02
1.162823554246714934e+02,1.603147631874611534e+02
1.173989019462800911e+02,1.658974957955044829e+02
1.140492623814541844e+02,1.709219551427434567e+02
1.229816345543234206e+02,1.424500188417225672e+02
1.866247862860173541e+02,1.290514605824185423e+02
2.156549958478425992e+02,8.159823341405029851e+01
2.206794551950815162e+02,7.378240776278965996e+01
2.212377284558859287e+02,6.540830885072466572e+01
2.257039145423205468e+02,7.043276819796366794e+01
2.167715423694511969e+02,5.759248319946402717e+01
2.284952808463422684e+02,5.926730298187700896e+01
2.050478038925602391e+02,5.870902972107268170e+01
1.642938558538440361e+02,6.038384950348569191e+01
1.508952975945400681e+02,8.048168689244164398e+01
1.201902682503018127e+02,8.215650667485465419e+01
