3.421618608643467496e+01,1.192874706034235714e+02
3.979891869447800445e+01,1.153795577777932522e+02
4.147373847689090098e+01,1.120299182129672317e+02
2.025935456632629439e+01,1.081220053873369125e+02
2.025935456632629439e+01,1.030975460400979387e+02
2.081762782713070692e+01,9.751481343205460917e+01
1.073499832518021435e+02,2.253593901562466897e+02
1.179571752070845037e+02,2.287090297210726817e+02
1.151658089030627821e+02,1.678572442934004698e+02
1.207485415111061116e+02,1.667406977717918153e+02
1.492204778121270579e+02,1.739982501622481550e+02
1.419629254216707182e+02,1.661824245109874596e+02
1.486622045513227590e+02,1.494342266868575280e+02
1.525701173769530783e+02,1.499924999476618268e+02
1.514535708553443669e+02,1.444097673396184973e+02
1.598276697674094180e+02,1.388270347315751678e+02
1.648521291146483350e+02,1.371522149491622145e+02
9.004351216686785619e+01,1.248702032114669009e+02
8.669387260204183576e+01,1.315694823411188850e+02
9.674279129651978337e+01,1.293363892979015759e+02
8.836869238445484598e+01,1.421766742964011883e+02
5.822193630102088946e+01,1.628327849461614960e+02
6.436294216986851779e+01,1.600414186421398313e+02
9.785933781812849475e+01,1.388270347315751678e+02
9.897588433973720612e+01,1.192874706034235714e+02
5.152265717136896228e+01,8.746589473757660471e+01
