1.397298323784534091e+02,8.969898778079397061e+01
1.581528499849964078e+02,1.036558193009022375e+02
1.654104023754526338e+02,1.036558193009022375e+02
8.501905281962882555e+01,6.178532474057732315e+01
8.669387260204183576e+01,5.676086539333834935e+01
9.004351216686785619e+01,5.564431887172969482e+01
9.395142499249817547e+01,4.894503974207771080e+01
7.050394803871625982e+01,6.904287713103366286e+01
7.720322716836818699e+01,6.904287713103366286e+01
2.240290947599075366e+02,3.052202213553471211e+01
2.262621878031248457e+02,2.041450062456820547e+02
1.866247862860173541e+02,1.231953834290538907e+02
1.157240821638670809e+02,8.244143539033763091e+01
1.207485415111061116e+02,5.508604561092533913e+01
1.207485415111061116e+02,7.015942365264231739e+01
1.235399078151278331e+02,6.513496430540334359e+01
2.268204610639292582e+02,1.611579651637484858e+02
2.284952808463422684e+02,1.583665988597268210e+02
