1.964003604351740364e+02,3.108029539633906779e+01
1.964003604351740364e+02,3.498820822196938707e+01
4.566658001800431066e+01,4.782849322046905627e+01
4.566658001800431066e+01,6.011050495816436978e+01
5.180758588685193899e+01,9.025726104159826946e+01
4.845794632202597541e+01,9.807308669285896485e+01
5.683204523409096964e+01,9.472344712803294442e+01
4.064212067076533685e+01,1.042140925617065932e+02
4.064212067076533685e+01,1.120299182129672317e+02
8.262271544114071276e+00,7.853352256470731163e+01
1.440327741296169961e+01,7.518388299988129120e+01
1.942773676020067342e+01,7.350906321746833783e+01
1.440327741296169961e+01,8.690762147677230587e+01
2.166082980341803932e+01,7.797524930390295594e+01
1.719464371698336436e+01,9.360690060642428989e+01
8.307088849189455004e+01,5.341122582851238576e+01
1.282910226170454848e+02,6.848460387022930718e+01
1.321989354426758041e+02,6.848460387022930718e+01
1.137759178361328054e+02,8.411625517275064112e+01
1.333154819642844586e+02,9.751481343205460917e+01
1.355485750075017677e+02,8.299970865114198659e+01
1.595543252220880390e+02,8.914071451998961493e+01
1.489471332668057357e+02,1.025392727792935830e+02
1.489471332668057357e+02,9.193208082401127967e+01
1.891428080447176967e+02,1.438514940788141985e+02
