1.587111232458007066e+02,9.890470449898464267e+01
1.609442162890180157e+02,9.611333819496292108e+01
9.562624477491118569e+01,2.018817472557378778e+01
9.562624477491118569e+01,3.916946559292108532e+01
9.953415760054150496e+01,6.150039602509434644e+01
1.045586169477805356e+02,8.215650667485465419e+01
1.101413495558237514e+02,1.508241177537875046e+02
1.040003436869761231e+02,1.709219551427434567e+02
1.051168902085848345e+02,1.988356181829601041e+02
1.542449371593660885e+02,1.346341931904618718e+02
