9.197571243739292868e+01,5.374978658556918276e+01
9.624400105373382530e+01,4.734735366105786625e+01
1.005122896700747219e+02,4.094492073654654973e+01
9.410985674556337699e+01,2.867359096456652878e+01
6.903366112456075143e+01,4.948149796922831456e+01
9.731107320781904946e+01,1.252436209092788886e+02
1.674712557438499516e+01,1.273777652174492800e+02
3.061906357749285235e+01,1.348472702960458491e+02
1.175854441354381947e+02,6.868879674276223568e+01
1.357256707548869485e+02,6.922233281980484776e+01
6.263122820004940650e+01,7.349062143614571596e+01
