8.892696564525914482e+01,1.206773616703535481e+02
1.006507041221501026e+02,1.173277221055275845e+02
9.730106455732419590e+01,1.100701697150712448e+02
3.477445934723897381e+01,1.407751990593095570e+02
1.123744425990411742e+02,2.072097170950250984e+02
1.374967393352361000e+02,2.072097170950250984e+02
1.235399078151278331e+02,9.443851841254996771e+01
1.285643671623667501e+02,9.667161145576727677e+01
1.246564543367364308e+02,1.016960708030062506e+02
1.397298323784534091e+02,1.005795242813975960e+02
1.425211986824750170e+02,1.033708905854192608e+02
2.000233445453213221e+02,1.016960708030062506e+02
2.016981643277343323e+02,9.555506493415862224e+01
2.173298156302556094e+02,8.773923928289798368e+01
2.257039145423205468e+02,8.438959971807196325e+01
2.173298156302556094e+02,5.145147733061637041e+01
2.190046354126686197e+02,4.698529124418172387e+01
1.977902515021038994e+02,5.926730298187700896e+01
1.698765884618873656e+02,8.829751254370228253e+01
1.134909891206497718e+02,8.327305319646330872e+01
1.134909891206497718e+02,5.312629711302938063e+01
2.145384493262338879e+02,6.231343205465464052e+00
1.095830762950194526e+02,1.653392225347001840e+02
1.140492623814541844e+02,1.603147631874611534e+02
1.146075356422584832e+02,1.698054086211348022e+02
2.279370075855378559e+02,1.541737573186135251e+02
1.168406286854757923e+02,4.028601211452971143e+01
