1.928140309984461851e+02,6.635664385799935872e+01
2.013506082311279783e+02,6.742371601208458287e+01
1.981493917688722490e+02,7.169200462842547950e+01
1.896128145361905695e+02,8.236272616927766421e+01
1.543994334513783429e+02,7.435968501363851146e+01
9.677753713077646580e+01,6.742371601208458287e+01
8.237206305062596812e+01,7.862797362997940809e+01
8.877449597513731305e+01,7.969504578406463224e+01
4.449100158060070953e+01,4.234752039108195731e+01
8.717388774400944840e+01,8.734747537397538508e+00
1.085153308257138747e+02,9.268283614440122165e+00
1.431951758334834608e+02,1.798778535843609916e+00
1.053141143634582022e+02,6.635664385799935872e+01
1.079817947486712342e+02,5.408531408601936619e+01
1.117165472879694903e+02,5.835360270236020597e+01
