1.910909723724519722e+02,1.418917455809181547e+02
1.330305532488013682e+02,9.053060558691959159e+01
1.776924141131480042e+02,8.941405906531099390e+01
1.441960184648880272e+02,4.307737841855137617e+01
1.486622045513227590e+02,5.033493080900771588e+01
1.520118441161486658e+02,5.926730298187700896e+01
1.732262280267133860e+02,4.251910515774704891e+01
1.626190360714310259e+02,4.556523423052453836e+00
1.631773093322353247e+02,1.516371537833475713e+01
1.631773093322353247e+02,2.521263407281276159e+01
1.581528499849964078e+02,3.023709342005173539e+01
1.704348617226916645e+02,3.302845972407340014e+01
1.726679547659089735e+02,4.754356450498605113e+01
1.910909723724519722e+02,2.323430379835144777e+00
2.206794551950815162e+02,3.079536668085609108e+01
1.123744425990411742e+02,4.140255863613839438e+01
1.062334367301934321e+02,4.556523423052453836e+00
1.112578960774324628e+02,1.962990146476943210e+01
1.564780302025833976e+02,8.159823341405029851e+01
1.536866638985616760e+02,7.545722754520267017e+01
1.609442162890180157e+02,7.489895428439831448e+01
2.139801760654295890e+02,2.150255427462857369e+02
1.229816345543234206e+02,4.810183776579037840e+01
