2.298967560834338997e+02,1.851335494316077757e+01
1.818852556542613570e+02,2.074644798637808663e+01
1.902593545663262944e+02,2.186299450798674116e+01
1.952838139135653250e+02,1.628026189994341166e+01
2.070075523904562829e+02,1.460544211753045829e+01
1.986334534783913455e+02,1.013925603109578333e+01
1.455974937019797721e+02,1.005795242813975960e+02
1.774190695678267389e+02,2.077679903558293972e+02
1.562046856572620754e+02,2.250744614407636845e+02
7.134715001500359222e+01,2.111176299206554177e+02
9.479462696878550787e+01,2.211665486151333653e+02
1.333154819642844586e+02,2.167003625286987472e+02
4.008384740996098117e+01,1.391003792768965468e+02
5.013276610443898562e+01,1.457996584065485308e+02
1.160090108793501713e+02,1.564068503618308341e+02
8.642052805672057048e+01,1.357507397120705264e+02
6.408959762454725251e+01,1.240270012351795685e+02
1.327572087034801029e+02,7.906162987878474269e+00
1.528550460924360550e+02,1.516371537833475713e+01
3.796085457679396313e+00,3.302845972407340014e+01
