1.914280804471769670e+01,1.109133716913585772e+02
2.751690695678263410e+01,1.176126508210105612e+02
5.710538977941229177e+01,1.003061797360762739e+02
5.543056999699928156e+01,1.237536566898582464e+02
8.613559934123753692e+01,1.187291973426192158e+02
9.506797151410688684e+01,1.656241512501831608e+02
2.106305365006035686e+02,1.226371101682495350e+02
2.083974434573862595e+02,1.271032962546842100e+02
2.039312573709516414e+02,1.326860288627275395e+02
1.821586001995826223e+02,1.388270347315751678e+02
1.827168734603870348e+02,1.338025753843361940e+02
1.626190360714310259e+02,1.220788369074452362e+02
1.436377452040837284e+02,8.858244125918531608e+01
1.514535708553443669e+02,1.042140925617065932e+02
1.620607628106267271e+02,1.047723658225109489e+02
7.273704108193356888e+01,1.086802786481412681e+02
8.111113999399850627e+01,1.097968251697499227e+02
1.743427745483219837e+02,1.125881914737715874e+02
