1.351921346778443080e+02,9.890234455759855337e+01
1.394604232941852047e+02,1.026370970968968095e+02
1.437287119105261013e+02,1.063718496361950656e+02
9.090864028330770452e+01,8.449687047744811252e+01
4.715868196581374150e+01,7.596029324476631928e+01
5.302757881328244594e+01,8.022858186110721590e+01
1.994834203664061079e+01,7.009139639729761484e+01
1.354590911212932269e+01,7.489322109068109512e+01
9.811156572831066569e+00,8.182919009223502371e+01
7.677012264660618257e+00,8.556394263153333668e+01
8.210548341703201913e+00,9.036576732491681696e+01
4.475795802404945789e+00,7.169200462842547950e+01
1.954817113836592739e+02,2.580790200276106816e+01
1.986829278459148895e+02,2.900911846501668379e+01
1.917469588443610178e+02,5.621945839418975766e+01
8.610681558992422424e+01,6.849078816616980703e+01
1.506646809120799730e+02,1.047712414050672578e+02
1.234543409829068992e+02,5.835360270236020597e+01
7.223487758681636706e+01,8.022858186110721590e+01
