1.553614836809746862e+02,7.099104145876799521e+01
6.101330260504261105e+01,9.053060558691959159e+01
6.492121543067293032e+01,7.880686711002866218e+01
5.989675608343389968e+01,1.851335494316077757e+01
1.188525565426135699e+01,2.074644798637808663e+01
2.025935456632629439e+01,2.186299450798674116e+01
2.528381391356532504e+01,1.628026189994341166e+01
3.700755239045628286e+01,1.460544211753045829e+01
2.863345347839134547e+01,1.013925603109578333e+01
7.419069567826738876e+00,2.077679903558293972e+02
7.217876782112927003e+01,6.038384950348569191e+01
