1.578795054396750857e+02,2.267492812231766948e+02
1.534133193532404107e+02,2.133507229638727267e+02
1.215917434873935008e+02,2.066514438342207427e+02
5.292413240846059352e+01,1.407751990593095570e+02
6.353132436374295366e+01,1.480327514497658399e+02
7.916297566626423077e+01,1.257018210175925788e+02
7.916297566626423077e+01,1.190025418879405379e+02
1.298567739074182441e+02,1.161735075995544548e+02
1.442622479875687418e+02,1.124387550602561987e+02
1.053141143634582022e+02,1.508533526073240978e+02
1.047805782864155617e+02,1.588563937629632505e+02
1.042470422093729780e+02,1.391155589123866889e+02
1.970823196147870817e+02,1.279113012944918637e+02
2.050853607704262345e+02,1.145728993684266470e+02
1.037135061323303376e+02,1.727283317660711077e+02
1.101159390568416825e+02,1.791307646905823958e+02
1.106494751338842661e+02,1.711277235349432431e+02
7.917084658837029565e+01,1.449844557598553934e+02
