2.249244760954360345e+01,1.106284429758756005e+02
3.589100586884768518e+01,1.083953499326582914e+02
5.375575021458627134e+01,1.056039836286365698e+02
1.910909723724519722e+02,9.667161145576727677e+01
1.949988851980822915e+02,1.072788034110495801e+02
1.079082565126064424e+02,1.329593734080489185e+02
8.613559934123753692e+01,9.834643123818028698e+01
1.244352891506565584e+01,7.545722754520267017e+01
1.302391869447797603e+02,1.683853516074776735e+01
1.414046521608664193e+02,5.114796683856809523e+00
