7.223487758681636706e+01,2.653944665639608047e+01
7.863731051132771199e+01,2.227115804005524069e+01
3.115259965453543600e+01,1.533518903850131210e+01
7.650316620315726368e+01,3.560955996612045737e+01
8.183852697358338446e+01,3.240834350386478491e+01
6.529890858526243846e+01,6.548758028050659163e+01
6.529890858526243846e+01,8.042659043769964455e+01
8.557327951288164058e+01,9.216438413263705343e+01
1.015793618241599461e+02,8.736255943925357315e+01
1.255884852910773475e+02,7.562476574431616427e+01
1.325244542926313329e+02,7.722537397544400051e+01
2.146890101571931950e+02,1.343137342190032086e+02
2.248261956210027961e+02,1.353808063730884328e+02
2.221585152357897073e+02,1.305789816797049525e+02
1.794756290723809684e+02,2.143441457753946224e+02
1.517317530661652540e+02,2.282160837785024796e+02
5.889647566075115037e+01,1.332466620649179845e+02
5.035989842806941397e+01,1.108381468291283909e+02
2.061524329245114018e+02,7.349062143614571596e+01
