1.207485415111061116e+02,2.632918059442141612e+01
1.659686756362570463e+02,7.043276819796366794e+01
1.386132858568446977e+02,8.159823341405029851e+01
1.419629254216707182e+02,8.718096602209362800e+01
1.520118441161486658e+02,1.100701697150712448e+02
1.754593210699306951e+02,1.290514605824185423e+02
1.843916932427999313e+02,9.946297775978894151e+01
1.804837804171696121e+02,8.885578580450663821e+01
2.245873680207119492e+02,1.016960708030062506e+02
2.178880888910599083e+02,1.608730364482654522e+02
2.212377284558859287e+02,1.558485771010265353e+02
2.190046354126686197e+02,1.480327514497658399e+02
2.290535541071465673e+02,1.619895829698741636e+02
2.268204610639292582e+02,4.419392494016005912e+01
1.620607628106267271e+02,1.125580255270443786e+01
