1.441960184648880272e+02,2.130773784185513762e+02
1.486622045513227590e+02,2.203349308090077159e+02
1.520118441161486658e+02,2.292673029818770090e+02
1.732262280267133860e+02,2.125191051577470489e+02
1.598276697674094180e+02,1.633910582069657949e+02
1.626190360714310259e+02,1.745565234230524538e+02
1.631773093322353247e+02,1.851637153783347571e+02
1.631773093322353247e+02,1.952126340728127616e+02
1.581528499849964078e+02,2.002370934200517354e+02
1.704348617226916645e+02,2.030284597240734001e+02
1.726679547659089735e+02,2.175435645049860511e+02
1.910909723724519722e+02,1.723234303798351448e+02
2.206794551950815162e+02,2.007953666808560911e+02
1.464291115081054500e+02,1.114716449521629329e+02
1.564780302025833976e+02,1.053306390833152477e+02
1.598276697674094180e+02,9.583999364964159895e+01
1.648521291146483350e+02,1.008644529968806296e+02
1.732262280267133860e+02,1.025392727792935830e+02
1.698765884618873656e+02,1.109133716913585772e+02
1.799255071563653132e+02,1.109133716913585772e+02
1.882996060684302506e+02,1.081220053873369125e+02
1.922075188940606836e+02,1.064471856049239022e+02
1.285643671623667501e+02,5.061985952449072101e+01
1.397298323784534091e+02,6.346014452299033337e+01
1.536866638985616760e+02,7.909179582551166732e+01
1.123744425990411742e+02,2.114025586361383944e+02
1.062334367301934321e+02,1.745565234230524538e+02
1.112578960774324628e+02,1.896299014647694321e+02
1.369384660744318012e+02,1.494342266868575280e+02
1.045586169477805356e+02,1.103550984305542784e+02
1.006507041221501026e+02,1.014227262576849284e+02
8.836869238445484598e+01,3.163856865714342348e+01
1.034420704261718242e+02,4.336230713403438131e+01
2.268204610639292582e+02,1.098245800738311573e+01
1.520118441161486658e+02,8.191091703361450982e+00
1.330305532488013682e+02,2.996374887473041326e+01
4.482337804171692142e+01,5.957998660144141923e+00
1.970108130552199555e+01,2.605583604910009399e+01
1.244352891506565584e+01,7.853352256470731163e+01
1.754593210699306951e+02,1.237536566898582464e+02
1.888578793292346631e+02,1.477594069044445177e+02
2.005816178061256210e+02,1.259867497330755555e+02
2.173298156302556094e+02,1.483176801652488166e+02
1.246564543367364308e+02,4.392058039483873699e+01
1.229816345543234206e+02,2.181018377657903784e+02
1.894161525900389620e+02,9.304862734561993420e+01
1.726679547659089735e+02,9.025726104159826946e+01
