1.087514584888938316e+02,8.858244125918531608e+01
9.479462696878550787e+01,6.680978408781635380e+01
9.937091326527024648e+00,1.271032962546842100e+02
6.029178500896705373e+00,1.204040171250322260e+02
4.912631979288050843e+00,2.002370934200517354e+02
8.262271544114071276e+00,2.030284597240734001e+02
2.148233780417169214e+02,5.957998660144141923e+00
1.897010813055219955e+02,2.605583604910009399e+01
1.824435289150656558e+02,7.853352256470731163e+01
1.288492958778497837e+02,9.335393129051112737e-01
1.333154819642844586e+02,3.752660521008124306e-01
1.528550460924360550e+02,1.499924999476618268e+02
1.115428247929154963e+02,1.589248721205311767e+02
1.137759178361328054e+02,1.678572442934004698e+02
1.260579295738281189e+02,7.632818442557095295e+00
