9.270725709102811152e+01,1.912040858859700165e+02
1.775394933408030624e+02,1.250456123326864031e+02
1.956797199602517026e+02,1.255791484097290436e+02
1.919449674209534464e+02,1.335821895653681395e+02
1.802071737260160376e+02,7.009139639729761484e+01
1.524632977198003232e+02,1.079724578673229303e+02
1.267684553463658403e+01,6.849078816616980703e+01
7.875020841253160597e+00,6.422249954982891040e+01
1.854574238210528847e+01,6.422249954982891040e+01
3.401828861634095347e+01,5.835360270236020597e+01
1.311218546380959538e+02,6.528957170391413456e+01
1.231188134824568010e+02,6.155481916461587844e+01
1.161828444809029293e+02,6.262189131870110259e+01
9.377432924511327883e+01,6.795725208912722337e+01
9.003957670581502271e+01,8.182919009223502371e+01
7.875020841253160597e+00,9.143283947900204112e+01
1.994144724995500724e+02,7.329261285955328731e+01
2.116858022715300081e+02,6.315542739574368625e+01
3.882011330972449059e+01,9.570112809534288090e+01
8.523775201243148558e+01,2.153961338642017154e+01
