1.808115417191913821e+00,8.256073474587009287e+01
2.194908348505767322e+02,1.385820228353441053e+02
2.253597316980454366e+02,1.423167753746423614e+02
2.184237626964914512e+02,1.892679501543919969e+02
6.209769212300682284e+01,1.028351056734892381e+02
6.369830035413463065e+01,1.076369303668727753e+02
3.382028003974846797e+01,9.910035313419098202e+01
4.449100158060070953e+01,9.483206451785008539e+01
1.250549492140347070e+02,1.055027860587023270e+02
8.984156812922253721e+01,1.108381468291283909e+02
9.090864028330770452e+01,1.071033942898301348e+02
1.621358949734235466e+01,1.225759405240657998e+02
3.942259725362362133e+00,1.188411879847675436e+02
9.811156572831066569e+00,1.145728993684266470e+02
2.261602242185369960e+01,9.589913667193536639e+01
1.621358949734235466e+01,9.003023982446666196e+01
1.087822872691629073e+01,5.588393089373960265e+01
7.330194974090159121e+01,9.003023982446666196e+01
