2.121342276731837728e+01,1.223779319474733711e+02
3.508536077042623447e+01,1.314480452571977480e+02
4.415547408015055453e+01,1.325151174112829722e+02
5.002437092761925896e+01,1.394510864128368439e+02
5.749387600621577121e+01,1.389175503357942603e+02
6.229570069959930834e+01,1.405181585669220681e+02
7.296642224045154990e+01,1.650608181108821100e+02
9.110664885990019002e+01,1.325151174112829722e+02
9.164018493694283052e+01,1.437193750291777405e+02
7.990239124200542165e+01,1.399846224898794844e+02
