1.570363034633876964e+02,1.416184010355968326e+02
1.659686756362570463e+02,1.511090464692704813e+02
1.810420536779740246e+02,2.175435645049860511e+02
1.905326991116476734e+02,2.114025586361383944e+02
1.101413495558237514e+02,2.175435645049860511e+02
1.162823554246714934e+02,2.203349308090077159e+02
1.201902682503018127e+02,2.058198260280950649e+02
2.167715423694511969e+02,2.275924831994640272e+02
2.284952808463422684e+02,2.292673029818770090e+02
2.050478038925602391e+02,2.287090297210726817e+02
