2.548171138365927391e+01,2.580790200276106816e+01
2.868292784591488953e+01,2.900911846501668379e+01
2.174695884436101778e+01,5.621945839418975766e+01
1.850089984193995747e+02,8.129565401519244006e+01
1.844754623423569342e+02,8.503040655449069618e+01
1.855425344964422152e+02,9.036576732491681696e+01
1.914114313439109196e+02,8.716455086266114449e+01
2.143534826567430969e+02,1.047712414050672578e+02
1.503291534116298749e+02,1.079724578673229303e+02
1.513962255657151559e+02,1.149084268688768589e+02
1.551309781050134120e+02,1.191767154852176986e+02
