1.941672673919566137e+02,2.493928952749143946e+01
1.986334534783913455e+02,2.884720235312175873e+01
1.941672673919566137e+02,5.676086539333834935e+01
3.796085457679396313e+00,7.127597017425097192e+01
1.384500415215734392e+01,7.462560973907699235e+01
1.998601002100502910e+01,7.071769691344667308e+01
9.378818065722725805e+00,7.853352256470731163e+01
1.607809719537470983e+01,8.355798191194628544e+01
8.820544804918370119e+00,8.579107495516365134e+01
7.145725022505359902e+00,8.969898778079397061e+01
9.032844088235088975e+01,8.299970865114198659e+01
9.591117349039421924e+01,8.076661560792462069e+01
1.003773595768288374e+02,8.467452843355493997e+01
8.697880131752486932e+01,6.960115039183801855e+01
1.338737552250887575e+02,9.807308669285896485e+01
1.400147610939364426e+02,1.036558193009022375e+02
1.483888600060014369e+02,1.042140925617065932e+02
1.606708717436967504e+02,1.030975460400979387e+02
1.400147610939364426e+02,9.081553430240262514e+01
1.500636797884143903e+02,9.416517386722858873e+01
1.589960519612837402e+02,8.969898778079397061e+01
1.980751802175869329e+02,3.387166170036073254e+01
4.845794632202597541e+01,7.462560973907699235e+01
5.236585914765629468e+01,8.020834234712032185e+01
5.013276610443898562e+01,8.858244125918531608e+01
1.227082900090021553e+02,5.731913865414270504e+01
6.129823132052558776e+01,1.030975460400979387e+02
