1.912134227673183773e+02,1.223779319474733711e+02
2.050853607704262345e+02,1.314480452571977480e+02
2.141554740801505545e+02,1.325151174112829722e+02
2.200243709276192590e+02,1.394510864128368439e+02
2.274938760062157712e+02,1.389175503357942603e+02
5.622879527553811840e+01,3.541155138952802872e+01
5.035989842806941397e+01,4.661580900742279709e+01
4.342392942651548537e+01,3.327740708135758041e+01
4.822575411989896566e+01,2.847558238797410013e+01
3.408723648319721633e+00,9.268283614440122165e+00
1.301237303508668219e+01,1.460364438486624294e+01
1.415945676023556530e+02,6.368896347278632675e+01
1.138506915961399386e+02,5.835360270236020597e+01
1.207866605976938672e+02,5.621945839418975766e+01
1.239878770599495397e+02,5.995421093348807062e+01
7.490255797202945587e+01,4.341459254516718147e+01
