1.684866973949573890e+02,9.307638224970105512e+00
1.796521626110440479e+02,6.516271920948440766e+00
1.941672673919566137e+02,1.042418474657876004e+01
1.215917434873935008e+02,4.280403387323002562e+01
1.305241156602627939e+02,4.168748735162137109e+01
1.243831097914151087e+02,5.006158626368636533e+01
1.338737552250887575e+02,4.615367343805604605e+01
1.115428247929154963e+02,2.050085834513765803e+00
1.165672841401544702e+02,6.516271920948440766e+00
1.215917434873935008e+02,2.828892909231740305e+01
1.411313076155450972e+02,1.824001039783945544e+01
1.450392204411754165e+02,2.608359095318121490e+00
1.573212321788707300e+02,1.042418474657876004e+01
1.601125984828923947e+02,9.307638224970105512e+00
1.031687258808505021e+02,7.183424343505532761e+01
1.254996563130238201e+02,6.513496430540334359e+01
1.282910226170454848e+02,6.011050495816436978e+01
2.103571919552823033e+02,1.371522149491622145e+02
2.142651047809126226e+02,1.449680406004228530e+02
