2.111522661944874812e+02,6.795725208912722337e+01
1.209846691742863527e+02,1.207773237163455633e+02
1.284541742528829786e+02,1.271797566408568514e+02
1.161828444809029293e+02,1.554571687241151494e+02
1.241858856365420820e+02,1.773321478828621593e+02
9.270725709102811152e+01,1.922711580400552407e+02
8.737189632060193389e+01,2.232162505085265707e+02
1.866096066505273825e+02,1.460364438486624294e+01
1.055121229400506877e+02,2.098778485824613540e+02
1.076462672482211360e+02,2.050760238890778169e+02
