1.447542917256924397e+02,6.987449493715934068e+01
1.609442162890180157e+02,1.284931873216141867e+02
1.079082565126064424e+02,8.159823341405029851e+01
1.146075356422584832e+02,8.997233232611529274e+01
1.213068147719104104e+02,1.000212510205932404e+02
9.283487847088946410e+01,2.186299450798674116e+01
9.227660521008516525e+01,3.805291907131237394e+01
4.370683152010832373e+01,2.577090733361706043e+01
7.162049456032485750e+01,1.178859953663319402e+02
7.441186086434657909e+01,1.145363558015059198e+02
