1.704055157626565347e+02,7.222554070546806315e+01
1.757408765330827123e+02,8.129565401519244006e+01
1.848109898428070323e+02,9.623466417238552140e+01
1.933475670754888256e+02,1.021035610198542258e+02
2.162896183883210028e+02,1.501218079536890855e+02
1.421281036793982935e+02,2.847558238797410013e+01
1.554665056054635102e+02,2.954265454205932429e+01
1.399939593712278452e+02,1.940546907824972322e+01
1.389268872171425642e+02,1.460364438486624294e+01
1.997500000000001705e+02,1.138413547147916347e+02
1.992164639229575300e+02,1.218443958704307306e+02
1.986829278459148895e+02,1.319815813342403317e+02
