1.924924476095436034e+02,1.106284429758756005e+02
2.058910058688476852e+02,1.083953499326582914e+02
2.237557502145862713e+02,1.056039836286365698e+02
1.478305867451970812e+02,1.089536231934625903e+02
1.539715926140447664e+02,9.722988471657163245e+01
1.690449706557616878e+02,1.217939081919622595e+02
1.656953310909356674e+02,1.106284429758756005e+02
1.601125984828923947e+02,1.206773616703535481e+02
1.623456915261097038e+02,1.703636818819391578e+02
9.758599327280717262e+01,1.753881412291781317e+02
1.014939060984374919e+02,1.798543273156128066e+02
8.865362109993787953e+01,1.474744781889614842e+02
1.601125984828923947e+02,2.261910079623723959e+02
1.428061273979581074e+02,2.060931705734163870e+02
1.824435289150656558e+02,7.545722754520267017e+01
1.171255574009588258e+02,1.871118797060690895e+02
7.246369653661224675e+01,1.262600942783968776e+02
3.561766132352630621e+01,2.100010833990467063e+02
