2.042161860864346750e+02,1.192874706034235714e+02
2.097989186944780045e+02,1.153795577777932522e+02
2.114737384768909010e+02,1.120299182129672317e+02
1.902593545663262944e+02,1.081220053873369125e+02
1.902593545663262944e+02,1.030975460400979387e+02
1.908176278271307069e+02,9.751481343205460917e+01
5.850686501650392302e+01,6.290187126218603453e+01
5.962341153811257755e+01,7.071769691344667308e+01
1.121010980537198520e+02,1.672989710325961141e+02
1.176838306617631247e+02,1.767896164662697629e+02
2.282219363010208895e+02,1.628327849461614960e+02
6.799751045017757178e+01,8.467452843355493997e+01
8.418743501350320457e+01,8.746589473757660471e+01
6.743923718937327294e+01,1.120299182129672317e+02
8.809534783913352385e+01,1.181709240818149169e+02
9.088671414315518859e+01,1.243119299506625453e+02
5.348240566926494921e+01,9.863135995366326370e+01
4.734139980041732088e+01,1.003061797360762739e+02
1.076349119672851771e+02,9.360690060642428989e+01
1.171255574009588258e+02,9.583999364964159895e+01
1.182421039225674804e+02,9.193208082401127967e+01
8.307088849189455004e+01,1.036558193009022375e+02
1.048435456632635123e+02,1.036558193009022375e+02
1.104262782713068418e+02,1.064471856049239022e+02
1.160090108793501713e+02,1.053306390833152477e+02
1.327572087034801029e+02,1.014227262576849284e+02
2.215226571713689623e+02,8.746589473757660471e+01
5.013276610443898562e+01,9.416517386722858873e+01
9.256153392556819881e+01,1.081220053873369125e+02
