1.826768455346365840e+02,6.849078816616980703e+01
1.778750208412531606e+02,6.422249954982891040e+01
1.885457423821052885e+02,6.422249954982891040e+01
2.040182886163409535e+02,5.835360270236020597e+01
1.666707632233582785e+02,7.275907678251070365e+01
1.693384436085713673e+02,6.742371601208458287e+01
1.293232378303756036e+02,8.769808693970372815e+01
1.133171555190973550e+02,7.169200462842547950e+01
1.106494751338842661e+02,6.742371601208458287e+01
1.058476504405007859e+02,7.062493247434025534e+01
6.049708389187895818e+01,7.489322109068109512e+01
5.356111489032502959e+01,1.005029527887263612e+02
1.005122896700747219e+02,1.869357972696291199e+02
1.042470422093729780e+02,1.794662921910326077e+02
1.778750208412531606e+02,9.143283947900204112e+01
1.479970005268669979e+02,8.716455086266114449e+01
1.010458257471173056e+02,8.823162301674636865e+01
7.917084658837029565e+01,8.556394263153333668e+01
9.517692889964860115e+01,1.005029527887263612e+02
1.021128979012025297e+02,1.005029527887263612e+02
2.088201133097244906e+02,9.570112809534288090e+01
