4.055157626565346618e-01,7.222554070546806315e+01
5.740876533082712285e+00,8.129565401519244006e+01
1.481098984280703235e+01,9.623466417238552140e+01
2.334756707548882559e+01,1.021035610198542258e+02
4.628961838832100284e+01,1.501218079536890855e+02
9.804261786145417545e+01,1.341157256424107800e+02
2.975000000000017053e+01,1.138413547147916347e+02
2.921646392295753003e+01,1.218443958704307306e+02
2.868292784591488953e+01,1.319815813342403317e+02
9.590847355328372714e+01,2.264174669707822147e+02
