2.134219028046252902e+02,1.064471856049239022e+02
1.860665130252129416e+02,8.467452843355493997e+01
1.922075188940606836e+02,8.746589473757660471e+01
1.503370243337357692e+02,1.064471856049239022e+02
1.626190360714310259e+02,1.058889123441196034e+02
1.514535708553443669e+02,1.137047379953802420e+02
2.416726739195661366e+01,2.493928952749143946e+01
2.863345347839134547e+01,2.884720235312175873e+01
2.416726739195661366e+01,5.676086539333834935e+01
2.807518021758693294e+01,3.387166170036073254e+01
1.609442162890180157e+02,8.634934821596795018e+01
1.397298323784534091e+02,8.076661560792462069e+01
