4.912631979288050843e+00,5.006158626368636533e+01
4.912631979288050843e+00,4.280403387323002562e+01
1.384500415215734392e+01,4.392058039483873699e+01
1.663637045617900867e+01,5.285295256770803007e+01
9.937091326527024648e+00,3.777957452599105181e+01
3.796085457679396313e+00,3.331338843955637685e+01
2.333564958583099269e+01,5.229467930690367439e+01
2.612701588985265744e+01,4.615367343805604605e+01
6.129823132052558776e+01,6.178532474057732315e+01
1.383399413115234324e+02,6.346014452299033337e+01
1.428061273979581074e+02,6.736805734862065265e+01
1.673701508733486776e+02,9.416517386722858873e+01
1.986334534783913455e+02,1.393853079923795235e+02
2.198478373889559521e+02,1.583665988597268210e+02
2.209643839105645498e+02,1.488759534260531723e+02
2.271053897794122918e+02,1.455263138612272087e+02
8.195434197028589551e+01,1.008644529968806296e+02
5.739031849489526849e+01,8.579107495516365134e+01
6.464787088535160819e+01,8.802416799838096040e+01
1.673701508733486776e+02,1.605996919029441301e+02
1.740694300030007184e+02,1.617162384245528415e+02
1.595543252220880390e+02,1.187291973426192158e+02
1.690449706557616878e+02,1.204040171250322260e+02
