4.314855825930391120e+01,1.284931873216141867e+02
4.426510478091262257e+01,1.234687279743752697e+02
6.436294216986851779e+01,1.296097338432228980e+02
7.217876782112927003e+01,1.318428268864402071e+02
7.162049456032485750e+01,1.379838327552878354e+02
7.887804695078119721e+01,1.368672862336792377e+02
6.547948869147722917e+01,1.424500188417225672e+02
2.117470830222122800e+02,2.206082753543290664e+02
2.178880888910599083e+02,2.194917288327203551e+02
2.195629086734729185e+02,2.144672694854813813e+02
2.139801760654295890e+02,1.999521647045687587e+02
2.173298156302556094e+02,1.988356181829601041e+02
2.156549958478425992e+02,1.915780657925037644e+02
2.106305365006035686e+02,1.809708738372214611e+02
2.150967225870383004e+02,2.094428101382424074e+02
1.676434954186700566e+02,1.854370599236560793e+02
1.654104023754526338e+02,1.776212342723954407e+02
1.592693965066050055e+02,1.765046877507867862e+02
1.453125649864967386e+02,1.765046877507867862e+02
1.464291115081054500e+02,1.703636818819391578e+02
1.514535708553443669e+02,1.753881412291781317e+02
1.564780302025833976e+02,1.435665653633311649e+02
1.229816345543234206e+02,1.765046877507867862e+02
1.274478206407581524e+02,1.753881412291781317e+02
1.386132858568446977e+02,1.787377807940041521e+02
1.162823554246714934e+02,1.815291470980257600e+02
1.224233612935191218e+02,1.977190716613514496e+02
