3.915564081017458875e+01,1.727132477007927491e+01
4.182332119538762072e+01,1.407010830782365929e+01
9.677753713077646580e+01,5.035056154672105322e+01
9.997875359303208143e+01,5.408531408601936619e+01
1.117165472879694903e+02,4.501520077629498928e+01
1.186525162895234189e+02,3.861276785178364435e+01
3.648796042496155678e+01,4.466458921056641884e+00
4.929282627398418981e+01,2.314022161754797935e+01
4.662514588877110100e+01,1.727132477007927491e+01
4.449100158060070953e+01,3.327740708135758041e+01
