1.295212464069681459e+02,1.933382301941404080e+02
1.193840609431585449e+02,1.890699415777995682e+02
1.151157723268176483e+02,1.970729827334387210e+02
1.284541742528829786e+02,1.805333643451178318e+02
1.887437509586978308e+02,1.271797566408568514e+02
1.978138642684221509e+02,1.218443958704307306e+02
2.266248124287231462e+02,1.250456123326864031e+02
1.391248957937351065e+02,7.969504578406463224e+01
9.377432924511327883e+01,1.693291067272230066e+02
8.737189632060193389e+01,1.682620345731377824e+02
8.683836024355940708e+01,1.751980035746917110e+02
1.033779786318802394e+02,1.773321478828621593e+02
1.615334110295247569e+02,7.009139639729761484e+01
1.604663388754394759e+02,5.728653054827498181e+01
1.674023078769934614e+02,4.448166469925234878e+01
1.914114313439109196e+02,1.993900515529236372e+01
1.972803281913796241e+02,1.887193300120713957e+01
2.020821528847630475e+02,3.327740708135758041e+01
2.031492250388483285e+02,2.954265454205932429e+01
2.159540908878709047e+02,4.661580900742279709e+01
2.052833693470187768e+02,4.608227293038021344e+01
2.084845858092743924e+02,7.542675716772373562e+01
2.170211630419561857e+02,7.009139639729761484e+01
2.010150807306778802e+02,5.088409762376369372e+01
2.079510497322317519e+02,5.835360270236020597e+01
2.282254206598509541e+02,9.730173632647074555e+01
2.079510497322317519e+02,1.138413547147916347e+02
1.946126478061665352e+02,1.143748907918342184e+02
7.029874185523846108e+01,1.373169421046664525e+02
7.456703047157935771e+01,1.357163338735385878e+02
1.060456590170933282e+02,1.271797566408568514e+02
