1.631773093322353247e+02,1.028126173246149619e+02
1.944406119372779926e+02,1.351924664512662275e+02
1.754593210699306951e+02,1.312845536256359082e+02
1.972319782412996005e+02,5.926730298187700896e+01
1.665269488970613452e+02,5.312629711302938063e+01
1.520118441161486658e+02,2.297954102959545253e+01
1.553614836809746862e+02,1.069752929190013901e+01
1.162823554246714934e+02,3.439976901443799306e+00
1.028837971653675254e+02,7.906162987878474269e+00
8.781041912365054714e+01,5.673069944661108366e+00
1.363801928136273887e+02,6.094212276429001918e+01
1.788089606347567155e+02,8.271477993565898146e+01
2.234708214991032378e+02,8.103996015324597124e+01
2.279370075855378559e+02,8.048168689244164398e+01
