5.622879527553811840e+01,1.140242792261057048e+01
1.888126988255538663e+01,1.607925294945412702e+02
1.407944518917190635e+01,1.565242408782003736e+02
1.994834203664061079e+01,1.453199832603055484e+02
2.475016673002414791e+01,1.522559522618594769e+02
3.862210473313194825e+01,1.602589934174986297e+02
4.182332119538762072e+01,1.607925294945412702e+02
9.784460928486163311e+01,9.730173632647074555e+01
1.682713714544862000e+02,1.165090351000046667e+02
1.858780619968923133e+02,1.138413547147916347e+02
