7.552840738595517678e+01,1.003061797360762739e+02
7.385358760354216656e+01,1.047723658225109489e+02
6.994567477791184729e+01,1.153795577777932522e+02
5.989675608343389968e+01,9.137380756320698083e+01
8.836869238445484598e+01,2.281507564602683544e+02
9.283487847088946410e+01,2.220097505914206977e+02
9.953415760054150496e+01,2.130773784185513762e+02
1.341470997704100796e+02,1.706486105974221346e+02
1.307974602055840592e+02,1.767896164662697629e+02
1.330305532488013682e+02,1.639493314677701505e+02
1.235399078151278331e+02,1.667406977717918153e+02
1.570363034633876964e+02,1.578083255989224654e+02
1.575945767241919953e+02,1.527838662516834916e+02
1.687600419402786542e+02,1.321277556019231838e+02
2.100722632397992697e+02,1.784644362486827731e+02
