1.832751467211913337e+02,1.368672862336792377e+02
1.771341408523437053e+02,1.307262803648315526e+02
1.749010478091262826e+02,1.273766408000055890e+02
1.726679547659089735e+02,1.190025418879405379e+02
1.888578793292346631e+02,1.145363558015059198e+02
1.977902515021038994e+02,1.212356349311579038e+02
2.229125482382989389e+02,7.601550080600699744e+01
2.050478038925602391e+02,1.329593734080489185e+02
2.128636295438208776e+02,1.424500188417225672e+02
1.140492623814541844e+02,1.273766408000055890e+02
1.564780302025833976e+02,1.608730364482654522e+02
1.347053730312143784e+02,1.591982166658524989e+02
1.369384660744318012e+02,1.681305888387217919e+02
