9.484140139919855983e+01,6.849078816616980703e+01
2.281403099844618509e+01,6.635664385799935872e+01
3.135060823112797834e+01,6.742371601208458287e+01
2.814939176887224903e+01,7.169200462842547950e+01
1.961281453619056947e+01,8.236272616927766421e+01
1.524632977198003232e+02,7.596029324476631928e+01
1.620669471065672838e+02,6.902432424321239068e+01
1.161828444809029293e+02,5.888713877940284647e+01
1.055121229400506877e+02,1.730638592665212627e+02
2.063504415011039441e+02,5.301824193193414203e+01
9.537493747624108664e+01,6.155481916461587844e+01
1.823413180341864859e+02,1.197102515622603391e+02
1.540639059509282447e+02,9.996941671168377752e+01
