6.157157586584690989e+01,6.513496430540334359e+01
1.855082397644086427e+02,1.019809995184892841e+02
1.972319782412996005e+02,2.292673029818770090e+02
1.665269488970613452e+02,2.231262971130293806e+02
1.520118441161486658e+02,1.929795410295954525e+02
1.553614836809746862e+02,1.806975292919001390e+02
1.335888265096057808e+02,1.533421395124878472e+02
1.453125649864967386e+02,1.622745116853571403e+02
1.408463789000621205e+02,1.544586860340965018e+02
6.659603521308594054e+01,3.610475474357804160e+01
6.268812238745562126e+01,2.884720235312175873e+01
2.050478038925602391e+02,1.248702032114669009e+02
1.235399078151278331e+02,1.427349475572055439e+02
1.162823554246714934e+02,1.734399769014437993e+02
1.028837971653675254e+02,1.779061629878784743e+02
8.781041912365054714e+01,1.756730699446611084e+02
5.989675608343389968e+01,1.533421395124878472e+02
1.278063698978996854e+00,1.354773951667492042e+02
6.994567477791184729e+01,3.724905616926776020e+00
