8.203653555017586996e+01,9.463405594125765674e+01
1.775394933408030624e+02,1.255791484097290436e+02
1.807407098030586781e+02,1.351827977964960041e+02
1.818077819571438454e+02,1.442529111062203810e+02
1.764724211867177814e+02,1.485211997225612208e+02
1.956797199602517026e+02,1.485211997225612208e+02
8.950604062877238221e+01,1.122407464836637701e+02
9.430786532215591933e+01,1.074389217902802898e+02
1.044450507859655204e+02,9.730173632647074555e+01
1.097804115563915843e+02,9.996941671168377752e+01
5.589326777508796340e+01,7.862797362997940809e+01
2.708231961478708172e+01,7.275907678251070365e+01
6.176216462255666784e+01,1.634602098797543022e+02
9.430786532215591933e+01,5.621945839418975766e+01
1.055121229400506877e+02,5.995421093348807062e+01
1.284541742528829786e+02,6.635664385799935872e+01
7.776824693383497333e+01,4.608227293038021344e+01
6.274412610125239098e+00,1.981703047158021036e-01
1.427745376576439185e+01,5.995421093348807062e+01
