1.771341408523437053e+02,1.477594069044445177e+02
1.843916932427999313e+02,1.472011336436401621e+02
1.977902515021038994e+02,1.449680406004228530e+02
2.123053562830165788e+02,1.477594069044445177e+02
2.039312573709516414e+02,1.617162384245528415e+02
1.626190360714310259e+02,1.159378310385975510e+02
1.721096815051046747e+02,1.287781160370972202e+02
9.841761107893279359e+01,8.355798191194628544e+01
1.084665297734108549e+02,1.003061797360762739e+02
1.274478206407581524e+02,6.066877821896866863e+01
2.751690695678263410e+01,4.057094083001271656e+01
3.142481978241295337e+01,3.554648148277374275e+01
6.101330260504261105e+01,3.554648148277374275e+01
