2.445219610743970406e+01,6.346014452299033337e+01
3.226802175870034262e+01,8.523280169435929565e+01
3.115147523709168809e+01,9.137380756320698083e+01
6.241477784213424229e+01,1.164961042994019067e+02
7.972124892706858645e+01,1.137047379953802420e+02
9.311980718637255450e+01,1.142630112561845976e+02
1.193586504441761349e+02,1.338025753843361940e+02
1.411313076155450972e+02,1.036558193009022375e+02
1.439226739195667619e+02,1.103550984305542784e+02
1.383399413115234324e+02,1.103550984305542784e+02
1.316406621818714484e+02,1.198457438642279271e+02
1.483888600060014369e+02,9.081553430240262514e+01
1.612291450045010492e+02,1.025392727792935830e+02
1.891428080447176967e+02,1.109133716913585772e+02
1.975169069567826341e+02,1.176126508210105612e+02
2.271053897794122918e+02,1.003061797360762739e+02
2.254305699969992816e+02,1.237536566898582464e+02
