9.652162611044047935e+00,6.516271920948440766e+00
2.416726739195661366e+01,1.042418474657876004e+01
1.090248030342151537e+02,2.438101626668708377e+01
1.218650880327148229e+02,2.326446974507842924e+01
1.765758675915392928e+02,7.909179582551166732e+01
1.849499665036043439e+02,9.249035408481563536e+01
1.882996060684302506e+02,1.042140925617065932e+02
1.871830595468216529e+02,1.153795577777932522e+02
1.955571584588865903e+02,1.226371101682495350e+02
1.983485247629083119e+02,1.265450229938799112e+02
1.207485415111061116e+02,1.963291805944214161e+02
2.268204610639292582e+02,2.141939249401600591e+02
1.620607628106267271e+02,1.812558025527044379e+02
1.246564543367364308e+02,9.974790647527191823e+01
1.307974602055840592e+02,9.974790647527191823e+01
1.319140067271927705e+02,5.955223169736001410e+01
1.240981810759321320e+02,6.625151082701199812e+01
1.179571752070845037e+02,4.615367343805604605e+01
1.179571752070845037e+02,3.666302800438239728e+01
1.983485247629083119e+02,1.824001039783945544e+01
4.035719195528230330e+01,1.371522149491622145e+02
4.426510478091262257e+01,1.449680406004228530e+02
