1.433644006587624062e+02,1.893449727492864554e+02
1.495054065276100914e+02,1.893449727492864554e+02
1.522967728316317562e+02,2.049766240518077325e+02
1.684866973949573890e+02,1.977190716613514496e+02
1.751859765246093161e+02,1.982773449221557485e+02
2.103571919552823033e+02,2.222830951367420766e+02
1.595543252220880390e+02,2.267492812231766948e+02
1.645787845693270697e+02,1.329593734080489185e+02
1.651370578301313685e+02,1.229104547135709140e+02
2.064492791296519840e+02,8.773923928289798368e+01
