1.556464123964577198e+02,1.444097673396184973e+02
1.511802263100231016e+02,1.499924999476618268e+02
2.042161860864346750e+02,3.777957452599105181e+01
1.952838139135653250e+02,4.001266756920836087e+01
1.617874182653054049e+02,1.393853079923795235e+02
1.048435456632635123e+02,1.477594069044445177e+02
1.534133193532404107e+02,2.164270179833773682e+02
1.400147610939364426e+02,1.879550816823564219e+02
1.416895808763494529e+02,1.823723490743130924e+02
1.589960519612837402e+02,1.689737908150091243e+02
1.534133193532404107e+02,1.767896164662697629e+02
1.495054065276100914e+02,1.583665988597268210e+02
1.327572087034801029e+02,1.460845871220315075e+02
1.271744760954367734e+02,1.539004127732921461e+02
1.243831097914151087e+02,1.488759534260531723e+02
1.662536043517400799e+02,1.516673197300748370e+02
1.701615171773703992e+02,1.360356684275535599e+02
1.550881391356534209e+02,2.264759366778553726e+02
