1.897010813055219955e+02,9.443851841254996771e+01
1.997499999999999432e+02,9.667161145576727677e+01
2.053327326080432726e+02,1.044874371070279722e+02
1.824435289150656558e+02,1.072788034110495801e+02
2.075658256512605817e+02,1.391003792768965468e+02
2.265471165186078792e+02,1.474744781889614842e+02
1.908176278271307069e+02,3.439976901443799306e+00
1.997499999999999432e+02,1.460544211753045829e+01
2.153816513025212203e+02,2.688745385522577180e+01
2.254305699969992816e+02,1.580816701442438443e+02
2.114737384768909010e+02,1.268183675392012333e+02
2.198478373889559521e+02,1.245852744959838674e+02
2.220809304321732611e+02,1.095118964542668891e+02
2.153816513025212203e+02,1.044874371070279722e+02
2.137068315201083237e+02,1.150946290623102186e+02
