4.120039393156963570e+01,1.042418474657876004e+01
1.009356328376331930e+02,5.957998660144141923e+00
1.104262782713068418e+02,7.074545181752796452e+00
1.121010980537198520e+02,1.377382431140478047e+01
1.199169237049804906e+02,1.712346387623074406e+01
1.277327493562411291e+02,2.493928952749143946e+01
1.344320284858931132e+02,5.061985952449072101e+01
1.874679882623046865e+02,3.108029539633906779e+01
1.952838139135653250e+02,3.777957452599105181e+01
2.164981978241299316e+02,1.633910582069657949e+02
1.305241156602627939e+02,1.047723658225109489e+02
1.388982145723277881e+02,1.259867497330755555e+02
1.416895808763494529e+02,1.896299014647694321e+02
2.276636630402165906e+02,1.047723658225109489e+02
1.160090108793501713e+02,1.003061797360762739e+02
1.735111567421964196e+02,4.057094083001271656e+01
1.964003604351740364e+02,8.244143539033763091e+01
1.830018021758699547e+02,6.234359800138167884e+01
1.964003604351740364e+02,6.792633060942500833e+01
1.662536043517400799e+02,9.751481343205460917e+01
1.634622380477183583e+02,1.248702032114669009e+02
1.294075691386541394e+02,6.516271920948440766e+00
1.891428080447176967e+02,1.254284764722711998e+02
1.595543252220880390e+02,1.137047379953802420e+02
