7.637160936224256602e+01,1.050457103678322710e+02
7.916297566626423077e+01,9.388024515174561202e+01
2.003082732608043557e+02,5.647593667785537264e+01
2.014248197824129534e+02,6.485003558992033845e+01
2.086823721728692931e+02,6.764140189394200320e+01
1.439226739195667619e+02,1.240270012351795685e+02
1.556464123964577198e+02,1.240270012351795685e+02
5.180758588685193899e+01,1.083953499326582914e+02
1.305241156602627939e+02,2.116759031814597165e+02
1.193586504441761349e+02,2.060931705734163870e+02
9.758599327280717262e+01,7.992341363163731671e+01
1.936089941311523148e+02,5.647593667785537264e+01
1.908176278271307069e+02,8.159823341405029851e+01
