1.947255406527610262e+02,4.112921409081707225e+01
2.025413663040216647e+02,3.833784778679540750e+01
1.550881391356534209e+02,2.248011168954423624e+02
1.517384995708274005e+02,2.169852912441817239e+02
1.338737552250887575e+02,1.940960875512041071e+02
1.388982145723277881e+02,1.823723490743130924e+02
1.506219530492187459e+02,1.488759534260531723e+02
1.545298658748490652e+02,1.449680406004228530e+02
1.651370578301313685e+02,1.539004127732921461e+02
1.696032439165659866e+02,1.438514940788141985e+02
2.109154652160866021e+02,2.050085834513765803e+00
1.109845515321111407e+02,1.656241512501831608e+02
1.176838306617631247e+02,1.700903373366177789e+02
1.221500167481977996e+02,1.767896164662697629e+02
1.126593713145241509e+02,1.522255929908791927e+02
1.165672841401544702e+02,1.494342266868575280e+02
1.014939060984374919e+02,1.488759534260531723e+02
1.411313076155450972e+02,1.371522149491622145e+02
1.271744760954367734e+02,1.511090464692704813e+02
1.735111567421964196e+02,1.371522149491622145e+02
1.584377787004793845e+02,1.684155175542048255e+02
1.517384995708274005e+02,1.561335058165095120e+02
