1.020521793592418476e+02,1.321555105060042479e+01
1.076349119672851771e+02,5.399725399339786236e+00
1.143341910969371611e+02,4.841452138535430549e+00
4.901621958283027425e+01,2.102860121145297114e+02
1.277327493562411291e+02,1.153795577777932522e+02
1.299658423994584382e+02,1.097968251697499227e+02
1.361068482683061234e+02,1.148212845169888965e+02
1.584377787004793845e+02,1.717651571190307891e+02
9.535290022958986356e+01,2.175435645049860511e+02
9.981908631602453852e+01,2.097277388537253842e+02
1.316406621818714484e+02,2.019119132024647456e+02
