9.032844088235088975e+01,8.662269276128927231e+01
9.423635370798120903e+01,8.997233232611529274e+01
7.972124892706858645e+01,7.434068102359398722e+01
1.366651215291104222e+02,1.022543440638106063e+02
8.195434197028589551e+01,2.127924497030684279e+02
9.423635370798120903e+01,2.027435310085904234e+02
1.210334702265891451e+02,2.183751823111117005e+02
1.271744760954367734e+02,2.206082753543290664e+02
1.444809471803711176e+02,6.987449493715934068e+01
1.550881391356534209e+02,5.480111689544236242e+01
1.517384995708274005e+02,4.698529124418172387e+01
1.338737552250887575e+02,2.409608755120410706e+01
1.388982145723277881e+02,1.237234907431309239e+01
1.176838306617631247e+02,9.033733661777887392e-02
1.221500167481977996e+02,6.789616466269762896e+00
1.394564878331320870e+02,6.317521580750735666e+01
1.271744760954367734e+02,6.708312863313767593e+01
1.249413830522194644e+02,7.992341363163731671e+01
1.400147610939364426e+02,7.992341363163731671e+01
1.009356328376331930e+02,1.720385016643521112e+02
9.423635370798120903e+01,2.111176299206554177e+02
1.026104526200462033e+02,2.155838160070900358e+02
