1.291226404231710490e+02,1.310112090803145293e+02
1.235399078151278331e+02,1.220788369074452362e+02
1.140492623814541844e+02,1.097968251697499227e+02
1.051168902085848345e+02,1.025392727792935830e+02
9.506797151410688684e+01,9.249035408481563536e+01
1.843916932427999313e+02,1.578083255989224654e+02
1.793672338955610144e+02,1.667406977717918153e+02
1.843916932427999313e+02,1.739982501622481550e+02
1.860665130252129416e+02,1.935378142903997514e+02
1.871830595468216529e+02,1.857219886391391128e+02
1.347053730312143784e+02,1.645076047285745062e+02
1.486622045513227590e+02,1.684155175542048255e+02
1.257730008583451422e+02,1.539004127732921461e+02
