3.254136630402166475e+01,4.363565167935573186e+01
4.035719195528230330e+01,4.140255863613839438e+01
7.943632021158549605e+01,8.829751254370228253e+01
9.060178542767215504e+01,8.494787297887631894e+01
9.562624477491118569e+01,1.106284429758756005e+02
1.821586001995826223e+02,4.531047146176871365e+01
2.033729841101472289e+02,6.987449493715934068e+01
1.257730008583451422e+02,2.744572711603007065e+01
1.196319949894974002e+02,2.577090733361706043e+01
1.235399078151278331e+02,1.125580255270443786e+01
1.112578960774324628e+02,3.470327950648641036e+01
5.040611064976025091e+01,5.982557624268136465e+01
