2.025413663040216647e+02,1.929795410295954525e+02
2.153816513025212203e+02,2.097277388537253842e+02
2.058910058688476852e+02,2.035867329848777558e+02
1.305241156602627939e+02,2.130773784185513762e+02
1.830018021758699547e+02,1.834888955959218038e+02
1.952838139135653250e+02,1.661824245109874596e+02
1.908176278271307069e+02,1.572500523381181665e+02
1.863514417406959751e+02,1.645076047285745062e+02
1.679284241341530901e+02,1.784644362486827731e+02
1.472723134843927255e+02,1.488759534260531723e+02
1.545298658748490652e+02,1.578083255989224654e+02
1.640205113085227708e+02,3.331338843955637685e+01
1.679284241341530901e+02,3.219684191794772232e+01
1.735111567421964196e+02,2.940547561392605758e+01
2.209643839105645498e+02,1.148212845169888965e+02
2.271053897794122918e+02,1.159378310385975510e+02
1.824435289150656558e+02,1.768173713703509975e+01
2.075658256512605817e+02,2.214792322346977471e+01
1.991917267391956443e+02,2.103137670186106334e+01
2.170564710849342305e+02,3.163856865714342348e+01
2.226392036929775600e+02,3.331338843955637685e+01
2.086823721728692931e+02,3.833784778679540750e+01
2.103571919552823033e+02,4.503712691644739152e+01
2.053327326080432726e+02,4.447885365564303584e+01
2.192895641281516532e+02,4.057094083001271656e+01
2.204061106497602509e+02,5.508604561092533913e+01
2.058910058688476852e+02,5.173640604609937554e+01
1.947255406527610262e+02,1.444097673396184973e+02
2.003082732608043557e+02,1.393853079923795235e+02
1.824435289150656558e+02,1.360356684275535599e+02
1.416895808763494529e+02,1.248702032114669009e+02
1.450392204411754165e+02,1.354773951667492042e+02
1.388982145723277881e+02,1.008644529968806296e+02
4.354358718483695156e+00,1.086802786481412681e+02
2.276636630402165906e+02,9.360690060642428989e+01
1.461557669627840710e+02,2.493928952749143946e+01
1.232665632698064542e+02,2.608359095318121490e+00
2.125902849984996124e+02,1.209622903858365817e+02
2.137068315201083237e+02,1.248702032114669009e+02
2.164981978241299316e+02,1.298946625587058747e+02
2.092406454336735919e+02,1.477594069044445177e+02
9.088671414315518859e+01,1.583665988597268210e+02
9.256153392556819881e+01,1.728817036406394436e+02
8.083779544867724098e+01,2.114025586361383944e+02
