6.157157586584690989e+01,2.248011168954423624e+02
2.137590108793500576e+01,1.566917790773138108e+02
2.472554065276102619e+01,1.661824245109874596e+02
1.300180217586995468e+01,1.834888955959218038e+02
3.254136630402166475e+01,1.924212677687910968e+02
4.069430003000718443e+00,3.052202213553471211e+01
1.034420704261718242e+02,2.326446974507842924e+01
1.118161693382367616e+02,2.270619648427407355e+01
1.017672506437588140e+02,9.335393129051112737e-01
3.254136630402166475e+01,1.645076047285745062e+02
5.822193630102088946e+01,1.695320640758134800e+02
6.268812238745562126e+01,9.025726104159826946e+01
6.938740151710754844e+01,8.244143539033763091e+01
7.664495390756388815e+01,5.396949908931668460e+01
7.887804695078119721e+01,2.203349308090077159e+02
8.055286673319420743e+01,2.270342099386596999e+02
3.756582565126058171e+01,5.731913865414270504e+01
3.700755239045628286e+01,5.117813278529501986e+01
4.091546521608660214e+01,5.285295256770803007e+01
5.319747695378197250e+01,3.331338843955637685e+01
6.212984912665120873e+01,2.773065583151310420e+01
9.953415760054150496e+01,5.957998660144141923e+00
9.841761107893279359e+01,1.042418474657876004e+01
6.436294216986851779e+01,2.214792322346977471e+01
2.919172673919564431e+01,1.991483018025240881e+01
1.858453478391328417e+01,1.349191219059448485e+02
2.528381391356532504e+01,1.382687614707708690e+02
3.086654652160865453e+01,1.254284764722711998e+02
2.974999999999994316e+01,1.349191219059448485e+02
2.472554065276102619e+01,1.444097673396184973e+02
6.860796307022326346e+00,1.338025753843361940e+02
4.147373847689090098e+01,4.447885365564303584e+01
4.817301760654294185e+01,4.447885365564303584e+01
3.979891869447800445e+01,3.777957452599105181e+01
3.533273260804327265e+01,4.503712691644739152e+01
1.411834869747866605e+01,1.768173713703509975e+01
5.598884325780358040e+01,1.153795577777932522e+02
4.259028499849961236e+01,1.215205636466408805e+02
4.426510478091262257e+01,1.254284764722711998e+02
4.649819782412993163e+01,1.310112090803145293e+02
7.217876782112927003e+01,1.449680406004228530e+02
6.380466890906421895e+01,2.080529190713123739e+02
6.324639564825992011e+01,1.996788201592474365e+02
