6.157157586584690989e+01,5.480111689544236242e+01
1.300180217586995468e+01,1.348889559592180376e+01
3.254136630402166475e+01,2.242126776879109684e+01
4.069430003000718443e+00,1.363090129728748821e+02
4.627703263805017286e+00,1.217939081919622595e+02
1.021043587184834678e+01,1.284931873216141867e+02
2.863345347839134547e+01,1.268183675392012333e+02
4.314855825930391120e+01,1.184442686271362390e+02
2.807518021758693294e+01,1.061622568894409255e+02
3.756582565126058171e+01,9.276369863013695749e+01
5.040611064976025091e+01,1.033708905854192608e+02
5.598884325780358040e+01,1.056039836286365698e+02
6.938740151710754844e+01,1.251435477567882231e+02
7.887804695078119721e+01,5.033493080900771588e+01
8.055286673319420743e+01,5.703420993865969990e+01
8.446077955882452670e+01,6.764140189394200320e+01
6.715430847389023938e+01,6.875794841555065773e+01
2.273787343247335571e+02,2.233996416583506743e+02
6.045502934423819852e+01,1.820874203588301157e+02
4.259028499849961236e+01,1.385421060160921911e+02
2.106305365006035686e+02,1.340759199296575161e+02
8.535616089435336562e+00,2.194917288327203551e+02
1.523489521908737743e+01,2.250744614407636845e+02
1.356007543667436721e+01,1.971607984005470939e+02
2.081762782713070692e+01,1.954859786181340837e+02
2.025935456632629439e+01,1.848787866628517804e+02
2.974999999999994316e+01,1.765046877507867862e+02
2.751690695678263410e+01,1.597564899266568545e+02
1.914280804471769670e+01,1.474744781889614842e+02
1.746798826230468649e+01,1.363090129728748821e+02
6.380466890906421895e+01,3.805291907131237394e+01
6.324639564825992011e+01,2.967882015924743655e+01
