5.744249785413728659e+00,1.770629610115911419e+02
1.356007543667436721e+01,1.776212342723954407e+02
1.635144174069597511e+01,1.737133214467651214e+02
2.695863369597833525e+01,1.608730364482654522e+02
7.419069567826738876e+00,1.508241177537875046e+02
1.966737049804953017e+02,9.555506493415862224e+01
7.419069567826738876e+00,8.550614623968064620e+01
1.615171773703991676e-01,7.266586124118100543e+01
1.021043587184834678e+01,6.540830885072466572e+01
1.523489521908737743e+01,7.099104145876799521e+01
5.185976524609316129e+00,1.011377975422019517e+02
7.197904381746980107e-01,9.053060558691959159e+01
2.137590108793500576e+01,1.552903038402221796e+02
