1.746798826230468649e+01,3.108029539633906779e+01
2.528381391356532504e+01,3.777957452599105181e+01
7.441186086434657909e+01,2.108442853753340671e+02
7.943632021158549605e+01,2.147521982009643864e+02
7.999459347238990858e+01,2.214514773306163704e+02
4.649819782412993163e+01,1.633910582069657949e+02
6.547948869147722917e+01,1.142630112561845976e+02
5.766366304021659062e+01,1.047723658225109489e+02
8.222768651560721764e+01,1.248702032114669009e+02
1.034420704261718242e+02,1.298946625587058747e+02
1.587111232458007066e+02,8.634934821596795018e+01
1.542449371593660885e+02,9.081553430240262514e+01
1.821586001995826223e+02,7.574215626068564688e+01
1.709931349834959633e+02,1.047723658225109489e+02
1.776924141131480042e+02,1.181709240818149169e+02
3.511156742196419600e+00,4.057094083001271656e+01
2.640036043517403641e+01,8.244143539033763091e+01
1.300180217586995468e+01,6.234359800138167884e+01
2.640036043517403641e+01,6.792633060942500833e+01
6.324639564825992011e+01,1.181709240818149169e+02
1.977902515021038994e+02,2.153104714617687137e+02
1.866247862860173541e+02,2.080529190713123739e+02
1.877413328076259518e+02,2.141939249401600591e+02
1.492204778121270579e+02,2.030284597240734001e+02
1.587111232458007066e+02,2.153104714617687137e+02
1.380550125960403989e+02,2.119608318969427216e+02
6.157157586584690989e+01,1.728817036406394436e+02
6.659603521308594054e+01,1.717651571190307891e+02
6.938740151710754844e+01,1.801392560310957833e+02
8.725214586284613461e+01,1.818140758135087935e+02
1.095830762950194526e+02,2.608359095318121490e+00
1.168406286854757923e+02,3.724905616926776020e+00
7.050394803871625982e+01,1.153795577777932522e+02
1.914280804471769670e+01,1.254284764722711998e+02
1.402881056392577079e+02,1.181709240818149169e+02
