4.091546521608660214e+01,1.190025418879405379e+02
4.426510478091262257e+01,1.095118964542668891e+02
5.040611064976025091e+01,1.128615360190929096e+02
5.822193630102088946e+01,1.100701697150712448e+02
8.557732608043323808e+01,8.662269276128927231e+01
8.836869238445484598e+01,9.834643123818028698e+01
1.190737217286931013e+02,2.297954102959545253e+01
1.246564543367364308e+02,3.861119233211672963e+01
9.450969825330247431e+01,5.312629711302938063e+01
1.676434954186700566e+02,1.181407581350879354e+01
