9.093889350239635405e+00,1.187291973426192158e+02
1.132698239345705815e+01,5.955223169736001410e+01
9.652162611044047935e+00,7.071769691344667308e+01
6.860796307022326346e+00,7.909179582551166732e+01
7.977342828631037719e+00,8.467452843355493997e+01
1.635144174069597511e+01,8.634934821596795018e+01
1.914280804471769670e+01,6.625151082701199812e+01
3.979891869447800445e+01,6.011050495816436978e+01
7.887804695078119721e+01,9.639826691044595464e+01
7.106222129952055866e+01,6.736805734862065265e+01
4.705647108493423048e+01,3.166632356122477177e+00
3.254136630402166475e+01,1.360356684275535599e+02
