1.307974602055840592e+02,1.770629610115911419e+02
1.296809136839754615e+02,1.692471353603305033e+02
1.352636462920187910e+02,1.681305888387217919e+02
1.581528499849964078e+02,1.653392225347001840e+02
1.637355825930397373e+02,1.698054086211348022e+02
1.687600419402786542e+02,1.642226760130914727e+02
1.380550125960403989e+02,6.038384950348569191e+01
1.447542917256924397e+02,1.904615192708951099e+02
1.843916932427999313e+02,3.998250162248154993e+00
1.860665130252129416e+02,2.353781429039975137e+01
1.871830595468216529e+02,1.572198863913911282e+01
5.710538977941229177e+01,1.245852744959838674e+02
7.162049456032485750e+01,1.128615360190929096e+02
