1.651370578301313685e+02,1.882284262276778009e+02
1.757442497854137287e+02,1.770629610115911419e+02
1.835600754366743672e+02,1.776212342723954407e+02
1.863514417406959751e+02,1.737133214467651214e+02
1.969586336959783353e+02,1.608730364482654522e+02
1.774190695678267389e+02,1.508241177537875046e+02
2.221910306422233816e+01,9.388024515174561202e+01
5.292413240846059352e+01,8.885578580450663821e+01
5.850686501650392302e+01,9.890470449898464267e+01
6.129823132052558776e+01,1.028126173246149619e+02
1.606708717436967504e+02,9.164715210852830296e+01
6.185650458132994345e+01,2.967882015924743655e+01
1.662536043517400799e+02,1.083953499326582914e+02
1.377816680507191336e+02,1.206773616703535481e+02
1.584377787004793845e+02,1.318428268864402071e+02
1.696032439165659866e+02,1.357507397120705264e+02
1.774190695678267389e+02,8.550614623968064620e+01
1.701615171773703992e+02,7.266586124118100543e+01
1.802104358718483468e+02,6.540830885072466572e+01
1.852348952190873774e+02,7.099104145876799521e+01
1.751859765246093161e+02,1.011377975422019517e+02
1.707197904381746980e+02,9.053060558691959159e+01
1.913759010879350058e+02,1.552903038402221796e+02
