4.873129086734724069e+01,1.717651571190307891e+02
4.761474434573864301e+01,1.460845871220315075e+02
5.431402347539057018e+01,1.494342266868575280e+02
8.892696564525914482e+01,7.685870278229430141e+01
9.116005868847656757e+01,6.904287713103366286e+01
8.781041912365054714e+01,5.006158626368636533e+01
1.386132858568446977e+02,2.940547561392605758e+01
3.142481978241295337e+01,1.734399769014437993e+02
3.589100586884768518e+01,1.756730699446611084e+02
4.705647108493423048e+01,1.566917790773138108e+02
9.506797151410688684e+01,2.275924831994640272e+02
1.106996228166281639e+02,2.086111923321167296e+02
3.198309304321725222e+01,2.147521982009643864e+02
