1.440327741296169961e+01,8.132488886872897638e+01
2.445219610743970406e+01,9.137380756320698083e+01
6.587451761701061059e+00,1.282198427762928645e+02
1.775291697778772004e+01,1.231953834290538907e+02
1.779773428286310377e+02,7.015942365264231739e+01
1.880262615231089853e+02,7.015942365264231739e+01
1.997499999999999432e+02,6.792633060942500833e+01
1.952838139135653250e+02,8.749364964165806668e+00
2.120320117376953135e+02,9.865911485774461198e+00
2.276636630402165906e+02,3.442993496116508823e+01
2.276636630402165906e+02,5.731913865414270504e+01
1.344320284858931132e+02,1.120299182129672317e+02
2.668528915065701312e+01,9.974790647527191823e+01
3.785075436674367211e+01,9.528172038883730011e+01
2.030996395648259636e+02,2.298255762426813646e+02
