1.215917434873935008e+02,2.183751823111117005e+02
1.154507376185458156e+02,1.954859786181340837e+02
1.232665632698064542e+02,1.418917455809181547e+02
1.271744760954367734e+02,1.536154840578091694e+02
1.249413830522194644e+02,1.636644027522871738e+02
1.221500167481977996e+02,6.596658211152902140e+01
1.249413830522194644e+02,1.005795242813975960e+02
1.885845347839132842e+02,1.502658444929832058e+02
1.143341910969371611e+02,7.043276819796366794e+01
1.232665632698064542e+02,1.351924664512662275e+02
1.305241156602627939e+02,1.469162049281571853e+02
