2.921646392295753003e+01,1.289783734485771447e+02
3.188414430817050516e+01,1.119052189832136150e+02
3.721950507859668278e+01,1.311125177567475930e+02
6.709752539298284546e+01,2.100758571590537827e+02
3.073196147869623474e+00,1.946033109248180608e+02
2.975000000000017053e+01,1.785972286135398122e+02
3.135060823112797834e+01,1.860667336921363244e+02
3.721950507859668278e+01,1.833990533069232924e+02
2.975000000000017053e+01,1.199082601388527678e+02
5.215851523578970728e+01,8.362780689995531702e+01
3.561889684746887497e+01,9.749974490306317421e+01
4.949083485057673215e+01,1.295119095256197284e+02
