6.268812238745562126e+01,2.192183842873990329e+02
6.436294216986851779e+01,2.069363725497037194e+02
3.254136630402166475e+01,1.929795410295954525e+02
4.538165130252122026e+01,2.097277388537253842e+02
3.589100586884768518e+01,2.035867329848777558e+02
7.106222129952055866e+01,1.460845871220315075e+02
1.012089773829545152e+02,1.416184010355968326e+02
1.056751634693891333e+02,1.572500523381181665e+02
7.999459347238990858e+01,2.164270179833773682e+02
8.111113999399850627e+01,2.225680238522250249e+02
1.300180217586995468e+01,1.834888955959218038e+02
2.528381391356532504e+01,1.661824245109874596e+02
2.081762782713070692e+01,1.572500523381181665e+02
1.635144174069597511e+01,1.645076047285745062e+02
3.511156742196419600e+00,2.940547561392605758e+01
1.012089773829545152e+02,9.335393129051112737e-01
1.000924308613458038e+02,9.307638224970105512e+00
9.171833194928086641e+01,3.108029539633906779e+01
5.096438391056454975e+01,1.148212845169888965e+02
5.710538977941229177e+01,1.159378310385975510e+02
7.106222129952055866e+01,8.244143539033763091e+01
7.106222129952055866e+01,7.071769691344667308e+01
7.552840738595517678e+01,5.396949908931668460e+01
1.244352891506565584e+01,1.768173713703509975e+01
3.756582565126058171e+01,2.214792322346977471e+01
2.919172673919564431e+01,2.103137670186106334e+01
4.705647108493423048e+01,3.163856865714342348e+01
5.263920369297755997e+01,3.331338843955637685e+01
3.868237217286929308e+01,3.833784778679540750e+01
4.035719195528230330e+01,4.503712691644739152e+01
3.533273260804327265e+01,4.447885365564303584e+01
4.928956412815165322e+01,4.057094083001271656e+01
5.040611064976025091e+01,5.508604561092533913e+01
3.589100586884768518e+01,5.173640604609937554e+01
6.268812238745562126e+01,2.661410930990439283e+01
1.101413495558237514e+02,2.326446974507842924e+01
2.472554065276102619e+01,1.444097673396184973e+02
3.030827326080435569e+01,1.393853079923795235e+02
1.244352891506565584e+01,1.360356684275535599e+02
5.766366304021659062e+01,9.360690060642428989e+01
6.157157586584690989e+01,9.974790647527191823e+01
4.259028499849961236e+01,1.209622903858365817e+02
4.370683152010832373e+01,1.248702032114669009e+02
4.649819782412993163e+01,1.298946625587058747e+02
3.924064543367359192e+01,1.477594069044445177e+02
