1.548032104201703874e+02,1.915780657925037644e+02
1.654104023754526338e+02,1.910197925316994088e+02
1.469873847689097488e+02,2.122341764422640722e+02
1.598276697674094180e+02,2.183751823111117005e+02
8.836869238445484598e+01,1.993938914437644030e+02
1.732262280267133860e+02,1.240270012351795685e+02
1.587111232458007066e+02,1.368672862336792377e+02
1.760175943307349939e+02,1.111867162366798993e+02
1.782506873739523030e+02,9.611333819496292108e+01
1.804837804171696121e+02,8.438959971807196325e+01
1.804837804171696121e+02,7.713204732761565197e+01
1.240981810759321320e+02,7.906162987878474269e+00
1.380550125960403989e+02,6.789616466269762896e+00
3.254136630402166475e+01,1.513823910145918035e+02
