1.076870913265264562e+01,1.438514940788141985e+02
2.416726739195661366e+01,1.388270347315751678e+02
3.365791282563026243e+01,1.354773951667492042e+02
2.137590108793500576e+01,1.472011336436401621e+02
1.635144174069597511e+01,1.527838662516834916e+02
2.472554065276102619e+01,1.583665988597268210e+02
3.030827326080435569e+01,1.444097673396184973e+02
6.380466890906421895e+01,2.259176634170510169e+02
1.244352891506565584e+01,1.489037083301343500e+01
2.695863369597833525e+01,4.615367343805604605e+01
3.198309304321725222e+01,7.127597017425097192e+01
2.640036043517403641e+01,1.823723490743130924e+02
2.081762782713070692e+01,1.834888955959218038e+02
1.970108130552199555e+01,1.957709073336170604e+02
3.198309304321725222e+01,2.169852912441817239e+02
2.974999999999994316e+01,1.957709073336170604e+02
