1.299658423994584382e+02,1.527838662516834916e+02
1.405730343547407415e+02,1.472011336436401621e+02
1.444809471803711176e+02,1.421766742964011883e+02
1.640205113085227708e+02,1.086802786481412681e+02
1.690449706557616878e+02,1.148212845169888965e+02
1.645787845693270697e+02,1.209622903858365817e+02
1.790938893502396354e+02,1.187291973426192158e+02
1.813269823934570582e+02,5.955223169736001410e+01
1.796521626110440479e+02,7.071769691344667308e+01
1.768607963070223263e+02,7.909179582551166732e+01
1.779773428286310377e+02,8.467452843355493997e+01
1.863514417406959751e+02,8.634934821596795018e+01
1.891428080447176967e+02,6.625151082701199812e+01
2.097989186944780045e+02,6.011050495816436978e+01
2.170564710849342305e+02,3.166632356122477177e+00
1.483888600060014369e+02,1.499924999476618268e+02
1.428061273979581074e+02,1.572500523381181665e+02
1.595543252220880390e+02,1.572500523381181665e+02
1.690449706557616878e+02,1.421766742964011883e+02
1.539715926140447664e+02,1.360356684275535599e+02
1.640205113085227708e+02,1.304529358195102304e+02
2.025413663040216647e+02,1.360356684275535599e+02
