2.025935456632629439e+01,2.074644798637808663e+01
6.302523046218027503e+00,1.190025418879405379e+02
1.746798826230468649e+01,1.150946290623102186e+02
4.091546521608660214e+01,1.134198092798972652e+02
6.715430847389023938e+01,1.988356181829601041e+02
6.659603521308594054e+01,2.049766240518077325e+02
1.179571752070845037e+02,2.250744614407636845e+02
3.644927912965198402e+01,8.159823341405029851e+01
4.147373847689090098e+01,6.485003558992033845e+01
7.776150042917248584e+01,6.317521580750735666e+01
7.887804695078119721e+01,5.368457037383370789e+01
1.028837971653675254e+02,1.938111588357211303e+02
9.897588433973720612e+01,1.887866994884820997e+02
1.051168902085848345e+02,1.843205134020474816e+02
7.217876782112927003e+01,1.335176466688532173e+02
9.004351216686785619e+01,1.407751990593095570e+02
7.943632021158549605e+01,1.262600942783968776e+02
7.050394803871625982e+01,6.987449493715934068e+01
7.273704108193356888e+01,8.048168689244164398e+01
