6.185650458132994345e+01,2.005104379653730575e+02
6.576441740696026272e+01,2.083262636166337529e+02
4.510830675719995497e+01,1.279349140608098878e+02
1.830018021758699547e+02,1.348889559592180376e+01
2.025413663040216647e+02,2.242126776879109684e+01
1.679284241341530901e+02,8.464436248682773112e+00
9.200326066476384312e+01,1.765157119030789090e+00
1.316406621818714484e+02,4.307737841855137617e+01
1.690449706557616878e+02,1.346341931904618718e+02
1.740694300030007184e+02,1.363090129728748821e+02
1.746277032638050173e+02,1.217939081919622595e+02
1.802104358718483468e+02,1.284931873216141867e+02
1.986334534783913455e+02,1.268183675392012333e+02
2.131485582593039112e+02,1.184442686271362390e+02
1.980751802175869329e+02,1.061622568894409255e+02
2.075658256512605817e+02,9.276369863013695749e+01
2.204061106497602509e+02,1.033708905854192608e+02
2.259888432578035804e+02,1.056039836286365698e+02
1.489471332668057357e+02,2.206082753543290664e+02
1.506219530492187459e+02,2.161420892678943915e+02
1.522967728316317562e+02,2.116759031814597165e+02
7.860470240545987508e+01,1.899032460100907542e+02
1.171255574009588258e+02,1.307262803648315526e+02
1.221500167481977996e+02,1.290514605824185423e+02
1.288492958778497837e+02,1.290514605824185423e+02
1.338737552250887575e+02,1.335176466688532173e+02
8.139606870948153983e+01,4.196083189694272164e+01
1.416895808763494529e+02,1.095118964542668891e+02
1.455974937019797721e+02,1.078370766718539357e+02
2.125902849984996124e+02,1.385421060160921911e+02
1.785356160894353366e+02,2.194917288327203551e+02
1.852348952190873774e+02,2.250744614407636845e+02
1.835600754366743672e+02,1.971607984005470939e+02
1.908176278271307069e+02,1.954859786181340837e+02
1.902593545663262944e+02,1.848787866628517804e+02
1.997499999999999432e+02,1.765046877507867862e+02
1.975169069567826341e+02,1.597564899266568545e+02
1.891428080447176967e+02,1.474744781889614842e+02
1.874679882623046865e+02,1.363090129728748821e+02
1.545298658748490652e+02,1.418917455809181547e+02
