1.668118776125443787e+02,7.378240776278965996e+01
2.109154652160866021e+02,1.190025418879405379e+02
2.142651047809126226e+02,1.095118964542668891e+02
2.204061106497602509e+02,1.128615360190929096e+02
2.282219363010208895e+02,1.100701697150712448e+02
7.637160936224256602e+01,2.189334555719160562e+02
8.977016762154653406e+01,2.250744614407636845e+02
1.020521793592418476e+02,2.183751823111117005e+02
1.998601002100502910e+01,2.033018042693947791e+02
4.008384740996098117e+01,2.111176299206554177e+02
1.517384995708274005e+02,5.200975059142069767e+01
1.450392204411754165e+02,1.765046877507867862e+02
