6.380466890906421895e+01,5.591766341705101695e+01
2.640036043517403641e+01,1.237234907431309239e+01
2.081762782713070692e+01,1.348889559592180376e+01
1.970108130552199555e+01,2.577090733361706043e+01
3.198309304321725222e+01,4.698529124418172387e+01
2.974999999999994316e+01,2.577090733361706043e+01
1.564780302025833976e+02,1.106284429758756005e+02
1.726679547659089735e+02,1.095118964542668891e+02
2.011398910669299198e+02,1.251435477567882231e+02
2.229125482382989389e+02,1.435665653633311649e+02
1.244352891506565584e+01,1.150946290623102186e+02
