2.054428328180932795e+01,4.307737841855137617e+01
1.217018436974439055e+01,5.926730298187700896e+01
2.780183567226566765e+01,1.329593734080489185e+02
3.952557414915662548e+01,1.463579316673528865e+02
1.796521626110440479e+02,1.552903038402221796e+02
1.467140402235884267e+02,1.480327514497658399e+02
1.640205113085227708e+02,1.698054086211348022e+02
1.355485750075017677e+02,1.201190884095492493e+02
1.388982145723277881e+02,1.312845536256359082e+02
1.109845515321111407e+02,1.033708905854192608e+02
7.023060349339493769e+01,7.266586124118100543e+01
4.343348697478694476e+01,1.206773616703535481e+02
2.891838219387432218e+01,1.044874371070279722e+02
1.238248365306108099e+02,1.223521814527665583e+02
1.104262782713068418e+02,8.718096602209362800e+01
7.581333610143821033e+01,7.099104145876799521e+01
3.952557414915662548e+01,4.419392494016005912e+01
2.445219610743970406e+01,1.379838327552878354e+02
6.520614414615590704e+01,1.603147631874611534e+02
9.423635370798120903e+01,7.657377406681132470e+01
6.967233023259058200e+01,5.926730298187700896e+01
6.464787088535160819e+01,1.217939081919622595e+02
