1.913759010879350058e+02,1.566917790773138108e+02
1.947255406527610262e+02,1.661824245109874596e+02
1.830018021758699547e+02,1.834888955959218038e+02
2.025413663040216647e+02,1.924212677687910968e+02
1.679284241341530901e+02,1.784644362486827731e+02
9.200326066476384312e+01,1.717651571190307891e+02
1.673701508733486776e+02,3.331338843955637685e+01
1.740694300030007184e+02,3.052202213553471211e+01
1.455974937019797721e+02,2.438101626668708377e+01
1.188003771833718361e+02,1.377382431140478047e+01
1.450392204411754165e+02,1.343608486451405497e+02
1.316406621818714484e+02,2.130773784185513762e+02
8.139606870948153983e+01,2.119608318969427216e+02
2.025413663040216647e+02,1.645076047285745062e+02
2.282219363010208895e+02,1.695320640758134800e+02
2.075658256512605817e+02,5.731913865414270504e+01
2.070075523904562829e+02,5.117813278529501986e+01
2.109154652160866021e+02,5.285295256770803007e+01
2.231974769537819725e+02,3.331338843955637685e+01
1.991917267391956443e+02,1.991483018025240881e+01
1.394564878331320870e+02,1.315694823411188850e+02
3.796085457679396313e+00,1.086802786481412681e+02
1.885845347839132842e+02,1.349191219059448485e+02
1.952838139135653250e+02,1.382687614707708690e+02
2.008665465216086545e+02,1.254284764722711998e+02
1.997499999999999432e+02,1.349191219059448485e+02
1.947255406527610262e+02,1.444097673396184973e+02
1.768607963070223263e+02,1.338025753843361940e+02
2.114737384768909010e+02,4.447885365564303584e+01
2.181730176065429418e+02,4.447885365564303584e+01
2.097989186944780045e+02,3.777957452599105181e+01
2.053327326080432726e+02,4.503712691644739152e+01
1.841183486974786661e+02,1.768173713703509975e+01
2.259888432578035804e+02,1.153795577777932522e+02
2.125902849984996124e+02,1.215205636466408805e+02
2.142651047809126226e+02,1.254284764722711998e+02
2.164981978241299316e+02,1.310112090803145293e+02
