1.190737217286931013e+02,1.929795410295954525e+02
1.246564543367364308e+02,2.086111923321167296e+02
9.450969825330247431e+01,2.231262971130293806e+02
1.676434954186700566e+02,1.818140758135087935e+02
1.888578793292346631e+02,7.518388299988129120e+01
1.949988851980822915e+02,6.680978408781635380e+01
2.123053562830165788e+02,2.493928952749143946e+01
2.011398910669299198e+02,3.777957452599105181e+01
1.802626152310898533e+01,1.164961042994019067e+02
1.888578793292346631e+02,1.365939416883578588e+02
1.776924141131480042e+02,1.298946625587058747e+02
1.994650712845169096e+02,1.382687614707708690e+02
1.776924141131480042e+02,1.516673197300748370e+02
