7.358024305822090128e+01,5.341122582851238576e+01
7.748815588385122055e+01,5.731913865414270504e+01
8.977016762154653406e+01,6.680978408781635380e+01
8.586225479591621479e+01,6.960115039183801855e+01
7.358024305822090128e+01,1.862802618999434117e+02
8.195434197028589551e+01,1.645076047285745062e+02
1.065183654456765225e+02,1.678572442934004698e+02
1.115428247929154963e+02,1.594831453813354756e+02
1.299658423994584382e+02,1.605996919029441301e+02
1.227082900090021553e+02,1.622745116853571403e+02
1.210334702265891451e+02,2.214514773306163704e+02
1.578795054396750857e+02,2.013536399416603899e+02
1.651370578301313685e+02,2.035867329848777558e+02
6.688096392856891725e+01,9.307638224970105512e+00
9.702772001200287377e+01,1.287781160370972202e+02
1.014939060984374919e+02,1.298946625587058747e+02
7.748815588385122055e+01,1.014227262576849284e+02
8.027952218787288530e+01,9.807308669285896485e+01
8.474570827430756026e+01,1.030975460400979387e+02
9.088671414315518859e+01,9.974790647527191823e+01
9.367808044717685334e+01,9.360690060642428989e+01
9.088671414315518859e+01,1.148212845169888965e+02
9.981908631602453852e+01,1.215205636466408805e+02
