8.390250629802022786e+01,1.628026189994341166e+01
8.334423303721581533e+01,4.084428537533406711e+01
6.603776195228152801e+01,4.028601211452971143e+01
7.162049456032485750e+01,4.921838428739903293e+01
7.497013412515087794e+01,5.591766341705101695e+01
7.831977368997689837e+01,7.489895428439831448e+01
1.356007543667436721e+01,1.508241177537875046e+02
6.045502934423819852e+01,1.848787866628517804e+02
6.436294216986851779e+01,1.977190716613514496e+02
5.933848282262960083e+01,2.105593566598510620e+02
7.776150042917248584e+01,1.882284262276778009e+02
8.111113999399850627e+01,2.133507229638727267e+02
8.334423303721581533e+01,2.094428101382424074e+02
6.938740151710754844e+01,1.854370599236560793e+02
7.217876782112927003e+01,1.809708738372214611e+02
6.101330260504261105e+01,2.194917288327203551e+02
6.436294216986851779e+01,2.267492812231766948e+02
