2.282219363010208895e+02,6.596658211152902140e+01
2.025413663040216647e+02,2.297954102959545253e+01
2.153816513025212203e+02,3.972773885372538416e+01
2.058910058688476852e+02,3.358673298487775583e+01
1.411313076155450972e+02,1.117449894974842550e+02
1.455974937019797721e+02,1.072788034110495801e+02
1.550881391356534209e+02,1.061622568894409255e+02
9.646944675119851809e+01,1.044874371070279722e+02
6.576441740696026272e+01,8.997233232611529274e+01
4.566658001800431066e+01,1.273766408000055890e+02
1.467140402235884267e+02,1.385421060160921911e+02
1.539715926140447664e+02,1.418917455809181547e+02
1.684866973949573890e+02,1.346341931904618718e+02
1.344320284858931132e+02,1.329593734080489185e+02
1.249413830522194644e+02,1.223521814527665583e+02
1.997499999999999432e+02,1.273766408000055890e+02
1.913759010879350058e+02,1.190025418879405379e+02
1.802104358718483468e+02,1.290514605824185423e+02
1.763025230462180275e+02,1.368672862336792377e+02
1.874679882623046865e+02,1.357507397120705264e+02
2.254305699969992816e+02,1.050457103678322710e+02
2.131485582593039112e+02,1.178859953663319402e+02
1.997499999999999432e+02,1.039291638462236165e+02
2.070075523904562829e+02,9.388024515174561202e+01
1.305241156602627939e+02,4.307737841855137617e+01
1.830018021758699547e+02,1.348889559592180376e+01
1.679284241341530901e+02,8.464436248682773112e+00
1.511802263100231016e+02,2.155838160070900358e+02
2.142651047809126226e+02,1.379838327552878354e+02
2.120320117376953135e+02,1.457996584065485308e+02
1.980751802175869329e+02,1.608730364482654522e+02
1.673701508733486776e+02,2.267492812231766948e+02
1.729528834813920071e+02,2.200500020935247107e+02
1.790938893502396354e+02,2.200500020935247107e+02
1.779773428286310377e+02,2.122341764422640722e+02
1.807687091326526456e+02,2.083262636166337529e+02
1.841183486974786661e+02,2.250744614407636845e+02
1.846766219582829649e+02,2.161420892678943915e+02
1.528550460924360550e+02,2.116759031814597165e+02
2.086823721728692931e+02,1.636644027522871738e+02
2.114737384768909010e+02,1.608730364482654522e+02
1.288492958778497837e+02,1.284931873216141867e+02
9.256153392556819881e+01,2.881703640639443620e+00
8.083779544867724098e+01,4.140255863613839438e+01
6.576441740696026272e+01,2.060931705734163870e+02
9.591117349039421924e+01,2.027435310085904234e+02
1.009356328376331930e+02,2.038600775301990780e+02
1.143341910969371611e+02,2.189334555719160562e+02
1.199169237049804906e+02,2.111176299206554177e+02
