9.378818065722725805e+00,3.749464581050807510e+01
8.262271544114071276e+00,7.657377406681132470e+01
6.520614414615590704e+01,6.764140189394200320e+01
6.799751045017757178e+01,6.987449493715934068e+01
7.302196979741660243e+01,6.819967515474633046e+01
7.916297566626423077e+01,7.434068102359398722e+01
7.023060349339493769e+01,5.703420993865969990e+01
1.952838139135653250e+02,2.088845368774380518e+02
1.991917267391956443e+02,2.033018042693947791e+02
1.656953310909356674e+02,1.597564899266568545e+02
1.455974937019797721e+02,1.430082921025268661e+02
1.500636797884143903e+02,1.441248386241355206e+02
1.059600921848721669e+02,1.413334723201138559e+02
7.358024305822090128e+01,1.016960708030062506e+02
8.027952218787288530e+01,1.078370766718539357e+02
8.642052805672057048e+01,1.044874371070279722e+02
6.632269066776461841e+01,7.657377406681132470e+01
6.967233023259058200e+01,8.438959971807196325e+01
1.049536458733138033e+01,2.632918059442141612e+01
3.237812196875040627e+00,9.164715210852830296e+01
1.886946349939637457e+01,9.555506493415862224e+01
1.440327741296169961e+01,1.178859953663319402e+02
1.440327741296169961e+01,6.540830885072466572e+01
1.188003771833718361e+02,5.926730298187700896e+01
1.171255574009588258e+02,4.475219820096438639e+01
1.846766219582829649e+02,2.228413683975463755e+02
1.422478541371537517e+02,1.502658444929832058e+02
1.489471332668057357e+02,1.530572107970048137e+02
9.591117349039421924e+01,1.128615360190929096e+02
9.981908631602453852e+01,1.167694488447232288e+02
1.132176445753285066e+02,9.834643123818028698e+01
1.188003771833718361e+02,1.022543440638106063e+02
7.860470240545987508e+01,9.332197189094131318e+01
1.310823889210670927e+02,1.491492979713744944e+02
