9.591117349039421924e+01,1.265450229938799112e+02
8.809534783913352385e+01,1.444097673396184973e+02
8.642052805672057048e+01,1.639493314677701505e+02
6.911405697178622631e+01,1.489037083301343500e+01
6.743923718937327294e+01,1.991483018025240881e+01
1.886946349939637457e+01,4.336230713403438131e+01
9.937091326527024648e+00,5.061985952449072101e+01
1.562992414462087254e+00,7.965006908631596616e+01
1.663637045617900867e+01,1.098245800738311573e+01
5.571549871248225827e+01,2.382274300588272808e+01
6.464787088535160819e+01,2.940547561392605758e+01
7.637160936224256602e+01,2.326446974507842924e+01
8.697880131752486932e+01,9.335393129051112737e-01
1.132176445753285066e+02,1.695320640758134800e+02
1.109845515321111407e+02,1.622745116853571403e+02
8.753707457832922501e+01,8.411625517275064112e+01
9.144498740395954428e+01,8.690762147677230587e+01
1.093097317496981873e+02,8.467452843355493997e+01
1.087514584888938316e+02,9.025726104159826946e+01
1.014939060984374919e+02,1.081220053873369125e+02
