7.916297566626423077e+01,1.505507732084661825e+02
8.977016762154653406e+01,1.488759534260531723e+02
1.081931852280894759e+02,1.332443021235318952e+02
1.165672841401544702e+02,1.298946625587058747e+02
1.238248365306108099e+02,1.271032962546842100e+02
1.210334702265891451e+02,1.578083255989224654e+02
1.729528834813920071e+02,1.544586860340965018e+02
1.841183486974786661e+02,1.818140758135087935e+02
2.075658256512605817e+02,1.806975292919001390e+02
4.343348697478694476e+01,6.346014452299033337e+01
6.911405697178622631e+01,7.239251669585968330e+01
2.181730176065429418e+02,1.650658779893788051e+02
2.276636630402165906e+02,1.695320640758134800e+02
