2.305072087034801598e+01,9.499679167335432339e+01
3.477445934723897381e+01,1.044874371070279722e+02
3.812409891206499424e+01,1.402169257985052013e+02
4.091546521608660214e+01,1.217939081919622595e+02
4.426510478091262257e+01,1.139780825407016209e+02
5.263920369297755997e+01,1.078370766718539357e+02
5.543056999699928156e+01,1.446831118849398763e+02
5.319747695378197250e+01,1.307262803648315526e+02
5.040611064976025091e+01,1.162111755839189300e+02
5.319747695378197250e+01,1.212356349311579038e+02
5.319747695378197250e+01,9.276369863013695749e+01
4.817301760654294185e+01,9.611333819496292108e+01
6.157157586584690989e+01,9.499679167335432339e+01
3.477445934723897381e+01,7.936514037083298945e+01
2.137590108793500576e+01,1.206883858226490247e+00
4.705647108493423048e+01,2.409608755120410706e+01
7.999459347238990858e+01,2.183751823111117005e+02
7.720322716836818699e+01,2.111176299206554177e+02
7.050394803871625982e+01,2.060931705734163870e+02
3.533273260804327265e+01,1.572198863913911282e+01
3.198309304321725222e+01,1.237234907431309239e+01
