8.501905281962882555e+01,7.266586124118100543e+01
7.497013412515087794e+01,7.266586124118100543e+01
5.822193630102088946e+01,6.596658211152902140e+01
6.268812238745562126e+01,4.921838428739903293e+01
6.436294216986851779e+01,3.693637254970371941e+01
3.254136630402166475e+01,2.297954102959545253e+01
4.538165130252122026e+01,3.972773885372538416e+01
3.589100586884768518e+01,3.358673298487775583e+01
2.974999999999994316e+01,1.273766408000055890e+02
2.137590108793500576e+01,1.190025418879405379e+02
1.021043587184834678e+01,1.290514605824185423e+02
6.302523046218027503e+00,1.368672862336792377e+02
1.746798826230468649e+01,1.357507397120705264e+02
6.157157586584690989e+01,1.815291470980257600e+02
6.882912825630324960e+01,1.926946123141124190e+02
1.916492456332562710e+02,1.452413851457441751e+02
2.123053562830165788e+02,1.346341931904618718e+02
2.279370075855378559e+02,2.239579149191550300e+02
7.999459347238990858e+01,4.642701798337736818e+01
8.111113999399850627e+01,5.256802385222502494e+01
6.547948869147722917e+01,6.987449493715934068e+01
5.543056999699928156e+01,1.050457103678322710e+02
4.314855825930391120e+01,1.178859953663319402e+02
2.974999999999994316e+01,1.039291638462236165e+02
3.700755239045628286e+01,9.388024515174561202e+01
1.300180217586995468e+01,1.348889559592180376e+01
4.426510478091262257e+01,1.379838327552878354e+02
4.203201173769531351e+01,1.457996584065485308e+02
2.807518021758693294e+01,1.608730364482654522e+02
2.952883481392007070e+00,2.200500020935247107e+02
9.093889350239635405e+00,2.200500020935247107e+02
7.977342828631037719e+00,2.122341764422640722e+02
1.076870913265264562e+01,2.083262636166337529e+02
1.411834869747866605e+01,2.250744614407636845e+02
1.467662195828296490e+01,2.161420892678943915e+02
3.868237217286929308e+01,1.636644027522871738e+02
4.147373847689090098e+01,1.608730364482654522e+02
