7.358024305822090128e+01,1.628026189994341166e+01
1.333154819642844586e+02,6.038384950348569191e+01
1.210334702265891451e+02,5.145147733061637041e+01
1.578795054396750857e+02,3.135363994166038992e+01
1.651370578301313685e+02,3.358673298487775583e+01
1.718363369597834094e+02,1.804126005764171055e+02
1.751859765246093161e+02,1.887866994884820997e+02
1.763025230462180275e+02,2.133507229638727267e+02
1.852348952190873774e+02,2.133507229638727267e+02
1.863514417406959751e+02,1.887866994884820997e+02
