1.106996228166281639e+02,2.035867329848777558e+02
1.162823554246714934e+02,1.996788201592474365e+02
1.196319949894974002e+02,1.918629945079867412e+02
1.246564543367364308e+02,1.812558025527044379e+02
1.598276697674094180e+02,1.410601277747925337e+02
1.609442162890180157e+02,1.365939416883578588e+02
1.665269488970613452e+02,1.338025753843361940e+02
1.709931349834959633e+02,1.382687614707708690e+02
1.682017686794743554e+02,1.421766742964011883e+02
1.654104023754526338e+02,1.460845871220315075e+02
1.866247862860173541e+02,1.058889123441196034e+02
1.894161525900389620e+02,1.103550984305542784e+02
2.234708214991032378e+02,3.331338843955637685e+01
