4.231694045317829023e+01,2.940547561392605758e+01
6.464787088535160819e+01,2.103137670186106334e+01
6.911405697178622631e+01,1.265727778979612594e+01
6.073995805972128892e+01,1.768173713703509975e+01
6.855578371098192747e+01,6.569323756620764243e+01
7.525506284063391149e+01,8.914071451998961493e+01
8.362916175269890573e+01,1.042140925617065932e+02
9.367808044717685334e+01,9.416517386722858873e+01
7.748815588385122055e+01,1.047723658225109489e+02
9.702772001200287377e+01,1.745565234230524538e+02
1.003773595768288374e+02,1.851637153783347571e+02
1.087514584888938316e+02,1.868385351607477673e+02
7.246369653661224675e+01,1.762313432054654641e+02
1.054018189240678680e+02,1.661824245109874596e+02
1.595543252220880390e+02,2.024701864632691013e+02
1.774190695678267389e+02,2.108442853753340671e+02
9.311980718637255450e+01,1.672989710325961141e+02
8.642052805672057048e+01,1.192874706034235714e+02
9.088671414315518859e+01,1.170543775602062624e+02
9.423635370798120903e+01,1.259867497330755555e+02
9.535290022958986356e+01,1.198457438642279271e+02
9.646944675119851809e+01,1.349191219059448485e+02
1.081931852280894759e+02,1.371522149491622145e+02
1.020521793592418476e+02,1.360356684275535599e+02
1.227082900090021553e+02,1.125881914737715874e+02
1.266162028346324746e+02,1.187291973426192158e+02
1.148924643577415168e+02,1.499924999476618268e+02
