3.505938806272200736e+01,1.767896164662697629e+02
6.029178500896705373e+00,6.401841778379468906e+01
1.049536458733138033e+01,7.462560973907699235e+01
1.272845763054868939e+01,8.969898778079397061e+01
2.054428328180932795e+01,9.639826691044595464e+01
3.115147523709168809e+01,1.142630112561845976e+02
2.836010893307002334e+01,1.271032962546842100e+02
3.226802175870034262e+01,1.393853079923795235e+02
3.226802175870034262e+01,1.550169592949008575e+02
1.668118776125443787e+02,3.833784778679540750e+01
1.735111567421964196e+02,5.006158626368636533e+01
1.774190695678267389e+02,7.183424343505532761e+01
1.852348952190873774e+02,8.244143539033763091e+01
2.668528915065701312e+01,1.265727778979612594e+01
2.110255654261368363e+01,1.321555105060042479e+01
