4.901621958283027425e+01,4.028601211452971143e+01
1.584377787004793845e+02,1.765157119030789090e+00
9.535290022958986356e+01,4.754356450498605113e+01
9.981908631602453852e+01,3.972773885372538416e+01
1.718363369597834094e+02,1.257018210175925788e+02
1.824435289150656558e+02,1.407751990593095570e+02
1.735111567421964196e+02,2.094428101382424074e+02
1.768607963070223263e+02,1.949277053573297280e+02
1.824435289150656558e+02,2.133507229638727267e+02
3.237812196875040627e+00,1.268183675392012333e+02
1.886946349939637457e+01,1.162111755839189300e+02
1.891428080447176967e+02,1.491492979713744944e+02
1.964003604351740364e+02,1.569651236226351330e+02
2.081240989120649942e+02,1.564068503618308341e+02
1.316406621818714484e+02,3.191191320246474561e+01
