7.441186086434657909e+01,4.084428537533406711e+01
7.943632021158549605e+01,4.475219820096438639e+01
7.999459347238990858e+01,5.145147733061637041e+01
2.000233445453213221e+02,2.245161881799593857e+02
2.039312573709516414e+02,2.144672694854813813e+02
3.812409891206499424e+01,2.139089962246770256e+02
6.045502934423819852e+01,2.038600775301990780e+02
6.994567477791184729e+01,2.060931705734163870e+02
7.385358760354216656e+01,2.139089962246770256e+02
7.943632021158549605e+01,2.194917288327203551e+02
6.994567477791184729e+01,1.564068503618308341e+02
7.385358760354216656e+01,1.564068503618308341e+02
7.831977368997689837e+01,1.603147631874611534e+02
8.669387260204183576e+01,1.681305888387217919e+02
8.334423303721581533e+01,1.474744781889614842e+02
8.166941325480291880e+01,1.363090129728748821e+02
1.006507041221501026e+02,1.190025418879405379e+02
1.028837971653675254e+02,1.128615360190929096e+02
1.034420704261718242e+02,9.890470449898464267e+01
1.017672506437588140e+02,8.606441950048497347e+01
1.285643671623667501e+02,1.039291638462236165e+02
1.977902515021038994e+02,4.531047146176871365e+01
2.056060771533646516e+02,6.540830885072466572e+01
1.866247862860173541e+02,3.805291907131237394e+01
1.877413328076259518e+02,4.419392494016005912e+01
1.492204778121270579e+02,3.302845972407340014e+01
1.587111232458007066e+02,4.531047146176871365e+01
1.380550125960403989e+02,4.196083189694272164e+01
1.084665297734108549e+02,6.373348906831168392e+01
2.016981643277343323e+02,1.524989375362005148e+02
2.028147108493429300e+02,1.430082921025268661e+02
6.603776195228152801e+01,1.184442686271362390e+02
5.598884325780358040e+01,1.268183675392012333e+02
7.552840738595517678e+01,1.307262803648315526e+02
6.547948869147722917e+01,1.413334723201138559e+02
6.994567477791184729e+01,1.441248386241355206e+02
6.157157586584690989e+01,2.881703640639443620e+00
6.659603521308594054e+01,1.765157119030789090e+00
6.938740151710754844e+01,1.013925603109578333e+01
8.725214586284613461e+01,1.181407581350879354e+01
