1.970108130552199555e+01,9.443851841254996771e+01
2.974999999999994316e+01,9.667161145576727677e+01
3.533273260804327265e+01,1.044874371070279722e+02
1.244352891506565584e+01,1.072788034110495801e+02
3.756582565126058171e+01,1.391003792768965468e+02
5.654711651860787924e+01,1.474744781889614842e+02
1.106996228166281639e+02,1.882284262276778009e+02
1.140492623814541844e+02,1.709219551427434567e+02
7.497013412515087794e+01,2.049766240518077325e+02
7.776150042917248584e+01,2.239579149191550300e+02
7.831977368997689837e+01,2.116759031814597165e+02
2.081762782713070692e+01,3.439976901443799306e+00
2.974999999999994316e+01,1.460544211753045829e+01
4.538165130252122026e+01,2.688745385522577180e+01
5.543056999699928156e+01,1.580816701442438443e+02
4.147373847689090098e+01,1.268183675392012333e+02
4.984783738895595206e+01,1.245852744959838674e+02
5.208093043217326112e+01,1.095118964542668891e+02
4.538165130252122026e+01,1.044874371070279722e+02
4.370683152010832373e+01,1.150946290623102186e+02
