1.807687091326526456e+02,1.438514940788141985e+02
1.941672673919566137e+02,1.388270347315751678e+02
2.036579128256302624e+02,1.354773951667492042e+02
1.913759010879350058e+02,1.472011336436401621e+02
1.863514417406959751e+02,1.527838662516834916e+02
1.947255406527610262e+02,1.583665988597268210e+02
2.003082732608043557e+02,1.444097673396184973e+02
1.824435289150656558e+02,1.489037083301343500e+01
1.969586336959783353e+02,4.615367343805604605e+01
2.019830930432172522e+02,7.127597017425097192e+01
1.964003604351740364e+02,1.823723490743130924e+02
1.908176278271307069e+02,1.834888955959218038e+02
1.897010813055219955e+02,1.957709073336170604e+02
2.019830930432172522e+02,2.169852912441817239e+02
1.997499999999999432e+02,1.957709073336170604e+02
