6.229570069959930834e+01,1.213108597933881470e+02
4.362193800310802771e+01,8.289626224632024787e+01
7.029874185523846108e+01,4.999994998099282384e+00
7.349995831749407671e+01,1.353657223078101879e+01
8.523775201243148558e+01,1.193596399965321098e+01
9.804261786145417545e+01,4.768288116150802125e+01
3.668596900155404228e+01,5.533531075141866040e+00
4.042072154085229840e+01,2.865850689928834072e+00
7.136581400932362840e+01,6.315542739574368625e+01
7.723471085679233283e+01,5.835360270236020597e+01
7.723471085679233283e+01,5.195116977784891787e+01
9.857615393849681595e+01,2.634143807980365182e+01
5.482619562100279609e+01,3.594508746657061238e+01
