4.734139980041732088e+01,4.140255863613839438e+01
1.735111567421964196e+02,1.262600942783968776e+02
1.779773428286310377e+02,1.206773616703535481e+02
1.818852556542613570e+02,1.418917455809181547e+02
1.958420871743696239e+02,1.569651236226351330e+02
1.807687091326526456e+02,1.804126005764171055e+02
1.757442497854137287e+02,1.943694320965254292e+02
1.763025230462180275e+02,1.876701529668734452e+02
1.818852556542613570e+02,1.899032460100907542e+02
1.830018021758699547e+02,2.144672694854813813e+02
1.998601002100502910e+01,1.162111755839189300e+02
7.246369653661224675e+01,1.061622568894409255e+02
8.139606870948153983e+01,1.056039836286365698e+02
9.535290022958986356e+01,4.586874472257304092e+01
6.587451761701061059e+00,9.499679167335432339e+01
1.328673089135304508e+01,8.327305319646330872e+01
