9.702772001200287377e+01,4.556523423052453836e+00
1.003773595768288374e+02,1.516371537833475713e+01
1.087514584888938316e+02,1.683853516074776735e+01
7.246369653661224675e+01,6.231343205465464052e+00
1.595543252220880390e+02,3.247018646326910130e+01
1.774190695678267389e+02,4.084428537533406711e+01
1.305241156602627939e+02,8.997233232611529274e+01
1.355485750075017677e+02,1.005795242813975960e+02
1.790938893502396354e+02,2.172586357895030460e+02
1.952838139135653250e+02,2.211665486151333653e+02
1.796521626110440479e+02,1.407751990593095570e+02
