1.930507208703480160e+02,9.499679167335432339e+01
2.047744593472389738e+02,1.044874371070279722e+02
2.081240989120649942e+02,1.402169257985052013e+02
2.109154652160866021e+02,1.217939081919622595e+02
2.142651047809126226e+02,1.139780825407016209e+02
2.226392036929775600e+02,1.078370766718539357e+02
2.254305699969992816e+02,1.446831118849398763e+02
2.231974769537819725e+02,1.307262803648315526e+02
2.204061106497602509e+02,1.162111755839189300e+02
2.231974769537819725e+02,1.212356349311579038e+02
2.231974769537819725e+02,9.276369863013695749e+01
2.181730176065429418e+02,9.611333819496292108e+01
2.047744593472389738e+02,7.936514037083298945e+01
1.913759010879350058e+02,1.206883858226490247e+00
2.170564710849342305e+02,2.409608755120410706e+01
2.053327326080432726e+02,1.572198863913911282e+01
2.019830930432172522e+02,1.237234907431309239e+01
