3.808856865608936459e+01,5.161564227739873445e+01
5.889647566075115037e+01,4.361260112175958170e+01
5.569525919849547790e+01,5.481685873965440692e+01
6.476537250821985481e+01,6.228636381825091917e+01
4.555807373468587684e+01,1.572557855318353859e+02
3.542088827087633263e+01,1.407161671435145536e+02
1.229208049058643724e+02,1.572557855318353859e+02
1.271890935222051553e+02,1.535210329925371298e+02
1.287897017533330768e+02,1.487192082991537063e+02
1.213201966747364509e+02,1.657923627645171791e+02
4.715868196581374150e+01,3.560955996612045737e+01
1.640030828381453034e+02,1.535210329925371298e+02
1.634695467611026629e+02,1.625911463022615067e+02
5.622879527553811840e+01,1.161735075995544548e+02
