6.101330260504261105e+01,8.467452843355493997e+01
6.603776195228152801e+01,8.299970865114198659e+01
1.319140067271927705e+02,5.452777235012104029e+01
8.390250629802022786e+01,1.862802618999434117e+02
8.334423303721581533e+01,2.108442853753340671e+02
6.603776195228152801e+01,2.102860121145297114e+02
7.162049456032485750e+01,2.192183842873990329e+02
7.497013412515087794e+01,2.259176634170510169e+02
6.436294216986851779e+01,1.181709240818149169e+02
5.933848282262960083e+01,1.282198427762928645e+02
