7.358024305822090128e+01,2.228413683975463755e+02
8.195434197028589551e+01,2.250744614407636845e+02
8.195434197028589551e+01,2.133507229638727267e+02
1.299658423994584382e+02,2.233996416583506743e+02
9.758599327280717262e+01,1.977190716613514496e+02
9.535290022958986356e+01,2.021852577477860677e+02
1.305241156602627939e+02,1.016960708030062506e+02
1.361068482683061234e+02,1.005795242813975960e+02
9.367808044717685334e+01,8.997233232611529274e+01
8.809534783913352385e+01,8.494787297887631894e+01
8.139606870948153983e+01,6.764140189394200320e+01
7.860470240545987508e+01,7.545722754520267017e+01
1.411313076155450972e+02,7.880686711002866218e+01
1.534133193532404107e+02,4.642701798337736818e+01
1.271744760954367734e+02,6.931622167635501341e+01
1.266162028346324746e+02,8.103996015324597124e+01
1.221500167481977996e+02,7.992341363163731671e+01
1.282910226170454848e+02,8.718096602209362800e+01
1.400147610939364426e+02,1.795508168235642188e+01
1.416895808763494529e+02,1.237234907431309239e+01
1.534133193532404107e+02,6.789616466269762896e+00
1.009356328376331930e+02,1.709219551427434567e+02
1.550881391356534209e+02,5.647593667785537264e+01
