1.992164639229575300e+02,1.289783734485771447e+02
2.018841443081705052e+02,1.119052189832136150e+02
2.072195050785966828e+02,1.311125177567475930e+02
1.730731961478696235e+02,1.946033109248180608e+02
1.997500000000001705e+02,1.785972286135398122e+02
2.013506082311279783e+02,1.860667336921363244e+02
2.072195050785966828e+02,1.833990533069232924e+02
1.997500000000001705e+02,1.199082601388527678e+02
2.221585152357897073e+02,8.362780689995531702e+01
2.056188968474688750e+02,9.749974490306317421e+01
2.194908348505767322e+02,1.295119095256197284e+02
