5.850686501650392302e+01,8.969898778079397061e+01
9.591117349039421924e+01,5.899395843655565841e+01
4.455003349639565613e+01,5.676086539333834935e+01
3.785075436674367211e+01,7.015942365264231739e+01
1.768607963070223263e+02,1.661824245109874596e+02
1.969586336959783353e+02,1.460845871220315075e+02
2.008665465216086545e+02,1.103550984305542784e+02
2.030996395648259636e+02,1.164961042994019067e+02
2.153816513025212203e+02,1.209622903858365817e+02
1.897010813055219955e+02,9.918963321446761938e+01
1.483888600060014369e+02,3.275511517875207801e+01
