1.721096815051046747e+02,1.399435812531838792e+02
1.776924141131480042e+02,1.315694823411188850e+02
1.816003269387783234e+02,1.226371101682495350e+02
1.877413328076259518e+02,1.097968251697499227e+02
1.933240654156692813e+02,1.053306390833152477e+02
1.899744258508432608e+02,1.003061797360762739e+02
1.972319782412996005e+02,9.472344712803294442e+01
2.190046354126686197e+02,3.945439430840406203e+01
2.184463621518642071e+02,6.290187126218603453e+01
3.254136630402166475e+01,2.136356516793557319e+02
4.035719195528230330e+01,2.114025586361383944e+02
1.821586001995826223e+02,2.153104714617687137e+02
1.257730008583451422e+02,1.974457271160300706e+02
1.196319949894974002e+02,1.957709073336170604e+02
1.235399078151278331e+02,1.812558025527044379e+02
1.615024895498223145e+02,1.388270347315751678e+02
1.665269488970613452e+02,1.472011336436401621e+02
1.112578960774324628e+02,2.047032795064864104e+02
5.040611064976025091e+01,2.298255762426813646e+02
1.609442162890180157e+02,1.594831453813354756e+02
1.665269488970613452e+02,1.633910582069657949e+02
