1.988927163033926604e+02,5.962269337105379918e+01
1.003050911935532099e+02,7.934021839302170065e+01
8.658855204783645831e+01,5.362170749480270615e+01
3.686609764461303484e+01,1.332937375425962045e+01
6.001275745301012421e+01,1.761579223729614796e+01
7.201472920551236712e+01,2.618862920336914613e+01
1.114758674639404035e+01,1.076305803810626003e+02
1.029030304978675758e+01,1.170607010437428812e+02
1.629128892603785062e+01,1.222044032233866915e+02
1.800585631925247299e+01,1.290626727962451241e+02
2.486412589211084878e+01,1.230616869199939742e+02
3.000782807175465905e+01,1.393500771555326878e+02
2.229227480228894365e+01,1.393500771555326878e+02
1.717466083713759417e+00,1.247762543132085966e+02
2.574749780321042181e+00,1.179179847403502208e+02
3.000782807175465905e+01,6.905281403373413696e+01
8.658855204783645831e+01,1.444937793351764981e+02
1.131643466426627356e+02,9.991502711159688488e+01
3.257967916157656418e+01,2.361677811354724099e+01
3.515153025139846932e+01,4.161973574230052009e+01
4.115251612764956235e+01,3.476146616944214429e+01
5.572633896997365355e+01,4.590615422533704759e+01
