5.229720418354446565e+01,3.536585117555026159e+01
9.662305771662482812e+01,1.221919136715317222e+01
1.489173632096700999e+02,-2.292944019374613163e+01
1.497746469062773826e+02,-2.978770976660450742e+01
1.574902001757431549e+02,-1.264203583445851109e+01
1.763504415011037167e+02,7.075489187509390376e+00
1.797795762875329615e+02,2.336387942304807552e+01
1.900669806468204683e+02,1.564832615358236012e+01
1.986398176128935233e+02,1.221919136715317222e+01
1.266279870978802933e+02,-1.497347778563607790e+00
1.386299588503824793e+02,1.931787007865580108e+00
1.037342259799824546e+02,9.194657515163203243e+01
1.123070629460553960e+02,1.013766958143123702e+02
1.208798999121283941e+02,1.108068164769926511e+02
1.251663183951649216e+02,1.296670578023532698e+02
1.354537227544524853e+02,1.296670578023532698e+02
1.431692760239182007e+02,1.442408806446773042e+02
1.405974249340962956e+02,1.502418665209284541e+02
1.568858151696350092e+02,1.948206187445080104e+02
1.463455121198482516e+02,-9.212901048029323192e+00
