6.258460854283202934e+01,1.282053890996377845e+02
8.601823871064766536e-01,1.547811836944641186e+02
2.134665391457168084e+02,1.007723108082042245e+02
2.203248087185751842e+02,1.067732966844553175e+02
2.254685108982189945e+02,1.136315662573136933e+02
2.288976456846481256e+02,1.222044032233866915e+02
2.228966598083970325e+02,1.179179847403502208e+02
2.186102413253606187e+02,1.179179847403502208e+02
2.143238228423240912e+02,1.204898358301721260e+02
2.194675250219679015e+02,1.256335380098158794e+02
2.023218510898219051e+02,1.273481054030305017e+02
2.091801206626802809e+02,1.264908217064232190e+02
2.091801206626802809e+02,1.324918075826743120e+02
2.151811065389313740e+02,1.393500771555326878e+02
2.177529576287532223e+02,1.444937793351764981e+02
2.203248087185751842e+02,1.522093326046422135e+02
1.637440847424933850e+02,1.162034173471355984e+02
1.688877869221371952e+02,1.222044032233866915e+02
1.731742054051737227e+02,1.333490912792815948e+02
1.534566803832057644e+02,1.187752684369575036e+02
1.448838434171328231e+02,1.162034173471355984e+02
1.354537227544524853e+02,1.213471195267794087e+02
9.430410531730211687e+01,1.187752684369575036e+02
1.037342259799824546e+02,1.427792119419618757e+02
1.080206444630189253e+02,1.367782260657107827e+02
1.766033401916028538e+02,8.362663687605822815e+01
1.697450706187444780e+02,1.033441618980261296e+02
