1.783179075848175330e+02,1.342063749758888775e+02
1.817470423712466641e+02,1.453510630317837808e+02
1.423119923273109180e+02,1.350636586724962172e+02
1.586003825628495747e+02,1.282053890996377845e+02
1.671732195289226297e+02,1.419219282453545929e+02
1.337391553612379198e+02,1.607821695707152116e+02
1.448838434171328231e+02,1.462083467283911205e+02
7.458658029533421541e+01,9.905774341498960212e+01
8.058756617158530844e+01,1.076305803810626003e+02
9.258953792408755135e+01,1.239189706166013138e+02
1.011623748901605495e+02,1.393500771555326878e+02
2.228966598083970325e+02,8.534120426927279368e+01
2.297549293812555220e+02,9.391404123534579185e+01
1.894625956407124363e+02,5.362170749480270615e+01
6.772831072247583961e+01,5.790812597783923366e+01
5.744090636318821907e+01,4.676343792194433036e+01
4.372436721747146748e+01,5.362170749480270615e+01
3.772338134122037445e+01,6.219454446087570432e+01
2.915054437514737629e+01,7.076738142694870248e+01
