1.328818716646306370e+02,1.613865545768233005e+02
1.388828575408817301e+02,1.605292708802160178e+02
1.380255738442743905e+02,1.656729730598598280e+02
1.337391553612379198e+02,1.673875404530744504e+02
1.337391553612379198e+02,1.716739589361109211e+02
1.465984108103473886e+02,1.725312426327182038e+02
1.543139640798131609e+02,1.879623491716496346e+02
1.680305032255299125e+02,1.991070372275445379e+02
6.515645963265393448e+01,1.579574197903941126e+02
1.577430988662422919e+02,7.908731970252256360e+01
1.611722336526715367e+02,8.594558927538093940e+01
2.229227480228894365e+01,4.908239032126707002e+01
6.001275745301012421e+01,8.594558927538093940e+01
6.601374332926121724e+01,8.165917079234446874e+01
1.063060770698043029e+02,1.125213838702072735e+02
1.028769422833751150e+02,1.468127317344992662e+02
