1.277213344210896366e+02,-1.058352262426524248e+00
1.388121834042507317e+02,6.479321965213102885e-01
1.473436056989901317e+02,-7.883490098217976083e+00
1.499030323874118267e+02,-2.750576137611841432e+01
1.797630104189994427e+02,2.453591462179139171e+01
1.874412904842648686e+02,1.856391901547385714e+01
1.917070016316345118e+02,1.515135009757813123e+01
1.780567259600516081e+02,9.179354491260653504e+00
1.481967479284639921e+02,-2.153376576980087975e+01
1.575813124526772526e+02,-1.385548570453551065e+01
1.408831861662986853e+02,1.482415378955113852e+02
1.570928885263034545e+02,1.934580760576297394e+02
1.007855013810239484e+02,8.766843960286229276e+01
1.041980702989196743e+02,9.278729297970585321e+01
1.127294925936589607e+02,1.021718575039191137e+02
1.212609148883983039e+02,1.115564220281323742e+02
5.300953653048378555e+01,3.733304806390034969e+01
