8.401670095801455318e+01,1.264908217064232190e+02
9.344682162069483411e+01,1.187752684369575036e+02
1.328818716646306370e+02,9.305675753873850908e+01
1.414547086307036352e+02,1.024868782014187900e+02
1.697450706187444780e+02,1.050587292912406951e+02
1.911771630339270018e+02,7.848293469641441789e+01
2.006072836966073396e+02,8.705577166248741605e+01
2.280403619880408428e+02,8.705577166248741605e+01
2.220393761117897498e+02,8.191206948284360578e+01
1.534566803832057644e+02,1.016295945048115072e+02
7.544386399194155501e+01,1.247762543132085966e+02
1.928917304271415674e+02,1.136315662573136933e+02
1.903198793373197191e+02,1.204898358301721260e+02
1.706023543153517608e+02,9.734317602177503659e+01
