1.277213344210896366e+02,1.989416477375734758e+02
1.388121834042507317e+02,2.006479321965213103e+02
1.473436056989901317e+02,1.921165099017820239e+02
1.499030323874118267e+02,1.724942386238815857e+02
1.797630104189994427e+02,2.245359146217913917e+02
1.874412904842648686e+02,2.185639190154738571e+02
1.917070016316345118e+02,2.151513500975781312e+02
1.780567259600516081e+02,2.091793544912606535e+02
1.481967479284639921e+02,1.784662342301991202e+02
1.575813124526772526e+02,1.861445142954644894e+02
1.510656013053073821e+01,1.409279761333461352e+02
-2.669740911369194691e+01,1.341028382975546833e+02
2.309426688421808649e+00,1.281308426912371488e+02
9.134564524213260484e+00,1.323965538386068488e+02
2.193169796632219004e+01,1.537251095754551216e+02
9.987706753687120909e+00,1.272777004617632315e+02
1.937227127790038139e+01,1.264245582322893142e+02
2.875683580211364188e+01,1.230119893143935883e+02
9.444878747160635157e+01,1.272777004617632315e+02
1.217493388147721589e+02,1.503125406575593956e+02
1.277213344210896366e+02,1.554313940344029561e+02
6.544195166949270970e+01,1.443405450512418611e+02
1.510656013053073821e+01,1.025365758070192328e+02
2.705055134316580734e+01,1.136274247901803278e+02
1.851912904842640728e+01,1.195994203964978624e+02
