9.662305771662482812e+01,2.122191913671531722e+02
1.489173632096700999e+02,1.770705598062538684e+02
1.497746469062773826e+02,1.702122902333954926e+02
1.574902001757431549e+02,1.873579641655414889e+02
1.763504415011037167e+02,2.070754891875093904e+02
1.797795762875329615e+02,2.233638794230480755e+02
1.900669806468204683e+02,2.156483261535823601e+02
1.986398176128935233e+02,2.122191913671531722e+02
1.266279870978802933e+02,1.985026522214363922e+02
1.386299588503824793e+02,2.019317870078655801e+02
9.490849032341026259e+01,1.264908217064232190e+02
9.833762510983939364e+01,1.290626727962451241e+02
9.490849032341026259e+01,1.196325521335647863e+02
6.061714245911826993e+01,1.367782260657107827e+02
6.404627724554751467e+01,1.436364956385692153e+02
1.346653914571680843e+01,1.007723108082042245e+02
2.032480871857518423e+01,1.067732966844553175e+02
2.546851089821899450e+01,1.136315662573136933e+02
2.889764568464812555e+01,1.222044032233866915e+02
2.289665980839703252e+01,1.179179847403502208e+02
1.861024132536061870e+01,1.179179847403502208e+02
1.432382284232409120e+01,1.204898358301721260e+02
1.946752502196790147e+01,1.256335380098158794e+02
2.321851089821905134e+00,1.273481054030305017e+02
9.180120662680280930e+00,1.264908217064232190e+02
9.180120662680280930e+00,1.324918075826743120e+02
1.518110653893137396e+01,1.393500771555326878e+02
1.775295762875322225e+01,1.444937793351764981e+02
2.032480871857518423e+01,1.522093326046422135e+02
-2.682579459482627726e+01,1.333490912792815948e+02
1.274852707944875760e+02,1.607821695707152116e+02
1.223415686148438795e+02,1.504947652114275911e+02
1.180551501318073520e+02,1.410646445487473102e+02
1.163405827385927864e+02,1.470656304249984032e+02
1.463455121198482516e+02,1.907870989519706768e+02
-2.339665980839714621e+01,8.362663687605822815e+01
