-8.822836966072998166e+00,7.848293469641441789e+01
6.072836966073396070e-01,8.705577166248741605e+01
2.804036198804084279e+01,8.705577166248741605e+01
2.203937611178974976e+01,8.191206948284360578e+01
4.861517070661608386e+01,1.136315662573136933e+02
6.490356094215479743e+01,1.239189706166013138e+02
7.004726312179860770e+01,1.299199564928524069e+02
6.490356094215479743e+01,1.144888499539209761e+02
6.490356094215479743e+01,1.084878640776698830e+02
6.918997942519121125e+01,1.102024314708845054e+02
7.947738378447883179e+01,1.187752684369575036e+02
8.976478814376645232e+01,1.393500771555326878e+02
9.748034141323211088e+01,1.384927934589254050e+02
1.043386109860904867e+02,1.376355097623181223e+02
1.060531783793051659e+02,1.136315662573136933e+02
1.197697175250219175e+02,1.204898358301721260e+02
1.549183490859211929e+02,1.264908217064232190e+02
3.318406416768465306e+01,9.648589232516769698e+01
1.514892142994920619e+02,9.305675753873850908e+01
1.626339023553869652e+02,8.962762275230932119e+01
1.652057534452088134e+02,9.820045971838231935e+01
1.814941436807475270e+02,1.213471195267794087e+02
1.934961154332497131e+02,1.282053890996377845e+02
-7.108269572858432639e+00,1.136315662573136933e+02
-9.680120662680280930e+00,1.204898358301721260e+02
-2.939764568464823924e+01,9.734317602177503659e+01
4.947245440322336663e+01,9.820045971838231935e+01
1.394872425469898758e+02,1.222044032233866915e+02
1.806368599841402443e+02,1.067732966844553175e+02
6.061714245911826993e+01,2.018764332711805309e+01
6.576084463876208019e+01,2.018764332711805309e+01
