2.151065601305307382e+02,1.409279761333461352e+02
1.733025908863080531e+02,1.341028382975546833e+02
2.023094266884218086e+02,1.281308426912371488e+02
2.091345645242132605e+02,1.323965538386068488e+02
2.219316979663221900e+02,1.537251095754551216e+02
2.099877067536871209e+02,1.272777004617632315e+02
2.193722712779003814e+02,1.264245582322893142e+02
2.287568358021136419e+02,1.230119893143935883e+02
2.151065601305307382e+02,1.025365758070192328e+02
2.270505513431658073e+02,1.136274247901803278e+02
2.185191290484264073e+02,1.195994203964978624e+02
9.481350577470641383e+01,1.195994203964978624e+02
6.410038551364488058e+01,1.289839849207111229e+02
7.007238111996241514e+01,1.503125406575593956e+02
