9.333809018135070801e-01
1.000000000000000000e+00
1.000000000000000000e+00
1.000000000000000000e+00
9.656524062156677246e-01
9.884394407272338867e-01
9.353379607200622559e-01
1.000000000000000000e+00
9.719310402870178223e-01
1.000000000000000000e+00
9.724991917610168457e-01
9.848718643188476562e-01
9.998545050621032715e-01
9.489121437072753906e-01
9.851524233818054199e-01
9.504103660583496094e-01
9.575468301773071289e-01
9.273535609245300293e-01
9.838874340057373047e-01
8.917873501777648926e-01
9.383558034896850586e-01
9.101965427398681641e-01
1.000000000000000000e+00
9.984818696975708008e-01
9.958230853080749512e-01
9.925070405006408691e-01
9.834861159324645996e-01
9.623394608497619629e-01
9.995921850204467773e-01
9.944502711296081543e-01
9.126812219619750977e-01
9.416393637657165527e-01
9.490828514099121094e-01
9.266780614852905273e-01
1.000000000000000000e+00
9.660781025886535645e-01
1.000000000000000000e+00
9.487373232841491699e-01
1.000000000000000000e+00
8.494136333465576172e-01
1.000000000000000000e+00
8.803973197937011719e-01
9.840793013572692871e-01
1.000000000000000000e+00
1.000000000000000000e+00
9.361520409584045410e-01
8.473925590515136719e-01
9.436705112457275391e-01
9.191181659698486328e-01
9.262149333953857422e-01
9.312319755554199219e-01
9.616768956184387207e-01
1.000000000000000000e+00
9.103304743766784668e-01
7.672829031944274902e-01
9.238780736923217773e-01
9.482342004776000977e-01
8.105641603469848633e-01
7.972624301910400391e-01
9.727116823196411133e-01
9.956713318824768066e-01
8.863447308540344238e-01
9.963752627372741699e-01
9.230740666389465332e-01
9.566427469253540039e-01
9.672415256500244141e-01
9.163136482238769531e-01
9.607308506965637207e-01
1.000000000000000000e+00
9.164947867393493652e-01
1.000000000000000000e+00
1.000000000000000000e+00
9.967964291572570801e-01
8.068443536758422852e-01
8.590989112854003906e-01
8.084093928337097168e-01
9.302204847335815430e-01
9.600861072540283203e-01
1.000000000000000000e+00
9.399798512458801270e-01
9.036506414413452148e-01
8.841593861579895020e-01
8.890492916107177734e-01
7.864277958869934082e-01
1.000000000000000000e+00
8.176563978195190430e-01
9.287539720535278320e-01
1.000000000000000000e+00
1.000000000000000000e+00
9.984802603721618652e-01
9.020592570304870605e-01
7.688611745834350586e-01
1.000000000000000000e+00
1.000000000000000000e+00
8.122133016586303711e-01
9.986820816993713379e-01
9.677470326423645020e-01
1.000000000000000000e+00
9.028359055519104004e-01
9.389109015464782715e-01
9.165605902671813965e-01
8.865702152252197266e-01
8.346393704414367676e-01
8.299605846405029297e-01
7.318229675292968750e-01
8.892212510108947754e-01
9.991640448570251465e-01
7.624282836914062500e-01
1.000000000000000000e+00
1.000000000000000000e+00
8.897103667259216309e-01
8.685771822929382324e-01
8.358685970306396484e-01
1.000000000000000000e+00
8.992168307304382324e-01
9.098929762840270996e-01
8.357727527618408203e-01
7.644500732421875000e-01
9.100579619407653809e-01
7.981372475624084473e-01
9.494029879570007324e-01
7.805212736129760742e-01
8.064213991165161133e-01
7.691378593444824219e-01
1.000000000000000000e+00
1.000000000000000000e+00
8.786901831626892090e-01
8.924670219421386719e-01
9.967351555824279785e-01
8.863096833229064941e-01
1.000000000000000000e+00
7.895390391349792480e-01
9.947342872619628906e-01
1.000000000000000000e+00
1.000000000000000000e+00
8.471283912658691406e-01
1.000000000000000000e+00
9.954142570495605469e-01
8.280191421508789062e-01
9.998892545700073242e-01
8.687076568603515625e-01
1.000000000000000000e+00
1.000000000000000000e+00
1.000000000000000000e+00
8.838415741920471191e-01
9.995700716972351074e-01
7.520614266395568848e-01
7.581775188446044922e-01
1.000000000000000000e+00
8.710554838180541992e-01
8.373686075210571289e-01
1.000000000000000000e+00
8.703102469444274902e-01
8.121135234832763672e-01
9.998248219490051270e-01
8.442771434783935547e-01
1.000000000000000000e+00
9.838443398475646973e-01
9.393478035926818848e-01
9.587215185165405273e-01
1.000000000000000000e+00
9.566689133644104004e-01
9.434930086135864258e-01
9.455306529998779297e-01
9.998435378074645996e-01
9.998995065689086914e-01
9.985635876655578613e-01
1.000000000000000000e+00
7.558996081352233887e-01
8.067408204078674316e-01
8.499205708503723145e-01
9.046660065650939941e-01
9.700420498847961426e-01
9.366081953048706055e-01
1.000000000000000000e+00
8.050062060356140137e-01
9.682790040969848633e-01
9.004583358764648438e-01
8.587085008621215820e-01
1.000000000000000000e+00
9.995753765106201172e-01
9.505960345268249512e-01
1.000000000000000000e+00
7.816500663757324219e-01
9.998622536659240723e-01
9.382325410842895508e-01
1.000000000000000000e+00
1.000000000000000000e+00
9.637581706047058105e-01
1.000000000000000000e+00
1.000000000000000000e+00
6.944695711135864258e-01
9.032337665557861328e-01
1.000000000000000000e+00
9.999374151229858398e-01
1.000000000000000000e+00
1.000000000000000000e+00
1.000000000000000000e+00
9.976876974105834961e-01
1.000000000000000000e+00
9.412603974342346191e-01
8.790909051895141602e-01
9.535747170448303223e-01
1.000000000000000000e+00
9.269385337829589844e-01
9.929705858230590820e-01
8.178663849830627441e-01
9.959242343902587891e-01
1.000000000000000000e+00
1.000000000000000000e+00
1.000000000000000000e+00
1.000000000000000000e+00
7.466833591461181641e-01
9.198665022850036621e-01
9.973215460777282715e-01
8.623136878013610840e-01
9.085017442703247070e-01
1.000000000000000000e+00
1.000000000000000000e+00
1.000000000000000000e+00
8.202169537544250488e-01
7.075429558753967285e-01
7.998535633087158203e-01
9.984456896781921387e-01
9.688556790351867676e-01
8.930147290229797363e-01
8.048736453056335449e-01
9.906571507453918457e-01
7.896552085876464844e-01
1.000000000000000000e+00
8.267821073532104492e-01
1.000000000000000000e+00
9.681491255760192871e-01
7.429485321044921875e-01
8.863821029663085938e-01
7.703446745872497559e-01
7.448317408561706543e-01
7.178878784179687500e-01
1.000000000000000000e+00
8.406023979187011719e-01
7.522949576377868652e-01
8.089295625686645508e-01
8.394557237625122070e-01
1.000000000000000000e+00
1.000000000000000000e+00
1.000000000000000000e+00
9.772421717643737793e-01
8.147799968719482422e-01
8.030515313148498535e-01
1.000000000000000000e+00
1.000000000000000000e+00
9.989395737648010254e-01
7.875773906707763672e-01
1.000000000000000000e+00
1.000000000000000000e+00
1.000000000000000000e+00
1.000000000000000000e+00
9.419180154800415039e-01
8.597606420516967773e-01
7.735779881477355957e-01
1.000000000000000000e+00
8.896619677543640137e-01
1.000000000000000000e+00
9.603295326232910156e-01
9.167824983596801758e-01
1.000000000000000000e+00
9.992114901542663574e-01
1.000000000000000000e+00
9.108927249908447266e-01
8.356568813323974609e-01
9.402968287467956543e-01
8.408473730087280273e-01
9.423585534095764160e-01
7.601166963577270508e-01
1.000000000000000000e+00
9.999386668205261230e-01
8.883008360862731934e-01
8.110498785972595215e-01
8.507081270217895508e-01
8.284229040145874023e-01
9.393051266670227051e-01
9.643419384956359863e-01
7.142506837844848633e-01
8.265829086303710938e-01
8.948405981063842773e-01
1.000000000000000000e+00
7.091488838195800781e-01
1.000000000000000000e+00
1.000000000000000000e+00
9.764492511749267578e-01
8.556699752807617188e-01
8.137491941452026367e-01
7.356456518173217773e-01
1.000000000000000000e+00
7.735174894332885742e-01
1.000000000000000000e+00
9.997239708900451660e-01
8.244435787200927734e-01
1.000000000000000000e+00
1.000000000000000000e+00
1.000000000000000000e+00
1.000000000000000000e+00
9.999938607215881348e-01
8.976652026176452637e-01
9.993249177932739258e-01
1.000000000000000000e+00
9.280442595481872559e-01
1.000000000000000000e+00
8.482122421264648438e-01
1.000000000000000000e+00
1.000000000000000000e+00
8.016397953033447266e-01
7.084686160087585449e-01
8.246427774429321289e-01
8.373977541923522949e-01
1.000000000000000000e+00
9.129555821418762207e-01
1.000000000000000000e+00
9.980248212814331055e-01
8.720042109489440918e-01
9.051757454872131348e-01
1.000000000000000000e+00
8.332684040069580078e-01
9.248713254928588867e-01
1.000000000000000000e+00
1.000000000000000000e+00
1.000000000000000000e+00
1.000000000000000000e+00
7.908565402030944824e-01
8.186626434326171875e-01
7.734761238098144531e-01
1.000000000000000000e+00
7.616462111473083496e-01
9.620259404182434082e-01
9.998950362205505371e-01
1.000000000000000000e+00
8.569240570068359375e-01
7.853376269340515137e-01
9.984048604965209961e-01
1.000000000000000000e+00
1.000000000000000000e+00
9.241051673889160156e-01
8.818387985229492188e-01
9.129226207733154297e-01
6.942346692085266113e-01
8.563871979713439941e-01
7.849653363227844238e-01
8.680807352066040039e-01
9.688168168067932129e-01
8.800054788589477539e-01
8.484240770339965820e-01
8.119747638702392578e-01
8.157202005386352539e-01
9.993837475776672363e-01
1.000000000000000000e+00
8.802893757820129395e-01
1.000000000000000000e+00
9.999978542327880859e-01
9.994076490402221680e-01
7.502710819244384766e-01
7.979482412338256836e-01
9.995204210281372070e-01
8.045939207077026367e-01
1.000000000000000000e+00
1.000000000000000000e+00
1.000000000000000000e+00
8.443897366523742676e-01
9.997252225875854492e-01
9.999999403953552246e-01
1.000000000000000000e+00
1.000000000000000000e+00
8.731678128242492676e-01
7.942588925361633301e-01
9.976186156272888184e-01
7.668632268905639648e-01
8.753364086151123047e-01
8.952049612998962402e-01
9.212995767593383789e-01
9.411590695381164551e-01
7.604370117187500000e-01
9.775078296661376953e-01
7.305094003677368164e-01
7.782651185989379883e-01
8.409763574600219727e-01
1.000000000000000000e+00
8.590496778488159180e-01
1.000000000000000000e+00
1.000000000000000000e+00
8.734426498413085938e-01
1.000000000000000000e+00
1.000000000000000000e+00
9.985271692276000977e-01
1.000000000000000000e+00
1.000000000000000000e+00
8.682502508163452148e-01
1.000000000000000000e+00
9.997156858444213867e-01
9.295032024383544922e-01
8.079816699028015137e-01
1.000000000000000000e+00
8.565979003906250000e-01
1.000000000000000000e+00
7.465355396270751953e-01
7.746526002883911133e-01
1.000000000000000000e+00
1.000000000000000000e+00
1.000000000000000000e+00
8.617385625839233398e-01
7.634292244911193848e-01
1.000000000000000000e+00
7.406654953956604004e-01
8.186492919921875000e-01
9.444901347160339355e-01
9.970541596412658691e-01
8.928081989288330078e-01
1.000000000000000000e+00
1.000000000000000000e+00
1.000000000000000000e+00
1.000000000000000000e+00
1.000000000000000000e+00
9.900661706924438477e-01
9.466442465782165527e-01
8.712344765663146973e-01
8.749960660934448242e-01
1.000000000000000000e+00
9.207260608673095703e-01
8.938963413238525391e-01
8.172156810760498047e-01
7.976872324943542480e-01
8.215360641479492188e-01
1.000000000000000000e+00
1.000000000000000000e+00
9.974116086959838867e-01
1.000000000000000000e+00
1.000000000000000000e+00
7.275999784469604492e-01
1.000000000000000000e+00
7.802051305770874023e-01
1.000000000000000000e+00
1.000000000000000000e+00
7.211330533027648926e-01
9.067202210426330566e-01
8.757264614105224609e-01
8.580561876296997070e-01
1.000000000000000000e+00
7.621086835861206055e-01
1.000000000000000000e+00
8.317123651504516602e-01
9.482638239860534668e-01
9.973023533821105957e-01
6.874788999557495117e-01
9.852888584136962891e-01
8.516471385955810547e-01
1.000000000000000000e+00
7.116059064865112305e-01
1.000000000000000000e+00
1.000000000000000000e+00
9.820609092712402344e-01
7.190095186233520508e-01
8.904767632484436035e-01
1.000000000000000000e+00
1.000000000000000000e+00
7.917523980140686035e-01
9.314913749694824219e-01
9.018618464469909668e-01
7.273912429809570312e-01
1.000000000000000000e+00
1.000000000000000000e+00
9.979698061943054199e-01
9.347448348999023438e-01
1.000000000000000000e+00
1.000000000000000000e+00
7.455302476882934570e-01
9.995035529136657715e-01
6.449171304702758789e-01
8.337035775184631348e-01
7.638571858406066895e-01
7.865355610847473145e-01
7.198969125747680664e-01
7.082084417343139648e-01
8.288184404373168945e-01
7.188127040863037109e-01
9.146006107330322266e-01
9.478092789649963379e-01
1.000000000000000000e+00
8.235692381858825684e-01
1.000000000000000000e+00
1.000000000000000000e+00
8.475838303565979004e-01
9.993469715118408203e-01
9.999082088470458984e-01
1.000000000000000000e+00
1.000000000000000000e+00
1.000000000000000000e+00
9.983601570129394531e-01
1.000000000000000000e+00
9.301820993423461914e-01
8.058685660362243652e-01
1.000000000000000000e+00
9.406649470329284668e-01
1.000000000000000000e+00
7.175168991088867188e-01
7.670868635177612305e-01
8.214201331138610840e-01
8.094519376754760742e-01
1.000000000000000000e+00
1.000000000000000000e+00
1.000000000000000000e+00
1.000000000000000000e+00
1.000000000000000000e+00
7.933192849159240723e-01
6.835335493087768555e-01
6.914177536964416504e-01
1.000000000000000000e+00
1.000000000000000000e+00
1.000000000000000000e+00
8.041132688522338867e-01
9.999669790267944336e-01
9.683967828750610352e-01
8.749250769615173340e-01
1.000000000000000000e+00
8.188547492027282715e-01
7.694650292396545410e-01
9.525970220565795898e-01
1.000000000000000000e+00
1.000000000000000000e+00
1.000000000000000000e+00
9.993413686752319336e-01
8.279165625572204590e-01
9.988712668418884277e-01
9.573346972465515137e-01
1.000000000000000000e+00
1.000000000000000000e+00
1.000000000000000000e+00
8.031395077705383301e-01
9.609224796295166016e-01
7.156361341476440430e-01
8.892544507980346680e-01
1.000000000000000000e+00
1.000000000000000000e+00
7.791349291801452637e-01
1.000000000000000000e+00
9.476493597030639648e-01
8.488996028900146484e-01
9.149379134178161621e-01
8.522763252258300781e-01
9.990542531013488770e-01
9.996227622032165527e-01
8.972085118293762207e-01
9.538978338241577148e-01
1.000000000000000000e+00
7.927930355072021484e-01
7.136918902397155762e-01
7.942581176757812500e-01
1.000000000000000000e+00
1.000000000000000000e+00
9.134901165962219238e-01
9.994329810142517090e-01
8.852509260177612305e-01
8.367474079132080078e-01
8.593924641609191895e-01
9.981933236122131348e-01
1.000000000000000000e+00
9.983857274055480957e-01
8.107969760894775391e-01
8.764011263847351074e-01
7.433350086212158203e-01
8.115860223770141602e-01
8.139198422431945801e-01
9.293110370635986328e-01
8.697441816329956055e-01
1.000000000000000000e+00
9.527581930160522461e-01
8.098698258399963379e-01
1.000000000000000000e+00
9.736831188201904297e-01
1.000000000000000000e+00
7.685124874114990234e-01
9.871170520782470703e-01
7.596553564071655273e-01
8.394991755485534668e-01
7.855572104454040527e-01
9.999848604202270508e-01
8.080939054489135742e-01
8.283446431159973145e-01
8.203171491622924805e-01
8.846858739852905273e-01
1.000000000000000000e+00
7.616124153137207031e-01
1.000000000000000000e+00
1.000000000000000000e+00
1.000000000000000000e+00
7.501938343048095703e-01
8.590501546859741211e-01
7.485389709472656250e-01
7.943241596221923828e-01
1.000000000000000000e+00
8.397852778434753418e-01
8.572198152542114258e-01
8.492375612258911133e-01
9.999866485595703125e-01
8.884674906730651855e-01
9.857571125030517578e-01
7.270761728286743164e-01
7.602095603942871094e-01
7.410309910774230957e-01
7.734524607658386230e-01
7.208863496780395508e-01
1.000000000000000000e+00
8.242951035499572754e-01
7.768376469612121582e-01
9.295793771743774414e-01
8.327167630195617676e-01
9.974965453147888184e-01
8.455378413200378418e-01
7.811133265495300293e-01
8.254934549331665039e-01
7.705039978027343750e-01
1.000000000000000000e+00
7.134288549423217773e-01
7.441591024398803711e-01
9.007051587104797363e-01
1.000000000000000000e+00
1.000000000000000000e+00
9.993363022804260254e-01
7.717577815055847168e-01
9.993425011634826660e-01
9.996573328971862793e-01
1.000000000000000000e+00
9.302921295166015625e-01
1.000000000000000000e+00
9.998016357421875000e-01
9.287111163139343262e-01
9.969668388366699219e-01
1.000000000000000000e+00
7.325962185859680176e-01
8.610785007476806641e-01
7.877604365348815918e-01
7.479410171508789062e-01
1.000000000000000000e+00
8.216826915740966797e-01
8.893318176269531250e-01
1.000000000000000000e+00
7.228991985321044922e-01
8.009622693061828613e-01
8.879846930503845215e-01
7.874521017074584961e-01
9.999980330467224121e-01
1.000000000000000000e+00
6.909992098808288574e-01
8.326404690742492676e-01
7.785183191299438477e-01
7.853710651397705078e-01
9.819807410240173340e-01
1.000000000000000000e+00
9.361632466316223145e-01
8.717504739761352539e-01
1.000000000000000000e+00
9.862911105155944824e-01
8.155409097671508789e-01
9.978522062301635742e-01
1.000000000000000000e+00
1.000000000000000000e+00
8.173801898956298828e-01
8.488869667053222656e-01
7.689221501350402832e-01
7.191239595413208008e-01
8.300762772560119629e-01
1.000000000000000000e+00
8.664501309394836426e-01
7.848785519599914551e-01
7.143343687057495117e-01
8.644270896911621094e-01
1.000000000000000000e+00
8.272376656532287598e-01
9.997718334197998047e-01
7.768334746360778809e-01
7.230993509292602539e-01
9.997878074645996094e-01
8.309940099716186523e-01
1.000000000000000000e+00
7.385561466217041016e-01
1.000000000000000000e+00
7.440078854560852051e-01
8.307734131813049316e-01
9.993510842323303223e-01
9.564629197120666504e-01
9.998700618743896484e-01
7.842936515808105469e-01
9.207422137260437012e-01
1.000000000000000000e+00
1.000000000000000000e+00
9.521415233612060547e-01
9.912373423576354980e-01
8.669185638427734375e-01
9.999076128005981445e-01
7.790514826774597168e-01
8.582217097282409668e-01
1.000000000000000000e+00
8.742262721061706543e-01
9.553040266036987305e-01
1.000000000000000000e+00
9.514438509941101074e-01
8.220125436782836914e-01
8.541895151138305664e-01
9.128739833831787109e-01
9.574574828147888184e-01
1.000000000000000000e+00
1.000000000000000000e+00
8.672230839729309082e-01
1.000000000000000000e+00
1.000000000000000000e+00
1.000000000000000000e+00
7.530730962753295898e-01
1.000000000000000000e+00
6.798504590988159180e-01
8.755713701248168945e-01
8.388861417770385742e-01
9.781562685966491699e-01
1.000000000000000000e+00
7.758572697639465332e-01
1.000000000000000000e+00
7.556042075157165527e-01
7.500407099723815918e-01
1.000000000000000000e+00
8.099290132522583008e-01
1.000000000000000000e+00
9.367300271987915039e-01
6.868947148323059082e-01
7.532780766487121582e-01
9.538778662681579590e-01
7.114013433456420898e-01
7.360607981681823730e-01
6.743012666702270508e-01
1.000000000000000000e+00
8.127815127372741699e-01
8.725954294204711914e-01
8.026710748672485352e-01
6.933363676071166992e-01
1.000000000000000000e+00
7.557414174079895020e-01
1.000000000000000000e+00
7.573871016502380371e-01
7.604465484619140625e-01
9.987059235572814941e-01
1.000000000000000000e+00
7.679873704910278320e-01
9.838485717773437500e-01
9.008098840713500977e-01
6.879279613494873047e-01
9.603137373924255371e-01
1.000000000000000000e+00
7.088862657546997070e-01
7.876996994018554688e-01
7.960458397865295410e-01
7.569152116775512695e-01
9.999955296516418457e-01
9.993908405303955078e-01
1.000000000000000000e+00
6.859265565872192383e-01
9.805822372436523438e-01
8.003239631652832031e-01
9.667223095893859863e-01
7.498303651809692383e-01
1.000000000000000000e+00
1.000000000000000000e+00
7.407146096229553223e-01
8.045343160629272461e-01
8.828377723693847656e-01
9.047898650169372559e-01
7.208505868911743164e-01
8.200418949127197266e-01
1.000000000000000000e+00
9.080069661140441895e-01
8.250695466995239258e-01
9.997959733009338379e-01
1.000000000000000000e+00
1.000000000000000000e+00
7.600268125534057617e-01
9.692024588584899902e-01
7.815328836441040039e-01
8.738878369331359863e-01
1.000000000000000000e+00
1.000000000000000000e+00
9.998732209205627441e-01
7.568317651748657227e-01
7.463648319244384766e-01
8.089284896850585938e-01
8.385490179061889648e-01
8.858410716056823730e-01
9.995917081832885742e-01
9.577582478523254395e-01
1.000000000000000000e+00
8.195970654487609863e-01
9.992030262947082520e-01
9.999619722366333008e-01
1.000000000000000000e+00
1.000000000000000000e+00
1.000000000000000000e+00
9.999315142631530762e-01
1.000000000000000000e+00
8.073468208312988281e-01
1.000000000000000000e+00
6.698321104049682617e-01
1.000000000000000000e+00
9.999402761459350586e-01
1.000000000000000000e+00
7.868583798408508301e-01
7.314874529838562012e-01
7.653558850288391113e-01
8.024319410324096680e-01
9.996702671051025391e-01
6.975846886634826660e-01
7.347595691680908203e-01
8.537573814392089844e-01
8.718085289001464844e-01
6.858191490173339844e-01
7.560480237007141113e-01
6.887747049331665039e-01
8.332533240318298340e-01
7.272279262542724609e-01
1.000000000000000000e+00
7.074359655380249023e-01
1.000000000000000000e+00
8.353247046470642090e-01
1.000000000000000000e+00
9.987133741378784180e-01
9.991908073425292969e-01
7.787137627601623535e-01
9.992206096649169922e-01
9.999147653579711914e-01
1.000000000000000000e+00
1.000000000000000000e+00
7.785542607307434082e-01
9.318123459815979004e-01
9.212839007377624512e-01
1.000000000000000000e+00
1.000000000000000000e+00
1.000000000000000000e+00
1.000000000000000000e+00
8.401358127593994141e-01
7.760603427886962891e-01
6.780059337615966797e-01
8.102625608444213867e-01
1.000000000000000000e+00
9.987988471984863281e-01
9.482008814811706543e-01
9.398898482322692871e-01
9.420111179351806641e-01
1.000000000000000000e+00
7.701061964035034180e-01
1.000000000000000000e+00
1.000000000000000000e+00
8.216216564178466797e-01
1.000000000000000000e+00
1.000000000000000000e+00
1.000000000000000000e+00
7.202957868576049805e-01
9.251366853713989258e-01
9.059457778930664062e-01
1.000000000000000000e+00
7.969893217086791992e-01
8.495565056800842285e-01
8.887978196144104004e-01
9.993953704833984375e-01
8.813931345939636230e-01
9.996893405914306641e-01
1.000000000000000000e+00
9.146026968955993652e-01
7.799865603446960449e-01
1.000000000000000000e+00
8.403685092926025391e-01
8.281993865966796875e-01
9.213855266571044922e-01
8.180751800537109375e-01
6.933019161224365234e-01
9.834448099136352539e-01
1.000000000000000000e+00
8.814157247543334961e-01
7.752243280410766602e-01
9.917473196983337402e-01
9.986200332641601562e-01
8.991495966911315918e-01
9.980548024177551270e-01
9.566237330436706543e-01
9.740492105484008789e-01
9.687100052833557129e-01
1.000000000000000000e+00
8.428781628608703613e-01
8.383210897445678711e-01
1.000000000000000000e+00
1.000000000000000000e+00
9.997307062149047852e-01
1.000000000000000000e+00
9.999940395355224609e-01
7.881329059600830078e-01
1.000000000000000000e+00
9.981141686439514160e-01
7.387977838516235352e-01
7.385720610618591309e-01
8.492334485054016113e-01
7.473897933959960938e-01
1.000000000000000000e+00
8.090960979461669922e-01
7.731201648712158203e-01
9.995886683464050293e-01
7.678842544555664062e-01
8.913326859474182129e-01
6.913173198699951172e-01
7.043342590332031250e-01
7.685687541961669922e-01
1.000000000000000000e+00
7.548418045043945312e-01
8.327699303627014160e-01
7.207556962966918945e-01
8.763771653175354004e-01
9.996435642242431641e-01
9.998480081558227539e-01
7.689960598945617676e-01
9.038645029067993164e-01
9.595234990119934082e-01
1.000000000000000000e+00
7.139256000518798828e-01
9.185950756072998047e-01
8.810447454452514648e-01
1.000000000000000000e+00
8.457705378532409668e-01
8.739236593246459961e-01
1.000000000000000000e+00
7.682775855064392090e-01
9.985317587852478027e-01
1.000000000000000000e+00
8.010451793670654297e-01
8.214112520217895508e-01
7.879900932312011719e-01
1.000000000000000000e+00
9.894573092460632324e-01
1.000000000000000000e+00
8.728970289230346680e-01
9.999956488609313965e-01
9.992021322250366211e-01
6.878962516784667969e-01
1.000000000000000000e+00
7.266300916671752930e-01
9.740597009658813477e-01
1.000000000000000000e+00
9.988016486167907715e-01
9.996639490127563477e-01
9.994884729385375977e-01
9.306597709655761719e-01
8.738307952880859375e-01
1.000000000000000000e+00
6.761499047279357910e-01
9.573568105697631836e-01
8.226346373558044434e-01
1.000000000000000000e+00
7.137656211853027344e-01
7.223172783851623535e-01
8.560490608215332031e-01
7.127743363380432129e-01
7.771521806716918945e-01
7.161793708801269531e-01
1.000000000000000000e+00
8.710899353027343750e-01
7.495512366294860840e-01
8.754918575286865234e-01
8.753296136856079102e-01
1.000000000000000000e+00
8.202141523361206055e-01
9.897474050521850586e-01
7.945268750190734863e-01
9.997787475585937500e-01
9.996675848960876465e-01
9.942381978034973145e-01
8.891313672065734863e-01
8.199113607406616211e-01
7.253912687301635742e-01
8.644529581069946289e-01
1.000000000000000000e+00
7.123098373413085938e-01
1.000000000000000000e+00
1.000000000000000000e+00
8.484363555908203125e-01
8.534371852874755859e-01
1.000000000000000000e+00
1.000000000000000000e+00
7.660365700721740723e-01
7.891969680786132812e-01
7.891724109649658203e-01
9.424777030944824219e-01
8.512688875198364258e-01
8.289194107055664062e-01
1.000000000000000000e+00
8.179468512535095215e-01
8.776419758796691895e-01
8.088245391845703125e-01
8.500066399574279785e-01
7.608066201210021973e-01
8.841205239295959473e-01
9.998955130577087402e-01
1.000000000000000000e+00
1.000000000000000000e+00
1.000000000000000000e+00
9.000089764595031738e-01
7.140446901321411133e-01
8.460310697555541992e-01
1.000000000000000000e+00
8.049591779708862305e-01
7.845381498336791992e-01
7.113627195358276367e-01
9.707000851631164551e-01
8.874626755714416504e-01
7.068330049514770508e-01
7.899168133735656738e-01
9.271101355552673340e-01
1.000000000000000000e+00
7.307819128036499023e-01
6.571207046508789062e-01
8.387317657470703125e-01
1.000000000000000000e+00
7.305408716201782227e-01
1.000000000000000000e+00
9.452514052391052246e-01
1.000000000000000000e+00
9.807157516479492188e-01
9.701648950576782227e-01
7.936328649520874023e-01
7.396060228347778320e-01
9.947703480720520020e-01
7.482895851135253906e-01
9.995539784431457520e-01
7.911142706871032715e-01
6.944866180419921875e-01
7.268433570861816406e-01
7.531810998916625977e-01
7.555276751518249512e-01
8.551094532012939453e-01
8.735799193382263184e-01
9.996572136878967285e-01
8.587646484375000000e-01
8.702288269996643066e-01
8.655362725257873535e-01
7.778055071830749512e-01
9.214818477630615234e-01
6.664302349090576172e-01
7.395897507667541504e-01
7.631351947784423828e-01
9.997069835662841797e-01
7.706698775291442871e-01
7.420135140419006348e-01
7.328310012817382812e-01
7.650797963142395020e-01
9.999988675117492676e-01
9.297885894775390625e-01
1.000000000000000000e+00
1.000000000000000000e+00
9.290212988853454590e-01
7.133553028106689453e-01
9.428318738937377930e-01
1.000000000000000000e+00
9.895089268684387207e-01
1.000000000000000000e+00
1.000000000000000000e+00
1.000000000000000000e+00
7.819237112998962402e-01
8.608044385910034180e-01
9.981939792633056641e-01
9.989027380943298340e-01
1.000000000000000000e+00
1.000000000000000000e+00
1.000000000000000000e+00
7.289928197860717773e-01
1.000000000000000000e+00
7.252393960952758789e-01
1.000000000000000000e+00
1.000000000000000000e+00
7.665247917175292969e-01
8.532668352127075195e-01
8.552586436271667480e-01
1.000000000000000000e+00
1.000000000000000000e+00
9.462404847145080566e-01
1.000000000000000000e+00
1.000000000000000000e+00
8.261563181877136230e-01
1.000000000000000000e+00
1.000000000000000000e+00
1.000000000000000000e+00
9.980472326278686523e-01
1.000000000000000000e+00
1.000000000000000000e+00
8.700967431068420410e-01
1.000000000000000000e+00
1.000000000000000000e+00
8.567891120910644531e-01
9.992780685424804688e-01
1.000000000000000000e+00
1.000000000000000000e+00
1.000000000000000000e+00
9.515953660011291504e-01
9.998605251312255859e-01
7.368472814559936523e-01
8.527466058731079102e-01
1.000000000000000000e+00
1.000000000000000000e+00
8.568754196166992188e-01
8.278447389602661133e-01
1.000000000000000000e+00
9.984244704246520996e-01
7.743819355964660645e-01
8.846806287765502930e-01
1.000000000000000000e+00
1.000000000000000000e+00
9.999949336051940918e-01
9.993086457252502441e-01
7.303753495216369629e-01
7.008533477783203125e-01
1.000000000000000000e+00
8.680400848388671875e-01
9.997255206108093262e-01
8.694553375244140625e-01
1.000000000000000000e+00
8.712570667266845703e-01
1.000000000000000000e+00
8.641734123229980469e-01
9.993031620979309082e-01
9.992297291755676270e-01
1.000000000000000000e+00
7.519600391387939453e-01
9.179316163063049316e-01
7.857027649879455566e-01
1.000000000000000000e+00
6.824077963829040527e-01
7.946851253509521484e-01
6.969549655914306641e-01
6.745610237121582031e-01
1.000000000000000000e+00
7.983182072639465332e-01
7.442770004272460938e-01
7.398818135261535645e-01
1.000000000000000000e+00
7.644768953323364258e-01
1.000000000000000000e+00
7.449184656143188477e-01
6.650046110153198242e-01
7.903176546096801758e-01
9.191189408302307129e-01
7.717347741127014160e-01
1.000000000000000000e+00
7.588917016983032227e-01
1.000000000000000000e+00
1.000000000000000000e+00
8.517829775810241699e-01
1.000000000000000000e+00
1.000000000000000000e+00
8.850802183151245117e-01
7.445000410079956055e-01
9.998785853385925293e-01
8.044518828392028809e-01
8.787895441055297852e-01
9.999946951866149902e-01
7.271387577056884766e-01
1.000000000000000000e+00
8.078053593635559082e-01
7.049003839492797852e-01
9.989621639251708984e-01
8.561564683914184570e-01
1.000000000000000000e+00
7.150955200195312500e-01
1.000000000000000000e+00
9.995810389518737793e-01
6.948493719100952148e-01
1.000000000000000000e+00
7.774262428283691406e-01
1.000000000000000000e+00
6.794602274894714355e-01
1.000000000000000000e+00
7.682482004165649414e-01
8.111945390701293945e-01
8.415178060531616211e-01
8.969407081604003906e-01
9.665049314498901367e-01
8.852696418762207031e-01
8.053514361381530762e-01
1.000000000000000000e+00
1.000000000000000000e+00
8.038315176963806152e-01
1.000000000000000000e+00
9.821165800094604492e-01
1.000000000000000000e+00
1.000000000000000000e+00
1.000000000000000000e+00
8.026409149169921875e-01
9.173417091369628906e-01
9.246667623519897461e-01
8.858015537261962891e-01
6.930427551269531250e-01
6.853284239768981934e-01
1.000000000000000000e+00
9.946327209472656250e-01
7.989487648010253906e-01
9.913908839225769043e-01
1.000000000000000000e+00
8.824734091758728027e-01
7.740309834480285645e-01
9.996195435523986816e-01
1.000000000000000000e+00
8.494087457656860352e-01
9.018977880477905273e-01
9.243589639663696289e-01
7.189894914627075195e-01
9.994626045227050781e-01
1.000000000000000000e+00
1.000000000000000000e+00
7.726712226867675781e-01
9.668982625007629395e-01
8.670166730880737305e-01
9.917346835136413574e-01
9.997250437736511230e-01
1.000000000000000000e+00
1.000000000000000000e+00
8.335014581680297852e-01
6.528807878494262695e-01
1.000000000000000000e+00
8.717452883720397949e-01
6.650527715682983398e-01
6.481496691703796387e-01
1.000000000000000000e+00
8.991299271583557129e-01
8.927844166755676270e-01
9.171774387359619141e-01
1.000000000000000000e+00
7.774145007133483887e-01
8.626070618629455566e-01
8.981914520263671875e-01
1.000000000000000000e+00
1.000000000000000000e+00
7.424011826515197754e-01
9.993299245834350586e-01
7.725247144699096680e-01
7.924964427947998047e-01
7.659372091293334961e-01
9.985356926918029785e-01
9.086524248123168945e-01
1.000000000000000000e+00
1.000000000000000000e+00
9.495378136634826660e-01
8.343420028686523438e-01
1.000000000000000000e+00
7.205604314804077148e-01
1.000000000000000000e+00
8.019989728927612305e-01
8.325906991958618164e-01
7.095924615859985352e-01
7.320706844329833984e-01
8.419722318649291992e-01
7.321192026138305664e-01
1.000000000000000000e+00
8.265281319618225098e-01
9.007124900817871094e-01
9.617316126823425293e-01
8.312264084815979004e-01
8.112119436264038086e-01
9.995753765106201172e-01
8.347817063331604004e-01
8.246341347694396973e-01
1.000000000000000000e+00
1.000000000000000000e+00
7.724505662918090820e-01
1.000000000000000000e+00
7.320988178253173828e-01
7.501783370971679688e-01
7.811932563781738281e-01
1.000000000000000000e+00
9.973165392875671387e-01
1.000000000000000000e+00
8.265661597251892090e-01
6.800563931465148926e-01
7.688427567481994629e-01
8.039847016334533691e-01
1.000000000000000000e+00
1.000000000000000000e+00
7.536578774452209473e-01
1.000000000000000000e+00
9.757162332534790039e-01
7.333967685699462891e-01
8.805103898048400879e-01
7.283517122268676758e-01
6.936219930648803711e-01
8.029326796531677246e-01
9.566012024879455566e-01
8.149629235267639160e-01
7.588831186294555664e-01
8.512196540832519531e-01
1.000000000000000000e+00
7.156034708023071289e-01
9.099124670028686523e-01
9.989486336708068848e-01
7.153226137161254883e-01
9.996263980865478516e-01
1.000000000000000000e+00
9.698690772056579590e-01
1.000000000000000000e+00
8.125994801521301270e-01
8.823219537734985352e-01
1.000000000000000000e+00
1.000000000000000000e+00
8.350443840026855469e-01
9.162316918373107910e-01
7.260320186614990234e-01
8.438100814819335938e-01
7.294164299964904785e-01
7.468842267990112305e-01
1.000000000000000000e+00
6.481257677078247070e-01
9.999665617942810059e-01
8.729115128517150879e-01
8.530967235565185547e-01
9.270703792572021484e-01
7.828074693679809570e-01
8.569329977035522461e-01
7.940735220909118652e-01
9.901502728462219238e-01
9.169402122497558594e-01
1.000000000000000000e+00
1.000000000000000000e+00
9.998199343681335449e-01
8.018977046012878418e-01
7.576504945755004883e-01
7.595487833023071289e-01
6.779617667198181152e-01
9.152436256408691406e-01
1.000000000000000000e+00
1.000000000000000000e+00
1.000000000000000000e+00
8.314482569694519043e-01
7.319176197052001953e-01
7.937620878219604492e-01
6.785059571266174316e-01
9.563639163970947266e-01
1.000000000000000000e+00
7.375853061676025391e-01
1.000000000000000000e+00
7.552252411842346191e-01
1.000000000000000000e+00
9.998798370361328125e-01
9.999986290931701660e-01
9.905273914337158203e-01
1.000000000000000000e+00
1.000000000000000000e+00
1.000000000000000000e+00
9.195662736892700195e-01
9.081676602363586426e-01
1.000000000000000000e+00
7.972527146339416504e-01
8.395905494689941406e-01
6.573976278305053711e-01
1.000000000000000000e+00
7.076831459999084473e-01
8.361467123031616211e-01
7.905701994895935059e-01
8.983352184295654297e-01
8.803230524063110352e-01
8.241598010063171387e-01
8.670952916145324707e-01
1.000000000000000000e+00
8.947084546089172363e-01
9.999998807907104492e-01
7.323515415191650391e-01
7.357931733131408691e-01
9.999997019767761230e-01
8.538789749145507812e-01
9.999647140502929688e-01
1.000000000000000000e+00
7.964855432510375977e-01
7.763543128967285156e-01
7.197135686874389648e-01
9.999659657478332520e-01
1.000000000000000000e+00
8.596296906471252441e-01
1.000000000000000000e+00
9.496363401412963867e-01
8.328188657760620117e-01
1.000000000000000000e+00
7.715536952018737793e-01
8.638389110565185547e-01
1.000000000000000000e+00
1.000000000000000000e+00
7.493011951446533203e-01
1.000000000000000000e+00
1.000000000000000000e+00
8.451448082923889160e-01
1.000000000000000000e+00
7.422277927398681641e-01
8.044623136520385742e-01
7.551835775375366211e-01
9.227281808853149414e-01
6.720381379127502441e-01
6.944064497947692871e-01
8.362950086593627930e-01
7.908442020416259766e-01
1.000000000000000000e+00
1.000000000000000000e+00
7.149852514266967773e-01
8.482586741447448730e-01
9.817636013031005859e-01
9.409024119377136230e-01
7.164256572723388672e-01
7.952723503112792969e-01
7.913367152214050293e-01
1.000000000000000000e+00
7.006139755249023438e-01
1.000000000000000000e+00
1.000000000000000000e+00
9.994938373565673828e-01
7.879173755645751953e-01
8.027069568634033203e-01
1.000000000000000000e+00
1.000000000000000000e+00
1.000000000000000000e+00
9.918919205665588379e-01
7.752960920333862305e-01
1.000000000000000000e+00
7.090260386466979980e-01
7.676886916160583496e-01
7.928277254104614258e-01
7.946866750717163086e-01
9.998750090599060059e-01
8.756337761878967285e-01
9.973647594451904297e-01
9.461450576782226562e-01
6.882573962211608887e-01
6.595206260681152344e-01
9.259256720542907715e-01
7.226011753082275391e-01
7.350375652313232422e-01
9.632197618484497070e-01
9.990842938423156738e-01
7.316421270370483398e-01
1.000000000000000000e+00
9.999243617057800293e-01
7.702342271804809570e-01
1.000000000000000000e+00
1.000000000000000000e+00
6.798584461212158203e-01
8.618597984313964844e-01
9.986177682876586914e-01
8.170177936553955078e-01
8.947871327400207520e-01
1.000000000000000000e+00
8.078620433807373047e-01
1.000000000000000000e+00
9.997571706771850586e-01
9.313296079635620117e-01
7.127363085746765137e-01
7.746878862380981445e-01
1.000000000000000000e+00
9.645421504974365234e-01
1.000000000000000000e+00
9.634779691696166992e-01
8.925355076789855957e-01
1.000000000000000000e+00
7.171822786331176758e-01
1.000000000000000000e+00
6.926929950714111328e-01
1.000000000000000000e+00
6.719554662704467773e-01
7.787910699844360352e-01
9.999886751174926758e-01
8.600099086761474609e-01
9.385340809822082520e-01
1.000000000000000000e+00
9.143828749656677246e-01
1.000000000000000000e+00
7.958613038063049316e-01
7.180778980255126953e-01
8.380960226058959961e-01
9.997578263282775879e-01
7.497205734252929688e-01
7.436634302139282227e-01
1.000000000000000000e+00
1.000000000000000000e+00
8.228161334991455078e-01
9.641785025596618652e-01
6.954070329666137695e-01
1.000000000000000000e+00
7.463368177413940430e-01
9.190201759338378906e-01
9.389525055885314941e-01
9.056981205940246582e-01
1.000000000000000000e+00
9.999751448631286621e-01
8.679137229919433594e-01
1.000000000000000000e+00
1.000000000000000000e+00
7.977622747421264648e-01
9.151013493537902832e-01
7.517416477203369141e-01
8.606402873992919922e-01
9.250018000602722168e-01
8.830388784408569336e-01
7.349500656127929688e-01
8.867308497428894043e-01
1.000000000000000000e+00
7.477453947067260742e-01
7.450259923934936523e-01
8.738831281661987305e-01
8.985660672187805176e-01
9.991375803947448730e-01
6.910833716392517090e-01
8.457258343696594238e-01
9.999877810478210449e-01
1.000000000000000000e+00
1.000000000000000000e+00
6.612499952316284180e-01
1.000000000000000000e+00
7.345850467681884766e-01
9.055045247077941895e-01
1.000000000000000000e+00
8.516764640808105469e-01
8.606292009353637695e-01
7.331293821334838867e-01
6.630146503448486328e-01
8.541758060455322266e-01
9.993863701820373535e-01
7.574166059494018555e-01
8.341923356056213379e-01
1.000000000000000000e+00
1.000000000000000000e+00
1.000000000000000000e+00
9.798162579536437988e-01
1.000000000000000000e+00
7.387574911117553711e-01
1.000000000000000000e+00
8.582878112792968750e-01
7.851404547691345215e-01
8.726860284805297852e-01
6.291913986206054688e-01
8.265537023544311523e-01
1.000000000000000000e+00
7.471938133239746094e-01
9.997982382774353027e-01
8.034743070602416992e-01
9.985733628273010254e-01
7.361805438995361328e-01
7.930413484573364258e-01
8.401505351066589355e-01
7.904157638549804688e-01
9.939607977867126465e-01
7.525961399078369141e-01
8.210932016372680664e-01
1.000000000000000000e+00
6.741477251052856445e-01
1.000000000000000000e+00
9.919415116310119629e-01
9.400656223297119141e-01
7.922080159187316895e-01
9.963954687118530273e-01
9.293543100357055664e-01
7.346701622009277344e-01
9.484490156173706055e-01
8.214811682701110840e-01
7.099169492721557617e-01
9.923304915428161621e-01
9.383602142333984375e-01
7.501714825630187988e-01
1.000000000000000000e+00
1.000000000000000000e+00
1.000000000000000000e+00
8.867822289466857910e-01
9.668473601341247559e-01
9.753858447074890137e-01
9.982640743255615234e-01
1.000000000000000000e+00
8.077594041824340820e-01
8.268516659736633301e-01
1.000000000000000000e+00
8.924878239631652832e-01
7.710741162300109863e-01
8.693599104881286621e-01
9.722605347633361816e-01
6.647023558616638184e-01
1.000000000000000000e+00
9.983092546463012695e-01
7.648040652275085449e-01
9.993231892585754395e-01
7.805227637290954590e-01
7.813077569007873535e-01
8.969804644584655762e-01
9.998476505279541016e-01
7.591656446456909180e-01
9.999333620071411133e-01
6.366437077522277832e-01
7.651224732398986816e-01
6.807442903518676758e-01
1.000000000000000000e+00
8.804427385330200195e-01
1.000000000000000000e+00
9.299764037132263184e-01
9.999501705169677734e-01
9.763790965080261230e-01
9.915294051170349121e-01
9.760091900825500488e-01
1.000000000000000000e+00
1.000000000000000000e+00
1.000000000000000000e+00
7.387874126434326172e-01
7.657269239425659180e-01
7.109928131103515625e-01
8.560717701911926270e-01
1.000000000000000000e+00
7.098035812377929688e-01
6.375124454498291016e-01
1.000000000000000000e+00
1.000000000000000000e+00
1.000000000000000000e+00
1.000000000000000000e+00
8.708024024963378906e-01
8.732892870903015137e-01
1.000000000000000000e+00
7.731568813323974609e-01
1.000000000000000000e+00
9.984672069549560547e-01
1.000000000000000000e+00
7.822118997573852539e-01
1.000000000000000000e+00
7.390574216842651367e-01
1.000000000000000000e+00
7.806227207183837891e-01
1.000000000000000000e+00
7.967409491539001465e-01
1.000000000000000000e+00
1.000000000000000000e+00
9.966269731521606445e-01
6.741203069686889648e-01
8.013469576835632324e-01
7.777584791183471680e-01
9.192172884941101074e-01
8.003733754158020020e-01
9.963018298149108887e-01
7.418305873870849609e-01
7.329931259155273438e-01
7.674636244773864746e-01
1.000000000000000000e+00
6.924898028373718262e-01
7.216702699661254883e-01
7.393879890441894531e-01
1.000000000000000000e+00
6.403297185897827148e-01
9.485298395156860352e-01
7.066695094108581543e-01
7.470555305480957031e-01
9.998378753662109375e-01
9.357342123985290527e-01
9.986260533332824707e-01
9.999956488609313965e-01
7.794510126113891602e-01
1.000000000000000000e+00
8.266381025314331055e-01
9.994560480117797852e-01
9.065243005752563477e-01
8.143065571784973145e-01
9.952270984649658203e-01
7.227171659469604492e-01
7.694735527038574219e-01
6.687964200973510742e-01
9.007358551025390625e-01
7.798966765403747559e-01
1.000000000000000000e+00
1.000000000000000000e+00
7.678672075271606445e-01
1.000000000000000000e+00
7.871481180191040039e-01
8.383491635322570801e-01
1.000000000000000000e+00
8.274642825126647949e-01
7.220034599304199219e-01
8.130830526351928711e-01
8.172283172607421875e-01
1.000000000000000000e+00
7.470807433128356934e-01
6.626639366149902344e-01
1.000000000000000000e+00
1.000000000000000000e+00
9.998791217803955078e-01
6.973686218261718750e-01
9.993343949317932129e-01
9.339179992675781250e-01
1.000000000000000000e+00
1.000000000000000000e+00
8.699275255203247070e-01
6.699166297912597656e-01
7.780722379684448242e-01
1.000000000000000000e+00
1.000000000000000000e+00
1.000000000000000000e+00
9.405963420867919922e-01
9.994525313377380371e-01
9.079004526138305664e-01
8.743863105773925781e-01
7.781527638435363770e-01
1.000000000000000000e+00
1.000000000000000000e+00
7.877652049064636230e-01
9.999908804893493652e-01
6.669579744338989258e-01
1.000000000000000000e+00
1.000000000000000000e+00
9.998820424079895020e-01
9.646972417831420898e-01
7.069467306137084961e-01
8.910155892372131348e-01
7.254031896591186523e-01
8.504526019096374512e-01
8.800746798515319824e-01
9.998502731323242188e-01
1.000000000000000000e+00
8.370798826217651367e-01
1.000000000000000000e+00
1.000000000000000000e+00
8.500999212265014648e-01
1.000000000000000000e+00
6.898047924041748047e-01
7.912689447402954102e-01
8.014635443687438965e-01
7.833330631256103516e-01
6.773972511291503906e-01
8.443759083747863770e-01
8.683490157127380371e-01
6.534102559089660645e-01
7.759993672370910645e-01
7.007484436035156250e-01
8.613187074661254883e-01
1.000000000000000000e+00
7.867866754531860352e-01
9.968137145042419434e-01
9.997281432151794434e-01
1.000000000000000000e+00
1.000000000000000000e+00
1.000000000000000000e+00
9.998638629913330078e-01
8.792228102684020996e-01
9.971519112586975098e-01
9.993538260459899902e-01
8.347007036209106445e-01
8.026738166809082031e-01
7.685438990592956543e-01
7.490596771240234375e-01
7.683222293853759766e-01
1.000000000000000000e+00
8.006471991539001465e-01
7.681395411491394043e-01
7.388616800308227539e-01
7.595314979553222656e-01
7.851619124412536621e-01
7.653914690017700195e-01
1.000000000000000000e+00
7.582467794418334961e-01
1.000000000000000000e+00
8.161307573318481445e-01
7.139544486999511719e-01
7.855556607246398926e-01
9.014615416526794434e-01
9.224364161491394043e-01
1.000000000000000000e+00
1.000000000000000000e+00
1.000000000000000000e+00
5.888775587081909180e-01
9.291162490844726562e-01
6.792428493499755859e-01
8.096060156822204590e-01
1.000000000000000000e+00
9.331218004226684570e-01
1.000000000000000000e+00
1.000000000000000000e+00
7.328991889953613281e-01
7.860566377639770508e-01
1.000000000000000000e+00
7.230913639068603516e-01
7.623746395111083984e-01
9.999757409095764160e-01
1.000000000000000000e+00
1.000000000000000000e+00
1.000000000000000000e+00
7.787802219390869141e-01
1.000000000000000000e+00
9.216735363006591797e-01
8.440150618553161621e-01
1.000000000000000000e+00
1.000000000000000000e+00
1.000000000000000000e+00
1.000000000000000000e+00
8.266620635986328125e-01
7.664590477943420410e-01
9.878721237182617188e-01
7.506415247917175293e-01
1.000000000000000000e+00
8.592358827590942383e-01
1.000000000000000000e+00
8.088294267654418945e-01
7.841621041297912598e-01
6.856179833412170410e-01
7.032846212387084961e-01
9.729306697845458984e-01
7.683783769607543945e-01
8.554296493530273438e-01
9.999517798423767090e-01
1.000000000000000000e+00
7.115852236747741699e-01
8.109238147735595703e-01
8.650473356246948242e-01
1.000000000000000000e+00
8.348389863967895508e-01
7.130278348922729492e-01
8.668565750122070312e-01
9.998432397842407227e-01
8.401757478713989258e-01
7.391523718833923340e-01
9.998834133148193359e-01
8.106346130371093750e-01
7.195168137550354004e-01
1.000000000000000000e+00
8.188556432723999023e-01
7.988505363464355469e-01
1.000000000000000000e+00
8.584731817245483398e-01
1.000000000000000000e+00
6.364135742187500000e-01
9.607060551643371582e-01
8.815211653709411621e-01
9.824177622795104980e-01
7.734088897705078125e-01
9.459153413772583008e-01
1.000000000000000000e+00
1.000000000000000000e+00
6.925637722015380859e-01
7.940553426742553711e-01
1.000000000000000000e+00
1.000000000000000000e+00
6.758723855018615723e-01
1.000000000000000000e+00
1.000000000000000000e+00
9.997880458831787109e-01
8.297181129455566406e-01
7.660939097404479980e-01
1.000000000000000000e+00
6.425930261611938477e-01
8.270318508148193359e-01
9.177175164222717285e-01
6.975671052932739258e-01
1.000000000000000000e+00
7.289224863052368164e-01
1.000000000000000000e+00
1.000000000000000000e+00
1.000000000000000000e+00
9.035090208053588867e-01
1.000000000000000000e+00
7.939679026603698730e-01
8.148476481437683105e-01
8.043524026870727539e-01
6.146687865257263184e-01
6.668285727500915527e-01
9.981332421302795410e-01
7.818384170532226562e-01
1.000000000000000000e+00
1.000000000000000000e+00
8.275957107543945312e-01
9.998494386672973633e-01
9.999446868896484375e-01
8.073744773864746094e-01
6.885316371917724609e-01
1.000000000000000000e+00
1.000000000000000000e+00
8.406128883361816406e-01
7.197111845016479492e-01
6.480578184127807617e-01
1.000000000000000000e+00
9.789282679557800293e-01
8.384089469909667969e-01
7.841561436653137207e-01
1.000000000000000000e+00
7.428410053253173828e-01
1.000000000000000000e+00
8.368719816207885742e-01
1.000000000000000000e+00
1.000000000000000000e+00
8.119859695434570312e-01
1.000000000000000000e+00
8.150902986526489258e-01
6.854139566421508789e-01
1.000000000000000000e+00
6.576780080795288086e-01
9.998290538787841797e-01
9.998207688331604004e-01
9.201439619064331055e-01
9.980350732803344727e-01
7.396339178085327148e-01
9.999782443046569824e-01
1.000000000000000000e+00
8.648702502250671387e-01
7.265450358390808105e-01
7.788797616958618164e-01
8.992663621902465820e-01
6.932196617126464844e-01
9.049626588821411133e-01
9.950792789459228516e-01
8.711445331573486328e-01
7.949299812316894531e-01
6.852716803550720215e-01
1.000000000000000000e+00
7.202231884002685547e-01
9.588181972503662109e-01
6.591500043869018555e-01
9.363059997558593750e-01
7.576818466186523438e-01
1.000000000000000000e+00
8.112949132919311523e-01
7.755723595619201660e-01
1.000000000000000000e+00
8.985747098922729492e-01
6.621736288070678711e-01
1.000000000000000000e+00
9.443125724792480469e-01
9.993618130683898926e-01
1.000000000000000000e+00
7.711917161941528320e-01
6.369846463203430176e-01
8.977630138397216797e-01
7.435283064842224121e-01
1.000000000000000000e+00
7.391824722290039062e-01
1.000000000000000000e+00
9.999459981918334961e-01
7.838218808174133301e-01
1.000000000000000000e+00
6.500710248947143555e-01
8.161700367927551270e-01
1.000000000000000000e+00
1.000000000000000000e+00
9.995580911636352539e-01
7.975333929061889648e-01
9.986917972564697266e-01
7.182633280754089355e-01
7.079801559448242188e-01
1.000000000000000000e+00
7.270975112915039062e-01
8.027069568634033203e-01
9.999869465827941895e-01
8.339831829071044922e-01
7.951531410217285156e-01
1.000000000000000000e+00
9.727142453193664551e-01
7.325868606567382812e-01
8.648662567138671875e-01
7.931607365608215332e-01
8.111910223960876465e-01
7.740510106086730957e-01
7.583919167518615723e-01
9.999653100967407227e-01
1.000000000000000000e+00
9.999554157257080078e-01
8.634402155876159668e-01
6.857755184173583984e-01
1.000000000000000000e+00
9.188937544822692871e-01
7.708228230476379395e-01
1.000000000000000000e+00
8.035009503364562988e-01
7.703357338905334473e-01
1.000000000000000000e+00
7.635034322738647461e-01
1.000000000000000000e+00
6.905312538146972656e-01
1.000000000000000000e+00
1.000000000000000000e+00
6.476957798004150391e-01
9.775294065475463867e-01
6.519799828529357910e-01
8.802497386932373047e-01
8.309530019760131836e-01
1.000000000000000000e+00
6.555973291397094727e-01
9.999200701713562012e-01
6.623823642730712891e-01
9.999661445617675781e-01
8.752330541610717773e-01
9.074004888534545898e-01
8.768542408943176270e-01
1.000000000000000000e+00
9.999994635581970215e-01
9.970282912254333496e-01
1.000000000000000000e+00
1.000000000000000000e+00
7.958310246467590332e-01
7.790852189064025879e-01
1.000000000000000000e+00
1.000000000000000000e+00
9.999838471412658691e-01
8.994458913803100586e-01
8.396978378295898438e-01
9.292450547218322754e-01
7.610442638397216797e-01
7.257366180419921875e-01
8.155450224876403809e-01
7.013208866119384766e-01
9.999989867210388184e-01
8.940429687500000000e-01
8.082604408264160156e-01
9.656935930252075195e-01
1.000000000000000000e+00
1.000000000000000000e+00
7.231334447860717773e-01
9.993531107902526855e-01
1.000000000000000000e+00
1.000000000000000000e+00
6.941411495208740234e-01
9.899296164512634277e-01
6.835516691207885742e-01
6.809294223785400391e-01
1.000000000000000000e+00
9.926245808601379395e-01
8.501516580581665039e-01
9.152002334594726562e-01
7.778901457786560059e-01
1.000000000000000000e+00
9.280475974082946777e-01
7.869753837585449219e-01
8.186340928077697754e-01
8.355913162231445312e-01
7.457346916198730469e-01
1.000000000000000000e+00
7.103089094161987305e-01
6.906375885009765625e-01
7.619360685348510742e-01
8.468439579010009766e-01
7.578992843627929688e-01
7.897671461105346680e-01
9.996142387390136719e-01
9.441546797752380371e-01
8.520914912223815918e-01
9.959473013877868652e-01
8.481388688087463379e-01
9.999434351921081543e-01
9.998733997344970703e-01
9.871138930320739746e-01
1.000000000000000000e+00
7.554709315299987793e-01
9.319027662277221680e-01
1.000000000000000000e+00
1.000000000000000000e+00
7.166460752487182617e-01
7.675557732582092285e-01
1.000000000000000000e+00
9.986302852630615234e-01
9.970498681068420410e-01
1.000000000000000000e+00
7.900549173355102539e-01
1.000000000000000000e+00
8.804258704185485840e-01
7.390035390853881836e-01
1.000000000000000000e+00
6.845908164978027344e-01
1.000000000000000000e+00
9.966305494308471680e-01
9.997658133506774902e-01
8.136184811592102051e-01
1.000000000000000000e+00
9.534226655960083008e-01
9.335411787033081055e-01
1.000000000000000000e+00
8.089683055877685547e-01
7.633720636367797852e-01
9.574375152587890625e-01
7.575250267982482910e-01
1.000000000000000000e+00
1.000000000000000000e+00
1.000000000000000000e+00
7.599201798439025879e-01
6.433258056640625000e-01
6.450142860412597656e-01
1.000000000000000000e+00
7.394158840179443359e-01
9.992436766624450684e-01
8.172348141670227051e-01
9.999818205833435059e-01
8.063220381736755371e-01
7.254057526588439941e-01
1.000000000000000000e+00
7.876570820808410645e-01
9.997992515563964844e-01
8.558282852172851562e-01
1.000000000000000000e+00
7.091585993766784668e-01
7.714813351631164551e-01
7.902739644050598145e-01
9.057403206825256348e-01
8.293029069900512695e-01
9.916488528251647949e-01
6.935510635375976562e-01
8.081012964248657227e-01
7.120438218116760254e-01
7.296661138534545898e-01
1.000000000000000000e+00
1.000000000000000000e+00
8.805216550827026367e-01
6.451400518417358398e-01
1.000000000000000000e+00
7.927826642990112305e-01
1.000000000000000000e+00
9.102696776390075684e-01
7.324581742286682129e-01
8.173450231552124023e-01
6.763504743576049805e-01
1.000000000000000000e+00
9.999957680702209473e-01
8.044321537017822266e-01
6.707193255424499512e-01
1.000000000000000000e+00
7.141688466072082520e-01
1.000000000000000000e+00
1.000000000000000000e+00
6.936674714088439941e-01
7.306879758834838867e-01
9.001036286354064941e-01
1.000000000000000000e+00
7.015246152877807617e-01
6.243990659713745117e-01
8.781230449676513672e-01
9.924780130386352539e-01
9.346880316734313965e-01
1.000000000000000000e+00
7.849585413932800293e-01
8.376907110214233398e-01
1.000000000000000000e+00
1.000000000000000000e+00
7.356509566307067871e-01
1.000000000000000000e+00
7.473286390304565430e-01
1.000000000000000000e+00
1.000000000000000000e+00
1.000000000000000000e+00
6.995030045509338379e-01
8.788844943046569824e-01
1.000000000000000000e+00
9.983508586883544922e-01
9.969406127929687500e-01
1.000000000000000000e+00
1.000000000000000000e+00
1.000000000000000000e+00
1.000000000000000000e+00
7.593831419944763184e-01
6.510310173034667969e-01
1.000000000000000000e+00
1.000000000000000000e+00
1.000000000000000000e+00
7.088804244995117188e-01
7.858878374099731445e-01
8.598707914352416992e-01
8.096094727516174316e-01
9.999503493309020996e-01
9.152925610542297363e-01
1.000000000000000000e+00
6.446137428283691406e-01
1.000000000000000000e+00
6.474460363388061523e-01
9.992302656173706055e-01
1.000000000000000000e+00
8.564026355743408203e-01
7.522953748703002930e-01
7.240723371505737305e-01
1.000000000000000000e+00
9.999586343765258789e-01
8.428583741188049316e-01
7.462276220321655273e-01
1.000000000000000000e+00
9.986752271652221680e-01
6.088665723800659180e-01
1.000000000000000000e+00
1.000000000000000000e+00
8.053827881813049316e-01
9.632619023323059082e-01
1.000000000000000000e+00
7.261729240417480469e-01
8.477129936218261719e-01
9.999994039535522461e-01
1.000000000000000000e+00
9.978126287460327148e-01
8.082912564277648926e-01
7.573233246803283691e-01
5.823605656623840332e-01
7.631767988204956055e-01
1.000000000000000000e+00
7.473168373107910156e-01
1.000000000000000000e+00
9.945203661918640137e-01
7.144931554794311523e-01
8.359865546226501465e-01
8.684917092323303223e-01
1.000000000000000000e+00
6.613137125968933105e-01
1.000000000000000000e+00
8.722428083419799805e-01
7.673231959342956543e-01
7.596268057823181152e-01
7.777760624885559082e-01
6.817790269851684570e-01
9.398686289787292480e-01
1.000000000000000000e+00
8.557867407798767090e-01
7.778001427650451660e-01
6.952008605003356934e-01
7.794002294540405273e-01
8.619606494903564453e-01
1.000000000000000000e+00
1.000000000000000000e+00
1.000000000000000000e+00
1.000000000000000000e+00
1.000000000000000000e+00
8.271030783653259277e-01
1.000000000000000000e+00
1.000000000000000000e+00
8.732810020446777344e-01
7.949262857437133789e-01
6.582622528076171875e-01
7.144445180892944336e-01
9.801780581474304199e-01
1.000000000000000000e+00
8.993160128593444824e-01
1.000000000000000000e+00
6.331681013107299805e-01
8.935662508010864258e-01
7.345139980316162109e-01
9.129524230957031250e-01
9.999368190765380859e-01
7.577143907546997070e-01
9.995866417884826660e-01
7.059099674224853516e-01
9.998788237571716309e-01
1.000000000000000000e+00
8.846665620803833008e-01
1.000000000000000000e+00
1.000000000000000000e+00
9.966439008712768555e-01
8.840445876121520996e-01
9.536753892898559570e-01
8.804394006729125977e-01
7.812367081642150879e-01
8.433738350868225098e-01
1.000000000000000000e+00
1.000000000000000000e+00
8.592057824134826660e-01
9.999331235885620117e-01
8.277047276496887207e-01
7.641513943672180176e-01
8.142086267471313477e-01
1.000000000000000000e+00
1.000000000000000000e+00
9.943262934684753418e-01
1.000000000000000000e+00
8.915894031524658203e-01
1.000000000000000000e+00
9.984580278396606445e-01
9.998750090599060059e-01
8.285260200500488281e-01
8.464398384094238281e-01
7.634086608886718750e-01
7.536543607711791992e-01
9.999606013298034668e-01
8.980237841606140137e-01
9.983587861061096191e-01
1.000000000000000000e+00
1.000000000000000000e+00
8.382490277290344238e-01
9.982603788375854492e-01
7.390872240066528320e-01
7.521525025367736816e-01
7.447265386581420898e-01
1.000000000000000000e+00
8.147811293601989746e-01
7.854750156402587891e-01
8.662035465240478516e-01
1.000000000000000000e+00
8.400638103485107422e-01
9.995667934417724609e-01
7.701128721237182617e-01
1.000000000000000000e+00
8.787314891815185547e-01
1.000000000000000000e+00
1.000000000000000000e+00
6.989989876747131348e-01
1.000000000000000000e+00
1.000000000000000000e+00
1.000000000000000000e+00
7.128820419311523438e-01
1.000000000000000000e+00
6.692429780960083008e-01
9.991670846939086914e-01
9.993500113487243652e-01
6.857624053955078125e-01
6.410816311836242676e-01
7.594891190528869629e-01
7.500588297843933105e-01
7.750104665756225586e-01
6.661485433578491211e-01
7.914328575134277344e-01
7.361763715744018555e-01
7.128802537918090820e-01
9.949538111686706543e-01
8.612540960311889648e-01
8.667245507240295410e-01
9.996167421340942383e-01
8.195731639862060547e-01
9.652566313743591309e-01
9.991164207458496094e-01
9.368461966514587402e-01
8.265644311904907227e-01
8.928434252738952637e-01
7.911599278450012207e-01
7.190568447113037109e-01
7.145214676856994629e-01
9.997446537017822266e-01
7.840780615806579590e-01
7.881860136985778809e-01
1.000000000000000000e+00
9.999986886978149414e-01
1.000000000000000000e+00
8.400198221206665039e-01
8.393590450286865234e-01
6.463131904602050781e-01
8.315937519073486328e-01
9.999943971633911133e-01
7.589405179023742676e-01
1.000000000000000000e+00
1.000000000000000000e+00
8.157528042793273926e-01
7.431784868240356445e-01
6.973671913146972656e-01
8.889518976211547852e-01
8.209870457649230957e-01
8.478118777275085449e-01
6.410017013549804688e-01
1.000000000000000000e+00
8.458904027938842773e-01
7.868852615356445312e-01
6.825991868972778320e-01
9.891269207000732422e-01
9.514765739440917969e-01
1.000000000000000000e+00
8.930883407592773438e-01
6.627123355865478516e-01
9.999979138374328613e-01
8.373610973358154297e-01
1.000000000000000000e+00
8.095972537994384766e-01
7.544905543327331543e-01
7.501647472381591797e-01
7.707747817039489746e-01
9.998843669891357422e-01
7.604681253433227539e-01
1.000000000000000000e+00
1.000000000000000000e+00
1.000000000000000000e+00
1.000000000000000000e+00
7.868353724479675293e-01
6.071269512176513672e-01
7.842295169830322266e-01
8.922483325004577637e-01
1.000000000000000000e+00
9.942516684532165527e-01
1.000000000000000000e+00
1.000000000000000000e+00
7.050040960311889648e-01
7.168127298355102539e-01
8.731392621994018555e-01
1.000000000000000000e+00
9.885248541831970215e-01
6.828331947326660156e-01
8.692719340324401855e-01
9.980545043945312500e-01
6.593956947326660156e-01
9.948275685310363770e-01
7.411655783653259277e-01
6.472256779670715332e-01
1.000000000000000000e+00
1.000000000000000000e+00
1.000000000000000000e+00
8.468393087387084961e-01
7.990477085113525391e-01
1.000000000000000000e+00
7.886505722999572754e-01
8.932493925094604492e-01
9.996128678321838379e-01
6.608103513717651367e-01
7.532441616058349609e-01
9.999690055847167969e-01
6.324993371963500977e-01
7.326189279556274414e-01
7.710676789283752441e-01
6.042572855949401855e-01
1.000000000000000000e+00
9.023436307907104492e-01
6.719792485237121582e-01
9.884287118911743164e-01
9.829414486885070801e-01
9.999373555183410645e-01
8.221675157546997070e-01
9.997398257255554199e-01
9.770455956459045410e-01
7.777394056320190430e-01
7.183051109313964844e-01
1.000000000000000000e+00
1.000000000000000000e+00
9.911361336708068848e-01
9.893681406974792480e-01
1.000000000000000000e+00
8.899620175361633301e-01
9.999532699584960938e-01
7.873610258102416992e-01
7.632224559783935547e-01
8.973140716552734375e-01
7.824882268905639648e-01
6.989125013351440430e-01
6.460175514221191406e-01
8.822908401489257812e-01
8.745624423027038574e-01
7.935437560081481934e-01
1.000000000000000000e+00
8.400161266326904297e-01
7.052971124649047852e-01
8.820212483406066895e-01
1.000000000000000000e+00
1.000000000000000000e+00
9.996670484542846680e-01
1.000000000000000000e+00
6.690335869789123535e-01
8.104336261749267578e-01
1.000000000000000000e+00
8.792058229446411133e-01
1.000000000000000000e+00
8.641817569732666016e-01
9.100289344787597656e-01
7.243400812149047852e-01
6.794296503067016602e-01
8.075925111770629883e-01
8.434269428253173828e-01
7.196007370948791504e-01
9.996225833892822266e-01
7.218873500823974609e-01
7.751191854476928711e-01
8.549234271049499512e-01
8.208362460136413574e-01
8.651026487350463867e-01
9.342871904373168945e-01
7.777117490768432617e-01
1.000000000000000000e+00
1.000000000000000000e+00
7.831891775131225586e-01
1.000000000000000000e+00
1.000000000000000000e+00
6.639863848686218262e-01
9.975247383117675781e-01
7.330669164657592773e-01
1.000000000000000000e+00
1.000000000000000000e+00
1.000000000000000000e+00
8.966333270072937012e-01
9.021903276443481445e-01
9.990816116333007812e-01
8.488321304321289062e-01
6.374303102493286133e-01
8.953843712806701660e-01
7.171252369880676270e-01
7.154854536056518555e-01
1.000000000000000000e+00
7.827840447425842285e-01
7.972456812858581543e-01
6.394888758659362793e-01
8.748183846473693848e-01
1.000000000000000000e+00
1.000000000000000000e+00
7.763115167617797852e-01
9.998148679733276367e-01
7.924579381942749023e-01
7.446373701095581055e-01
7.500343322753906250e-01
6.500499248504638672e-01
8.915410041809082031e-01
1.000000000000000000e+00
8.110538721084594727e-01
9.998290538787841797e-01
1.000000000000000000e+00
1.000000000000000000e+00
8.186737298965454102e-01
1.000000000000000000e+00
8.192675113677978516e-01
8.238030672073364258e-01
9.056581854820251465e-01
7.638729214668273926e-01
7.711664438247680664e-01
7.577381730079650879e-01
1.000000000000000000e+00
8.326520919799804688e-01
9.991546273231506348e-01
1.000000000000000000e+00
8.789353966712951660e-01
7.617093920707702637e-01
9.071202278137207031e-01
1.000000000000000000e+00
8.098297119140625000e-01
7.589281797409057617e-01
1.000000000000000000e+00
7.236998081207275391e-01
1.000000000000000000e+00
7.765996456146240234e-01
1.000000000000000000e+00
1.000000000000000000e+00
7.803547978401184082e-01
7.136176824569702148e-01
1.000000000000000000e+00
8.843456506729125977e-01
8.635199069976806641e-01
1.000000000000000000e+00
1.000000000000000000e+00
1.000000000000000000e+00
9.997119903564453125e-01
1.000000000000000000e+00
8.272132277488708496e-01
7.791415452957153320e-01
6.827085018157958984e-01
6.563795804977416992e-01
9.493463039398193359e-01
1.000000000000000000e+00
6.113311052322387695e-01
8.817638158798217773e-01
7.617269754409790039e-01
1.000000000000000000e+00
1.000000000000000000e+00
7.090378999710083008e-01
6.548464298248291016e-01
1.000000000000000000e+00
9.418846964836120605e-01
8.119423389434814453e-01
7.423149347305297852e-01
7.398760914802551270e-01
6.741371154785156250e-01
1.000000000000000000e+00
7.948452234268188477e-01
7.439626455307006836e-01
8.340407609939575195e-01
7.552117109298706055e-01
6.704602241516113281e-01
1.000000000000000000e+00
8.149756193161010742e-01
8.633657693862915039e-01
7.123371362686157227e-01
7.037583589553833008e-01
9.429276585578918457e-01
8.156489133834838867e-01
6.812960505485534668e-01
6.610319614410400391e-01
7.219527959823608398e-01
9.115446805953979492e-01
7.295358777046203613e-01
8.844423890113830566e-01
9.176091551780700684e-01
7.277364730834960938e-01
1.000000000000000000e+00
9.998257160186767578e-01
1.000000000000000000e+00
6.971232295036315918e-01
1.000000000000000000e+00
8.806917071342468262e-01
1.000000000000000000e+00
6.680587530136108398e-01
1.000000000000000000e+00
7.126619815826416016e-01
1.000000000000000000e+00
9.495700597763061523e-01
1.000000000000000000e+00
9.255788326263427734e-01
1.000000000000000000e+00
9.572597146034240723e-01
1.000000000000000000e+00
7.453799247741699219e-01
1.000000000000000000e+00
7.354168891906738281e-01
1.000000000000000000e+00
1.000000000000000000e+00
8.535988926887512207e-01
1.000000000000000000e+00
1.000000000000000000e+00
9.620099663734436035e-01
7.743155956268310547e-01
1.000000000000000000e+00
7.204754352569580078e-01
7.917173504829406738e-01
9.307384490966796875e-01
8.196997046470642090e-01
1.000000000000000000e+00
7.769713997840881348e-01
8.018282651901245117e-01
6.822487711906433105e-01
1.000000000000000000e+00
1.000000000000000000e+00
1.000000000000000000e+00
7.844962477684020996e-01
7.679774165153503418e-01
1.000000000000000000e+00
9.988849163055419922e-01
6.824033260345458984e-01
9.996330142021179199e-01
8.760602474212646484e-01
1.000000000000000000e+00
9.996917247772216797e-01
1.000000000000000000e+00
1.000000000000000000e+00
9.014573097229003906e-01
7.875201702117919922e-01
8.787358403205871582e-01
6.566517353057861328e-01
6.829452514648437500e-01
1.000000000000000000e+00
1.000000000000000000e+00
1.000000000000000000e+00
8.447383642196655273e-01
7.944908738136291504e-01
9.992527961730957031e-01
8.093402981758117676e-01
8.709990382194519043e-01
6.352947950363159180e-01
9.054883122444152832e-01
7.404345273971557617e-01
1.000000000000000000e+00
7.449281811714172363e-01
1.000000000000000000e+00
7.075293064117431641e-01
7.126849889755249023e-01
6.948329210281372070e-01
7.473473548889160156e-01
9.039962291717529297e-01
1.000000000000000000e+00
1.000000000000000000e+00
7.010463476181030273e-01
1.000000000000000000e+00
1.000000000000000000e+00
1.000000000000000000e+00
6.131231784820556641e-01
7.961869835853576660e-01
7.983099222183227539e-01
1.000000000000000000e+00
7.371066808700561523e-01
6.893570423126220703e-01
5.854995846748352051e-01
9.994583725929260254e-01
9.976254105567932129e-01
1.000000000000000000e+00
7.822583913803100586e-01
1.000000000000000000e+00
7.841566801071166992e-01
8.156839013099670410e-01
9.988354444503784180e-01
7.549352645874023438e-01
1.000000000000000000e+00
7.556288242340087891e-01
7.921597957611083984e-01
8.108475208282470703e-01
7.535065412521362305e-01
7.096328735351562500e-01
9.978769421577453613e-01
7.989206314086914062e-01
1.000000000000000000e+00
9.998470544815063477e-01
1.000000000000000000e+00
8.355143070220947266e-01
9.998852610588073730e-01
1.000000000000000000e+00
7.784534692764282227e-01
6.310403347015380859e-01
9.810699224472045898e-01
6.974387764930725098e-01
9.999997615814208984e-01
9.986611604690551758e-01
8.890922665596008301e-01
7.667076587677001953e-01
8.136307001113891602e-01
8.060095906257629395e-01
7.364988327026367188e-01
1.000000000000000000e+00
7.010989189147949219e-01
1.000000000000000000e+00
8.028588294982910156e-01
7.244682908058166504e-01
1.000000000000000000e+00
1.000000000000000000e+00
7.290126085281372070e-01
6.417121291160583496e-01
1.000000000000000000e+00
8.209409713745117188e-01
8.528387546539306641e-01
7.587729692459106445e-01
1.000000000000000000e+00
1.000000000000000000e+00
9.998534917831420898e-01
6.495944261550903320e-01
7.762923836708068848e-01
8.319286108016967773e-01
6.772861480712890625e-01
6.943840980529785156e-01
7.577034235000610352e-01
8.390932083129882812e-01
7.996762990951538086e-01
7.764543294906616211e-01
6.415634155273437500e-01
7.508893013000488281e-01
8.141158819198608398e-01
7.570878267288208008e-01
7.113590240478515625e-01
5.986168980598449707e-01
1.000000000000000000e+00
1.000000000000000000e+00
9.997939467430114746e-01
9.999397397041320801e-01
9.047394394874572754e-01
8.725389838218688965e-01
1.000000000000000000e+00
7.309780120849609375e-01
8.753595948219299316e-01
1.000000000000000000e+00
1.000000000000000000e+00
9.999332427978515625e-01
8.769266605377197266e-01
6.887462139129638672e-01
1.000000000000000000e+00
6.245418787002563477e-01
1.000000000000000000e+00
6.470922827720642090e-01
1.000000000000000000e+00
9.994420409202575684e-01
8.210750222206115723e-01
9.681800007820129395e-01
9.990890026092529297e-01
1.000000000000000000e+00
9.999135732650756836e-01
9.994605779647827148e-01
1.000000000000000000e+00
8.393762707710266113e-01
6.696770787239074707e-01
6.722567081451416016e-01
9.994946122169494629e-01
1.000000000000000000e+00
8.586221337318420410e-01
9.989183545112609863e-01
8.862079381942749023e-01
6.276839971542358398e-01
6.906512379646301270e-01
1.000000000000000000e+00
7.921723723411560059e-01
7.013413906097412109e-01
9.228868484497070312e-01
8.584539294242858887e-01
7.729533910751342773e-01
9.999999403953552246e-01
1.000000000000000000e+00
1.000000000000000000e+00
6.934343576431274414e-01
1.000000000000000000e+00
8.220634460449218750e-01
8.452759385108947754e-01
1.000000000000000000e+00
9.997171163558959961e-01
7.396157383918762207e-01
1.000000000000000000e+00
7.081544399261474609e-01
1.000000000000000000e+00
9.997442364692687988e-01
1.000000000000000000e+00
1.000000000000000000e+00
7.837587594985961914e-01
7.379075288772583008e-01
1.000000000000000000e+00
8.721967935562133789e-01
8.770304918289184570e-01
1.000000000000000000e+00
9.580439925193786621e-01
9.998769760131835938e-01
8.677906394004821777e-01
1.000000000000000000e+00
7.485095262527465820e-01
9.990557432174682617e-01
8.017557263374328613e-01
7.305945158004760742e-01
6.826763153076171875e-01
9.999312162399291992e-01
1.000000000000000000e+00
8.032336235046386719e-01
1.000000000000000000e+00
8.640601038932800293e-01
1.000000000000000000e+00
1.000000000000000000e+00
8.007245063781738281e-01
1.000000000000000000e+00
6.503427624702453613e-01
1.000000000000000000e+00
1.000000000000000000e+00
1.000000000000000000e+00
1.000000000000000000e+00
1.000000000000000000e+00
8.417056798934936523e-01
6.577126979827880859e-01
6.349399089813232422e-01
7.729862928390502930e-01
7.546203136444091797e-01
8.025554418563842773e-01
7.442058324813842773e-01
1.000000000000000000e+00
7.475597858428955078e-01
1.000000000000000000e+00
1.000000000000000000e+00
8.975201845169067383e-01
8.587253093719482422e-01
1.000000000000000000e+00
6.181609630584716797e-01
7.750438451766967773e-01
9.843093752861022949e-01
9.999750852584838867e-01
9.727202653884887695e-01
9.987906217575073242e-01
1.000000000000000000e+00
1.000000000000000000e+00
1.000000000000000000e+00
9.116293787956237793e-01
6.885567307472229004e-01
6.697396636009216309e-01
8.468518257141113281e-01
1.000000000000000000e+00
1.000000000000000000e+00
9.998842477798461914e-01
1.000000000000000000e+00
9.854332804679870605e-01
1.000000000000000000e+00
7.549126148223876953e-01
6.453395485877990723e-01
7.474270462989807129e-01
7.501330971717834473e-01
8.593252301216125488e-01
7.516508698463439941e-01
8.505821228027343750e-01
8.551548719406127930e-01
7.535215020179748535e-01
1.000000000000000000e+00
1.000000000000000000e+00
8.651578426361083984e-01
9.995913505554199219e-01
6.088769435882568359e-01
9.074639081954956055e-01
8.426543474197387695e-01
1.000000000000000000e+00
6.385921239852905273e-01
9.242514967918395996e-01
1.000000000000000000e+00
8.787229657173156738e-01
1.000000000000000000e+00
7.450662851333618164e-01
1.000000000000000000e+00
8.593620061874389648e-01
1.000000000000000000e+00
6.293412446975708008e-01
1.000000000000000000e+00
7.773737311363220215e-01
7.788821458816528320e-01
8.234769105911254883e-01
7.126351594924926758e-01
1.000000000000000000e+00
6.727814078330993652e-01
1.000000000000000000e+00
9.690065979957580566e-01
6.707980036735534668e-01
7.958937883377075195e-01
1.000000000000000000e+00
7.735610008239746094e-01
1.000000000000000000e+00
1.000000000000000000e+00
1.000000000000000000e+00
6.175453066825866699e-01
9.996719956398010254e-01
6.487378478050231934e-01
1.000000000000000000e+00
7.249696254730224609e-01
6.092746257781982422e-01
7.525543570518493652e-01
1.000000000000000000e+00
1.000000000000000000e+00
6.943802833557128906e-01
8.988083600997924805e-01
8.052812218666076660e-01
7.911725640296936035e-01
1.000000000000000000e+00
9.472541213035583496e-01
9.999388456344604492e-01
7.734743952751159668e-01
8.832972049713134766e-01
7.341815233230590820e-01
7.831451892852783203e-01
1.000000000000000000e+00
9.999846220016479492e-01
7.534458041191101074e-01
7.910128235816955566e-01
8.021107912063598633e-01
8.516154885292053223e-01
8.044735789299011230e-01
7.876377701759338379e-01
1.000000000000000000e+00
5.777492523193359375e-01
9.996476769447326660e-01
1.000000000000000000e+00
1.000000000000000000e+00
8.549311161041259766e-01
7.632438540458679199e-01
1.000000000000000000e+00
9.700036644935607910e-01
7.319610118865966797e-01
7.838596105575561523e-01
1.000000000000000000e+00
8.451331257820129395e-01
1.000000000000000000e+00
8.258121609687805176e-01
1.000000000000000000e+00
1.000000000000000000e+00
1.000000000000000000e+00
8.346503376960754395e-01
1.000000000000000000e+00
7.487779855728149414e-01
9.999782443046569824e-01
7.016693949699401855e-01
9.999409317970275879e-01
9.128245711326599121e-01
7.411627769470214844e-01
9.935857653617858887e-01
1.000000000000000000e+00
7.778638601303100586e-01
7.440680265426635742e-01
1.000000000000000000e+00
8.821812868118286133e-01
6.332644224166870117e-01
1.000000000000000000e+00
9.994444251060485840e-01
7.561326026916503906e-01
8.040860295295715332e-01
8.539443016052246094e-01
1.000000000000000000e+00
8.728895187377929688e-01
7.608397006988525391e-01
1.000000000000000000e+00
9.987158775329589844e-01
1.000000000000000000e+00
9.671049714088439941e-01
8.203210234642028809e-01
1.000000000000000000e+00
9.999288916587829590e-01
8.796576261520385742e-01
8.970448970794677734e-01
7.084701657295227051e-01
9.136705994606018066e-01
8.850575089454650879e-01
1.000000000000000000e+00
6.559544801712036133e-01
8.394283056259155273e-01
9.999999403953552246e-01
9.079539775848388672e-01
9.921381473541259766e-01
7.115867137908935547e-01
1.000000000000000000e+00
8.672595620155334473e-01
7.494589686393737793e-01
8.507255315780639648e-01
8.340265154838562012e-01
1.000000000000000000e+00
7.356035709381103516e-01
7.701579332351684570e-01
1.000000000000000000e+00
6.650682091712951660e-01
8.100129365921020508e-01
1.000000000000000000e+00
1.000000000000000000e+00
6.595535278320312500e-01
8.012033700942993164e-01
6.445560455322265625e-01
1.000000000000000000e+00
7.010545134544372559e-01
8.640984892845153809e-01
8.046998977661132812e-01
1.000000000000000000e+00
1.000000000000000000e+00
6.837017536163330078e-01
1.000000000000000000e+00
8.806010484695434570e-01
9.882544279098510742e-01
1.000000000000000000e+00
8.175294399261474609e-01
1.000000000000000000e+00
