9.750915169715881348e-01
9.899228215217590332e-01
1.000000000000000000e+00
1.000000000000000000e+00
9.225182533264160156e-01
1.000000000000000000e+00
9.918450713157653809e-01
1.000000000000000000e+00
1.000000000000000000e+00
9.403002262115478516e-01
9.809066653251647949e-01
1.000000000000000000e+00
9.592072963714599609e-01
9.617732763290405273e-01
9.572517871856689453e-01
9.986376762390136719e-01
9.733973145484924316e-01
9.171610474586486816e-01
9.348681569099426270e-01
1.000000000000000000e+00
9.555363655090332031e-01
7.496626377105712891e-01
9.639793634414672852e-01
9.278947710990905762e-01
9.063415527343750000e-01
9.909204840660095215e-01
9.843884110450744629e-01
9.811752438545227051e-01
9.909117817878723145e-01
1.000000000000000000e+00
9.652365446090698242e-01
9.487228393554687500e-01
8.717436790466308594e-01
1.000000000000000000e+00
1.000000000000000000e+00
1.000000000000000000e+00
9.809353351593017578e-01
9.629702568054199219e-01
9.903947710990905762e-01
1.000000000000000000e+00
9.644023776054382324e-01
9.999695420265197754e-01
9.144992232322692871e-01
9.990235567092895508e-01
1.000000000000000000e+00
9.998329281806945801e-01
1.000000000000000000e+00
9.161862730979919434e-01
9.774144291877746582e-01
9.464537501335144043e-01
8.476670384407043457e-01
9.961676001548767090e-01
1.000000000000000000e+00
9.173729419708251953e-01
9.334274530410766602e-01
1.000000000000000000e+00
9.196674227714538574e-01
9.878996014595031738e-01
1.000000000000000000e+00
9.699068069458007812e-01
9.942777156829833984e-01
9.315654039382934570e-01
9.229444265365600586e-01
9.270269870758056641e-01
1.000000000000000000e+00
1.000000000000000000e+00
9.859569668769836426e-01
9.783278703689575195e-01
9.991955161094665527e-01
1.000000000000000000e+00
9.996300339698791504e-01
9.503923654556274414e-01
9.002032279968261719e-01
9.287014007568359375e-01
9.759148359298706055e-01
9.930767416954040527e-01
9.996621608734130859e-01
1.000000000000000000e+00
1.000000000000000000e+00
1.000000000000000000e+00
9.464835524559020996e-01
9.034149646759033203e-01
1.000000000000000000e+00
9.441481232643127441e-01
9.546298980712890625e-01
1.000000000000000000e+00
9.299391508102416992e-01
9.468935132026672363e-01
1.000000000000000000e+00
9.298812150955200195e-01
9.921537637710571289e-01
9.995302557945251465e-01
1.000000000000000000e+00
8.550385236740112305e-01
9.332946538925170898e-01
8.999506831169128418e-01
9.990191459655761719e-01
9.308300018310546875e-01
9.763761758804321289e-01
8.732680082321166992e-01
9.152548909187316895e-01
8.666623234748840332e-01
9.134541153907775879e-01
9.942383766174316406e-01
9.677945375442504883e-01
1.000000000000000000e+00
9.766789674758911133e-01
7.634394764900207520e-01
9.876334071159362793e-01
8.995627164840698242e-01
7.694329023361206055e-01
8.840864300727844238e-01
8.223450183868408203e-01
1.000000000000000000e+00
8.997579813003540039e-01
8.551672101020812988e-01
9.266892671585083008e-01
9.754337072372436523e-01
8.386408686637878418e-01
9.931597113609313965e-01
8.919004201889038086e-01
9.697135090827941895e-01
8.322318196296691895e-01
8.244312405586242676e-01
1.000000000000000000e+00
9.316070079803466797e-01
1.000000000000000000e+00
1.000000000000000000e+00
9.375818371772766113e-01
1.000000000000000000e+00
1.000000000000000000e+00
9.989343881607055664e-01
8.841501474380493164e-01
1.000000000000000000e+00
8.225385546684265137e-01
1.000000000000000000e+00
9.490512609481811523e-01
9.443832039833068848e-01
1.000000000000000000e+00
9.574028849601745605e-01
9.230387210845947266e-01
9.983841776847839355e-01
7.681449651718139648e-01
8.379058241844177246e-01
8.182551264762878418e-01
9.379433989524841309e-01
8.893845081329345703e-01
8.424444198608398438e-01
1.000000000000000000e+00
8.453763127326965332e-01
8.245763778686523438e-01
9.996091127395629883e-01
8.129251003265380859e-01
8.945137262344360352e-01
9.997757673263549805e-01
9.833369851112365723e-01
7.873036861419677734e-01
9.427402615547180176e-01
8.159182667732238770e-01
7.545963525772094727e-01
9.256280064582824707e-01
1.000000000000000000e+00
9.144496321678161621e-01
8.256386518478393555e-01
8.514006137847900391e-01
8.355976939201354980e-01
1.000000000000000000e+00
7.467827796936035156e-01
1.000000000000000000e+00
8.310920000076293945e-01
9.008085727691650391e-01
9.068359136581420898e-01
9.977737665176391602e-01
8.196265101432800293e-01
9.988517165184020996e-01
1.000000000000000000e+00
7.899727225303649902e-01
8.837187290191650391e-01
1.000000000000000000e+00
9.896553754806518555e-01
1.000000000000000000e+00
9.567298889160156250e-01
7.888082861900329590e-01
9.890176653861999512e-01
1.000000000000000000e+00
9.918756484985351562e-01
8.712558746337890625e-01
7.695965766906738281e-01
9.142698049545288086e-01
7.981876134872436523e-01
7.658343315124511719e-01
7.062710523605346680e-01
1.000000000000000000e+00
8.108338117599487305e-01
9.128542542457580566e-01
7.650641798973083496e-01
9.306180477142333984e-01
9.957469105720520020e-01
1.000000000000000000e+00
1.000000000000000000e+00
8.188978433609008789e-01
1.000000000000000000e+00
9.845241308212280273e-01
8.752537369728088379e-01
1.000000000000000000e+00
9.952896237373352051e-01
9.968336820602416992e-01
7.242609858512878418e-01
1.000000000000000000e+00
1.000000000000000000e+00
8.390972614288330078e-01
8.921315073966979980e-01
8.733025193214416504e-01
1.000000000000000000e+00
1.000000000000000000e+00
8.691749572753906250e-01
9.990382194519042969e-01
9.999760389328002930e-01
9.992064237594604492e-01
9.971017241477966309e-01
9.944759607315063477e-01
9.928835034370422363e-01
7.238008975982666016e-01
8.724136352539062500e-01
1.000000000000000000e+00
8.039028644561767578e-01
1.000000000000000000e+00
1.000000000000000000e+00
1.000000000000000000e+00
1.000000000000000000e+00
8.512783050537109375e-01
7.131073474884033203e-01
9.908440113067626953e-01
8.992951512336730957e-01
1.000000000000000000e+00
1.000000000000000000e+00
8.934968113899230957e-01
8.867620229721069336e-01
9.047428369522094727e-01
8.747714161872863770e-01
8.740968704223632812e-01
6.818795800209045410e-01
8.213783502578735352e-01
1.000000000000000000e+00
9.972842931747436523e-01
1.000000000000000000e+00
9.893037080764770508e-01
1.000000000000000000e+00
7.825112938880920410e-01
9.842785000801086426e-01
8.119871616363525391e-01
1.000000000000000000e+00
9.911602735519409180e-01
9.660380482673645020e-01
9.990792274475097656e-01
1.000000000000000000e+00
8.579229116439819336e-01
8.898307681083679199e-01
1.000000000000000000e+00
1.000000000000000000e+00
7.545309066772460938e-01
1.000000000000000000e+00
1.000000000000000000e+00
8.822632431983947754e-01
1.000000000000000000e+00
1.000000000000000000e+00
9.484310150146484375e-01
1.000000000000000000e+00
9.467682838439941406e-01
8.758651614189147949e-01
1.000000000000000000e+00
1.000000000000000000e+00
8.763802051544189453e-01
7.170598506927490234e-01
8.413774967193603516e-01
7.806222438812255859e-01
1.000000000000000000e+00
8.675832152366638184e-01
9.556931257247924805e-01
1.000000000000000000e+00
8.619535565376281738e-01
7.839316725730895996e-01
7.717466354370117188e-01
8.564258813858032227e-01
7.330665588378906250e-01
8.673746585845947266e-01
9.978874325752258301e-01
8.378607034683227539e-01
8.130015730857849121e-01
1.000000000000000000e+00
8.576837182044982910e-01
8.337461948394775391e-01
8.109974861145019531e-01
7.348471879959106445e-01
8.000040650367736816e-01
1.000000000000000000e+00
9.959176182746887207e-01
1.000000000000000000e+00
8.905062079429626465e-01
1.000000000000000000e+00
7.345961928367614746e-01
1.000000000000000000e+00
7.530559301376342773e-01
9.563427567481994629e-01
1.000000000000000000e+00
8.059886097908020020e-01
7.608574628829956055e-01
8.059647679328918457e-01
9.998009800910949707e-01
8.834023475646972656e-01
1.000000000000000000e+00
7.590782046318054199e-01
8.859633207321166992e-01
9.641101360321044922e-01
8.631572723388671875e-01
8.010313510894775391e-01
6.910921931266784668e-01
7.742185592651367188e-01
8.058141469955444336e-01
9.236117601394653320e-01
1.000000000000000000e+00
1.000000000000000000e+00
9.411985874176025391e-01
7.914180755615234375e-01
8.883377909660339355e-01
8.111939430236816406e-01
1.000000000000000000e+00
7.784676551818847656e-01
7.978961467742919922e-01
1.000000000000000000e+00
8.335599899291992188e-01
1.000000000000000000e+00
9.502146244049072266e-01
1.000000000000000000e+00
8.305428028106689453e-01
7.528710365295410156e-01
1.000000000000000000e+00
8.700875043869018555e-01
1.000000000000000000e+00
7.153103947639465332e-01
1.000000000000000000e+00
6.976594328880310059e-01
1.000000000000000000e+00
8.037476539611816406e-01
8.654022812843322754e-01
1.000000000000000000e+00
1.000000000000000000e+00
7.315803766250610352e-01
8.850393295288085938e-01
8.487870693206787109e-01
8.733707070350646973e-01
1.000000000000000000e+00
1.000000000000000000e+00
9.209098815917968750e-01
1.000000000000000000e+00
9.956731796264648438e-01
1.000000000000000000e+00
1.000000000000000000e+00
1.000000000000000000e+00
1.000000000000000000e+00
8.253413438796997070e-01
8.103466033935546875e-01
8.510144352912902832e-01
1.000000000000000000e+00
9.999771118164062500e-01
7.482029199600219727e-01
7.811834216117858887e-01
9.486585855484008789e-01
9.866188168525695801e-01
1.000000000000000000e+00
1.000000000000000000e+00
8.619126677513122559e-01
7.532736063003540039e-01
9.999023079872131348e-01
7.986567020416259766e-01
1.000000000000000000e+00
9.235630035400390625e-01
8.751078248023986816e-01
1.000000000000000000e+00
8.129259347915649414e-01
9.999833703041076660e-01
1.000000000000000000e+00
9.997633695602416992e-01
9.992296099662780762e-01
8.929073214530944824e-01
8.375768065452575684e-01
8.782316446304321289e-01
1.000000000000000000e+00
9.851945638656616211e-01
8.257100582122802734e-01
8.052663803100585938e-01
8.326466083526611328e-01
8.725929260253906250e-01
6.942886710166931152e-01
1.000000000000000000e+00
8.339034318923950195e-01
1.000000000000000000e+00
1.000000000000000000e+00
7.184698581695556641e-01
8.533353805541992188e-01
1.000000000000000000e+00
9.981640577316284180e-01
8.710595965385437012e-01
7.804589271545410156e-01
9.998847246170043945e-01
7.185825109481811523e-01
9.970821142196655273e-01
9.840807318687438965e-01
9.530569314956665039e-01
9.991990327835083008e-01
9.261708259582519531e-01
7.283086776733398438e-01
1.000000000000000000e+00
8.563458919525146484e-01
9.975085258483886719e-01
9.799169898033142090e-01
1.000000000000000000e+00
8.334878683090209961e-01
1.000000000000000000e+00
1.000000000000000000e+00
9.999907016754150391e-01
1.000000000000000000e+00
9.884099960327148438e-01
7.751567959785461426e-01
8.854865431785583496e-01
1.000000000000000000e+00
9.555104970932006836e-01
9.518110156059265137e-01
6.957737803459167480e-01
7.482528686523437500e-01
1.000000000000000000e+00
8.362262248992919922e-01
1.000000000000000000e+00
7.363463044166564941e-01
1.000000000000000000e+00
8.315627574920654297e-01
7.455536723136901855e-01
9.456323981285095215e-01
9.573637843132019043e-01
9.992474317550659180e-01
7.549022436141967773e-01
9.577749967575073242e-01
1.000000000000000000e+00
9.451978206634521484e-01
7.365736961364746094e-01
7.968467473983764648e-01
7.860527038574218750e-01
9.995341897010803223e-01
7.477393150329589844e-01
6.896467208862304688e-01
9.998562335968017578e-01
1.000000000000000000e+00
9.989351034164428711e-01
1.000000000000000000e+00
7.416545748710632324e-01
8.036234378814697266e-01
9.661378860473632812e-01
9.485341906547546387e-01
9.989180564880371094e-01
8.978822231292724609e-01
7.250549197196960449e-01
8.927299976348876953e-01
6.969223618507385254e-01
1.000000000000000000e+00
9.027735590934753418e-01
1.000000000000000000e+00
9.993991851806640625e-01
9.283127188682556152e-01
1.000000000000000000e+00
8.688103556632995605e-01
8.209441900253295898e-01
9.136069416999816895e-01
8.423387408256530762e-01
8.874529004096984863e-01
6.701014041900634766e-01
1.000000000000000000e+00
1.000000000000000000e+00
8.163354396820068359e-01
1.000000000000000000e+00
1.000000000000000000e+00
9.717430472373962402e-01
6.885184049606323242e-01
9.999241232872009277e-01
8.200087547302246094e-01
7.967763543128967285e-01
8.270382285118103027e-01
9.985834360122680664e-01
7.169048786163330078e-01
9.567470550537109375e-01
9.970699548721313477e-01
8.669635653495788574e-01
9.963718652725219727e-01
9.978929162025451660e-01
9.998145103454589844e-01
1.000000000000000000e+00
9.195556640625000000e-01
8.971676826477050781e-01
8.665271401405334473e-01
1.000000000000000000e+00
9.992901086807250977e-01
9.009990692138671875e-01
7.181283235549926758e-01
7.818110585212707520e-01
8.898879885673522949e-01
9.990708231925964355e-01
1.000000000000000000e+00
9.971998929977416992e-01
1.000000000000000000e+00
7.366691827774047852e-01
1.000000000000000000e+00
8.886719942092895508e-01
1.000000000000000000e+00
8.113288283348083496e-01
9.117306470870971680e-01
7.904002070426940918e-01
9.030254483222961426e-01
8.313135504722595215e-01
8.016282320022583008e-01
7.367891669273376465e-01
7.074835300445556641e-01
7.125515937805175781e-01
1.000000000000000000e+00
1.000000000000000000e+00
8.300920724868774414e-01
9.418123960494995117e-01
1.000000000000000000e+00
7.855252027511596680e-01
1.000000000000000000e+00
8.606391549110412598e-01
8.011417388916015625e-01
9.583489894866943359e-01
1.000000000000000000e+00
9.990798234939575195e-01
8.916196227073669434e-01
6.879817843437194824e-01
9.249219894409179688e-01
9.229959249496459961e-01
1.000000000000000000e+00
9.997603893280029297e-01
9.775589108467102051e-01
9.989023208618164062e-01
9.997019171714782715e-01
6.649792194366455078e-01
1.000000000000000000e+00
7.240971326828002930e-01
9.999123215675354004e-01
9.440830945968627930e-01
1.000000000000000000e+00
8.823544979095458984e-01
9.998797774314880371e-01
1.000000000000000000e+00
9.984788894653320312e-01
8.890573978424072266e-01
1.000000000000000000e+00
7.460540533065795898e-01
7.543821334838867188e-01
7.311466932296752930e-01
1.000000000000000000e+00
7.142134904861450195e-01
9.384847283363342285e-01
1.000000000000000000e+00
8.151617050170898438e-01
8.133128285408020020e-01
1.000000000000000000e+00
1.000000000000000000e+00
9.246684908866882324e-01
7.916108965873718262e-01
1.000000000000000000e+00
8.657048940658569336e-01
7.739545106887817383e-01
9.996075034141540527e-01
1.000000000000000000e+00
7.766912579536437988e-01
9.498632550239562988e-01
9.237657189369201660e-01
9.999440312385559082e-01
1.000000000000000000e+00
9.383800625801086426e-01
7.526819705963134766e-01
1.000000000000000000e+00
7.913012504577636719e-01
1.000000000000000000e+00
1.000000000000000000e+00
1.000000000000000000e+00
7.572089433670043945e-01
9.268001317977905273e-01
8.163922429084777832e-01
9.103541970252990723e-01
7.836909294128417969e-01
9.998618364334106445e-01
1.000000000000000000e+00
8.374382257461547852e-01
7.072016000747680664e-01
8.542699217796325684e-01
9.226893782615661621e-01
7.621704339981079102e-01
8.814452886581420898e-01
9.996889233589172363e-01
9.137857556343078613e-01
1.000000000000000000e+00
8.452427983283996582e-01
7.661207914352416992e-01
1.000000000000000000e+00
8.376083970069885254e-01
1.000000000000000000e+00
8.549340367317199707e-01
9.930158257484436035e-01
9.301412701606750488e-01
7.946218252182006836e-01
7.731004953384399414e-01
7.673516273498535156e-01
1.000000000000000000e+00
6.965414285659790039e-01
1.000000000000000000e+00
7.676836252212524414e-01
8.322725296020507812e-01
9.918973445892333984e-01
1.000000000000000000e+00
1.000000000000000000e+00
7.014561295509338379e-01
7.713482379913330078e-01
9.992967247962951660e-01
7.693676352500915527e-01
9.995359182357788086e-01
8.374802470207214355e-01
7.246323823928833008e-01
8.980365991592407227e-01
9.990350604057312012e-01
7.561219930648803711e-01
1.000000000000000000e+00
6.977121829986572266e-01
8.495741486549377441e-01
7.486913204193115234e-01
8.425249457359313965e-01
7.802817821502685547e-01
1.000000000000000000e+00
8.773592114448547363e-01
8.634370565414428711e-01
7.376576662063598633e-01
8.355864286422729492e-01
9.999249577522277832e-01
7.508273720741271973e-01
1.000000000000000000e+00
1.000000000000000000e+00
1.000000000000000000e+00
1.000000000000000000e+00
8.231211304664611816e-01
7.866510152816772461e-01
1.000000000000000000e+00
8.485699295997619629e-01
1.000000000000000000e+00
7.683393955230712891e-01
1.000000000000000000e+00
8.591215610504150391e-01
8.098415136337280273e-01
6.785295605659484863e-01
9.316912889480590820e-01
7.404006719589233398e-01
7.909678220748901367e-01
7.665221095085144043e-01
9.984072446823120117e-01
9.991990327835083008e-01
7.506204843521118164e-01
9.345321655273437500e-01
9.911999106407165527e-01
1.000000000000000000e+00
9.537652134895324707e-01
1.000000000000000000e+00
9.861115813255310059e-01
7.623881697654724121e-01
8.722139596939086914e-01
7.671496272087097168e-01
7.421144247055053711e-01
7.191802263259887695e-01
7.591777443885803223e-01
1.000000000000000000e+00
1.000000000000000000e+00
1.000000000000000000e+00
7.843571901321411133e-01
8.304129838943481445e-01
8.978815674781799316e-01
7.195188999176025391e-01
1.000000000000000000e+00
8.050301671028137207e-01
7.064238190650939941e-01
8.022397160530090332e-01
9.114890694618225098e-01
9.127123951911926270e-01
8.108767867088317871e-01
9.290800094604492188e-01
8.968330621719360352e-01
8.532373309135437012e-01
8.495745062828063965e-01
1.000000000000000000e+00
1.000000000000000000e+00
8.452607393264770508e-01
1.000000000000000000e+00
9.403182268142700195e-01
7.556113004684448242e-01
1.000000000000000000e+00
8.967566490173339844e-01
7.410718202590942383e-01
7.488844394683837891e-01
7.966973185539245605e-01
8.527694344520568848e-01
8.055748939514160156e-01
7.642219066619873047e-01
8.006653189659118652e-01
8.093862533569335938e-01
7.071113586425781250e-01
1.000000000000000000e+00
9.164809584617614746e-01
8.706899881362915039e-01
9.999215602874755859e-01
8.121706247329711914e-01
9.901457428932189941e-01
9.236624836921691895e-01
1.000000000000000000e+00
1.000000000000000000e+00
9.999305009841918945e-01
9.999200105667114258e-01
8.379957675933837891e-01
9.992819428443908691e-01
8.033235073089599609e-01
9.976837635040283203e-01
7.240050435066223145e-01
8.532870411872863770e-01
8.627203106880187988e-01
6.877618432044982910e-01
1.000000000000000000e+00
7.421987056732177734e-01
1.000000000000000000e+00
8.486007452011108398e-01
1.000000000000000000e+00
7.583343386650085449e-01
1.000000000000000000e+00
7.605936527252197266e-01
8.320426344871520996e-01
1.000000000000000000e+00
6.385180354118347168e-01
1.000000000000000000e+00
7.990785837173461914e-01
7.002398967742919922e-01
1.000000000000000000e+00
7.982882261276245117e-01
8.428773283958435059e-01
8.550385832786560059e-01
1.000000000000000000e+00
7.846755981445312500e-01
9.982589483261108398e-01
9.999986886978149414e-01
6.786981821060180664e-01
8.260828256607055664e-01
8.613927364349365234e-01
1.000000000000000000e+00
7.739983797073364258e-01
9.992989301681518555e-01
8.678112030029296875e-01
6.713812351226806641e-01
9.996498227119445801e-01
7.861742973327636719e-01
9.081965684890747070e-01
9.991376399993896484e-01
7.687382698059082031e-01
8.669114112854003906e-01
6.913652420043945312e-01
1.000000000000000000e+00
7.365747690200805664e-01
7.479147911071777344e-01
7.108156681060791016e-01
1.000000000000000000e+00
6.798046827316284180e-01
7.941859364509582520e-01
9.860054254531860352e-01
1.000000000000000000e+00
1.000000000000000000e+00
7.709736824035644531e-01
7.627627849578857422e-01
9.502973556518554688e-01
9.572917819023132324e-01
7.692837715148925781e-01
1.000000000000000000e+00
8.654895424842834473e-01
1.000000000000000000e+00
9.995114803314208984e-01
8.374835252761840820e-01
1.000000000000000000e+00
9.976255893707275391e-01
1.000000000000000000e+00
7.981038093566894531e-01
7.213385105133056641e-01
8.081499934196472168e-01
8.360951542854309082e-01
9.998788237571716309e-01
8.866299390792846680e-01
1.000000000000000000e+00
9.994826912879943848e-01
7.036474943161010742e-01
9.612215757369995117e-01
9.999765157699584961e-01
1.000000000000000000e+00
7.254325151443481445e-01
7.104054093360900879e-01
7.804390192031860352e-01
8.153538703918457031e-01
1.000000000000000000e+00
1.000000000000000000e+00
6.726518869400024414e-01
6.928867101669311523e-01
7.621251344680786133e-01
7.299783825874328613e-01
9.999363422393798828e-01
8.713227510452270508e-01
6.932856440544128418e-01
1.000000000000000000e+00
7.559385895729064941e-01
1.000000000000000000e+00
1.000000000000000000e+00
7.117705345153808594e-01
9.987569451332092285e-01
1.000000000000000000e+00
8.831565380096435547e-01
7.913320064544677734e-01
1.000000000000000000e+00
1.000000000000000000e+00
1.000000000000000000e+00
1.000000000000000000e+00
7.187525033950805664e-01
9.999998807907104492e-01
8.334136605262756348e-01
1.000000000000000000e+00
9.959279298782348633e-01
9.060609936714172363e-01
8.629574179649353027e-01
1.000000000000000000e+00
8.557414412498474121e-01
8.114722967147827148e-01
9.828022718429565430e-01
9.996157288551330566e-01
1.000000000000000000e+00
7.880659103393554688e-01
7.173593044281005859e-01
9.368160963058471680e-01
1.000000000000000000e+00
9.832623600959777832e-01
7.658452391624450684e-01
1.000000000000000000e+00
6.935240030288696289e-01
8.189480304718017578e-01
6.887221932411193848e-01
7.489925622940063477e-01
9.999983906745910645e-01
9.294371604919433594e-01
7.906477451324462891e-01
7.780038118362426758e-01
9.015961885452270508e-01
8.193156123161315918e-01
8.034487962722778320e-01
9.225377440452575684e-01
7.269412279129028320e-01
7.494590878486633301e-01
7.637277841567993164e-01
7.602110505104064941e-01
8.957719802856445312e-01
7.494963407516479492e-01
9.979121685028076172e-01
6.840013265609741211e-01
1.000000000000000000e+00
9.390493631362915039e-01
9.415042996406555176e-01
9.764493107795715332e-01
1.000000000000000000e+00
8.995319008827209473e-01
8.041635751724243164e-01
8.204255700111389160e-01
1.000000000000000000e+00
8.965353369712829590e-01
1.000000000000000000e+00
1.000000000000000000e+00
9.499703049659729004e-01
1.000000000000000000e+00
9.996077418327331543e-01
6.983136534690856934e-01
8.719717264175415039e-01
1.000000000000000000e+00
1.000000000000000000e+00
1.000000000000000000e+00
9.222589135169982910e-01
8.957333564758300781e-01
9.037824273109436035e-01
8.805263042449951172e-01
7.530626654624938965e-01
9.998958110809326172e-01
1.000000000000000000e+00
6.769106388092041016e-01
1.000000000000000000e+00
9.038417935371398926e-01
8.213807940483093262e-01
8.129650354385375977e-01
8.522998690605163574e-01
1.000000000000000000e+00
8.561966419219970703e-01
9.986321330070495605e-01
1.000000000000000000e+00
9.997786283493041992e-01
8.588861823081970215e-01
1.000000000000000000e+00
8.233789801597595215e-01
8.617590665817260742e-01
9.344365000724792480e-01
6.478190422058105469e-01
7.573021054267883301e-01
8.493381142616271973e-01
7.171504497528076172e-01
1.000000000000000000e+00
7.014130353927612305e-01
1.000000000000000000e+00
9.229687452316284180e-01
8.045443296432495117e-01
6.604362130165100098e-01
1.000000000000000000e+00
9.083822965621948242e-01
9.627799987792968750e-01
7.911158800125122070e-01
7.340082526206970215e-01
1.000000000000000000e+00
6.683753728866577148e-01
9.230321049690246582e-01
1.000000000000000000e+00
1.000000000000000000e+00
1.000000000000000000e+00
1.000000000000000000e+00
9.253529310226440430e-01
1.000000000000000000e+00
9.999666213989257812e-01
9.947531223297119141e-01
9.062905907630920410e-01
9.996373653411865234e-01
9.999652504920959473e-01
1.000000000000000000e+00
7.337445616722106934e-01
7.622413039207458496e-01
1.000000000000000000e+00
1.000000000000000000e+00
9.779444336891174316e-01
1.000000000000000000e+00
1.000000000000000000e+00
8.371793627738952637e-01
9.731169342994689941e-01
1.000000000000000000e+00
1.000000000000000000e+00
7.741477489471435547e-01
8.327323198318481445e-01
6.992322802543640137e-01
1.000000000000000000e+00
9.058110713958740234e-01
9.973069429397583008e-01
8.762888908386230469e-01
1.000000000000000000e+00
9.988155364990234375e-01
9.882041811943054199e-01
8.520925045013427734e-01
1.000000000000000000e+00
9.523024559020996094e-01
7.834245562553405762e-01
1.000000000000000000e+00
7.995489835739135742e-01
8.378217220306396484e-01
1.000000000000000000e+00
8.552139997482299805e-01
9.995409250259399414e-01
7.329083085060119629e-01
1.000000000000000000e+00
6.654391884803771973e-01
9.013007879257202148e-01
7.718095183372497559e-01
7.838566899299621582e-01
7.980111837387084961e-01
9.532043933868408203e-01
1.000000000000000000e+00
9.946169257164001465e-01
1.000000000000000000e+00
7.921060323715209961e-01
1.000000000000000000e+00
9.990671873092651367e-01
7.398904561996459961e-01
9.949018359184265137e-01
7.201040983200073242e-01
1.000000000000000000e+00
8.364040851593017578e-01
8.064122796058654785e-01
7.274160385131835938e-01
1.000000000000000000e+00
8.550701737403869629e-01
8.238022327423095703e-01
7.474858760833740234e-01
1.000000000000000000e+00
8.903102874755859375e-01
7.221742868423461914e-01
7.962588071823120117e-01
9.976480007171630859e-01
9.974883198738098145e-01
1.000000000000000000e+00
1.000000000000000000e+00
9.843824505805969238e-01
7.941793203353881836e-01
9.996789693832397461e-01
9.708706140518188477e-01
8.182795047760009766e-01
9.535984396934509277e-01
9.991812705993652344e-01
7.547012567520141602e-01
8.240419030189514160e-01
1.000000000000000000e+00
7.703646421432495117e-01
8.934095501899719238e-01
9.991617202758789062e-01
8.674390912055969238e-01
9.698431491851806641e-01
1.000000000000000000e+00
7.833480238914489746e-01
8.288381099700927734e-01
9.325822591781616211e-01
9.015200138092041016e-01
7.405889034271240234e-01
8.159534931182861328e-01
8.757625818252563477e-01
1.000000000000000000e+00
6.354359984397888184e-01
8.967782855033874512e-01
8.762012124061584473e-01
8.563024997711181641e-01
1.000000000000000000e+00
8.193406462669372559e-01
7.812427282333374023e-01
9.995078444480895996e-01
1.000000000000000000e+00
1.000000000000000000e+00
7.881491780281066895e-01
6.352543830871582031e-01
9.999421834945678711e-01
1.000000000000000000e+00
9.999999403953552246e-01
1.000000000000000000e+00
7.177373766899108887e-01
1.000000000000000000e+00
1.000000000000000000e+00
1.000000000000000000e+00
8.650590181350708008e-01
1.000000000000000000e+00
9.114243984222412109e-01
7.909951806068420410e-01
8.547787666320800781e-01
9.991354942321777344e-01
7.317343950271606445e-01
1.000000000000000000e+00
8.264120221138000488e-01
8.501161336898803711e-01
9.994733333587646484e-01
1.000000000000000000e+00
7.543245553970336914e-01
1.000000000000000000e+00
8.284941315650939941e-01
8.919431567192077637e-01
7.359266281127929688e-01
8.056614995002746582e-01
8.000311851501464844e-01
1.000000000000000000e+00
9.143919944763183594e-01
1.000000000000000000e+00
1.000000000000000000e+00
1.000000000000000000e+00
7.883785367012023926e-01
7.999236583709716797e-01
1.000000000000000000e+00
1.000000000000000000e+00
8.858919739723205566e-01
8.847397565841674805e-01
1.000000000000000000e+00
8.402421474456787109e-01
1.000000000000000000e+00
7.027611732482910156e-01
6.843000650405883789e-01
9.721229672431945801e-01
1.000000000000000000e+00
1.000000000000000000e+00
7.074027061462402344e-01
8.733217120170593262e-01
7.275594472885131836e-01
7.138254046440124512e-01
9.240250587463378906e-01
7.901122570037841797e-01
7.385339736938476562e-01
9.999806880950927734e-01
1.000000000000000000e+00
9.989969730377197266e-01
6.659047007560729980e-01
9.999955892562866211e-01
7.311464548110961914e-01
9.877175688743591309e-01
1.000000000000000000e+00
1.000000000000000000e+00
1.000000000000000000e+00
7.671765089035034180e-01
7.159004211425781250e-01
8.037800192832946777e-01
8.150521516799926758e-01
9.536449313163757324e-01
9.105354547500610352e-01
1.000000000000000000e+00
1.000000000000000000e+00
6.654976606369018555e-01
8.654589653015136719e-01
8.595278263092041016e-01
8.466780185699462891e-01
6.891676783561706543e-01
1.000000000000000000e+00
6.610110998153686523e-01
7.728112339973449707e-01
8.190734386444091797e-01
8.847559690475463867e-01
9.014673233032226562e-01
9.999715089797973633e-01
8.075088858604431152e-01
6.931313276290893555e-01
9.582888484001159668e-01
1.000000000000000000e+00
7.428139448165893555e-01
8.503400683403015137e-01
1.000000000000000000e+00
9.993901252746582031e-01
1.000000000000000000e+00
7.617911100387573242e-01
7.801030874252319336e-01
1.000000000000000000e+00
9.998862147331237793e-01
8.413970470428466797e-01
9.360367655754089355e-01
9.998104572296142578e-01
7.783821821212768555e-01
8.664133548736572266e-01
6.893353462219238281e-01
9.358585476875305176e-01
8.023040294647216797e-01
7.043846845626831055e-01
8.423746228218078613e-01
7.418404817581176758e-01
8.779973983764648438e-01
6.691702604293823242e-01
1.000000000000000000e+00
9.986699819564819336e-01
8.023504018783569336e-01
8.257386684417724609e-01
8.463697433471679688e-01
9.386517405509948730e-01
9.892894029617309570e-01
1.000000000000000000e+00
8.584443330764770508e-01
7.551750540733337402e-01
9.908375740051269531e-01
1.000000000000000000e+00
7.779140472412109375e-01
1.000000000000000000e+00
8.258634209632873535e-01
1.000000000000000000e+00
9.497160315513610840e-01
7.575435042381286621e-01
8.808650970458984375e-01
1.000000000000000000e+00
1.000000000000000000e+00
9.436574578285217285e-01
1.000000000000000000e+00
7.795742154121398926e-01
8.128145933151245117e-01
1.000000000000000000e+00
7.779138088226318359e-01
7.603853940963745117e-01
1.000000000000000000e+00
7.150290012359619141e-01
7.831233739852905273e-01
7.017506957054138184e-01
1.000000000000000000e+00
7.878935933113098145e-01
1.000000000000000000e+00
8.439016342163085938e-01
8.751283884048461914e-01
9.995485544204711914e-01
7.057647705078125000e-01
6.636352539062500000e-01
1.000000000000000000e+00
7.249995470046997070e-01
1.000000000000000000e+00
7.387520074844360352e-01
1.000000000000000000e+00
7.462004423141479492e-01
1.000000000000000000e+00
9.999182820320129395e-01
7.874419689178466797e-01
8.345269560813903809e-01
7.653892636299133301e-01
9.303957223892211914e-01
8.349505662918090820e-01
8.335505723953247070e-01
7.442579269409179688e-01
1.000000000000000000e+00
1.000000000000000000e+00
1.000000000000000000e+00
1.000000000000000000e+00
6.764564514160156250e-01
7.170453071594238281e-01
8.484839200973510742e-01
1.000000000000000000e+00
9.999985694885253906e-01
9.906832575798034668e-01
7.049418091773986816e-01
9.226245284080505371e-01
7.791163921356201172e-01
7.223111391067504883e-01
8.359030485153198242e-01
9.148809909820556641e-01
8.082990050315856934e-01
8.277931213378906250e-01
9.996532797813415527e-01
8.918818831443786621e-01
7.983900308609008789e-01
9.998717308044433594e-01
1.000000000000000000e+00
1.000000000000000000e+00
7.888823747634887695e-01
6.588656306266784668e-01
1.000000000000000000e+00
8.794913887977600098e-01
7.445746660232543945e-01
7.989811897277832031e-01
8.487121462821960449e-01
8.039318323135375977e-01
9.986457824707031250e-01
7.631724476814270020e-01
7.345936894416809082e-01
7.450594902038574219e-01
1.000000000000000000e+00
1.000000000000000000e+00
6.626651883125305176e-01
7.585619688034057617e-01
1.000000000000000000e+00
7.713238000869750977e-01
6.590331196784973145e-01
8.100772500038146973e-01
9.981946349143981934e-01
6.947344541549682617e-01
7.319592237472534180e-01
7.367412447929382324e-01
8.394635319709777832e-01
8.318235874176025391e-01
1.000000000000000000e+00
7.818001508712768555e-01
8.195519447326660156e-01
1.000000000000000000e+00
7.992646098136901855e-01
7.538537383079528809e-01
8.046994209289550781e-01
9.999715685844421387e-01
8.015471100807189941e-01
6.645590066909790039e-01
8.378224968910217285e-01
9.987392425537109375e-01
7.145398259162902832e-01
1.000000000000000000e+00
7.957420349121093750e-01
1.000000000000000000e+00
1.000000000000000000e+00
7.684047222137451172e-01
7.957677841186523438e-01
8.601743578910827637e-01
7.572175264358520508e-01
9.754514694213867188e-01
8.744241595268249512e-01
9.647518396377563477e-01
7.903432846069335938e-01
8.929212689399719238e-01
1.000000000000000000e+00
9.297584295272827148e-01
9.917653203010559082e-01
6.889994144439697266e-01
1.000000000000000000e+00
7.256596684455871582e-01
7.766407728195190430e-01
9.993736743927001953e-01
6.697496175765991211e-01
7.905027866363525391e-01
8.609197139739990234e-01
1.000000000000000000e+00
9.987630844116210938e-01
7.175267934799194336e-01
8.630806207656860352e-01
9.068407416343688965e-01
8.141612410545349121e-01
7.566965222358703613e-01
8.100377321243286133e-01
8.427097797393798828e-01
9.996793270111083984e-01
7.390761375427246094e-01
1.000000000000000000e+00
9.388114809989929199e-01
7.192029953002929688e-01
9.996813535690307617e-01
7.537904381752014160e-01
8.317928910255432129e-01
8.798689842224121094e-01
8.003005385398864746e-01
9.682266712188720703e-01
6.443426609039306641e-01
8.342250585556030273e-01
9.807221293449401855e-01
7.479763031005859375e-01
8.573875427246093750e-01
7.673641443252563477e-01
1.000000000000000000e+00
9.524150490760803223e-01
9.968422651290893555e-01
6.718220710754394531e-01
8.731458187103271484e-01
6.959602832794189453e-01
1.000000000000000000e+00
8.561244010925292969e-01
8.476982116699218750e-01
9.140554666519165039e-01
9.999721050262451172e-01
9.999958872795104980e-01
1.000000000000000000e+00
1.000000000000000000e+00
1.000000000000000000e+00
1.000000000000000000e+00
1.000000000000000000e+00
7.737401723861694336e-01
8.953006863594055176e-01
8.808639645576477051e-01
1.000000000000000000e+00
9.969026446342468262e-01
1.000000000000000000e+00
1.000000000000000000e+00
9.999000430107116699e-01
9.404939413070678711e-01
6.951496601104736328e-01
7.318404912948608398e-01
9.615528583526611328e-01
9.537329673767089844e-01
7.203958034515380859e-01
1.000000000000000000e+00
9.876561760902404785e-01
8.955736756324768066e-01
9.710495471954345703e-01
1.000000000000000000e+00
7.274347543716430664e-01
7.199995517730712891e-01
8.261502981185913086e-01
7.886899113655090332e-01
9.994339346885681152e-01
8.840419054031372070e-01
9.997767806053161621e-01
8.918196558952331543e-01
7.748714089393615723e-01
8.352687358856201172e-01
8.897433876991271973e-01
6.733977198600769043e-01
1.000000000000000000e+00
7.188342809677124023e-01
8.568091392517089844e-01
8.271496295928955078e-01
1.000000000000000000e+00
7.040570974349975586e-01
8.514008522033691406e-01
6.460379958152770996e-01
8.524676561355590820e-01
1.000000000000000000e+00
9.860870838165283203e-01
9.162429571151733398e-01
6.726409196853637695e-01
1.000000000000000000e+00
6.931145191192626953e-01
9.296644330024719238e-01
9.995056390762329102e-01
8.303273916244506836e-01
7.768142223358154297e-01
7.819366455078125000e-01
7.695994377136230469e-01
1.000000000000000000e+00
9.991559982299804688e-01
8.683820366859436035e-01
6.551553010940551758e-01
8.729897141456604004e-01
7.324810028076171875e-01
7.775888442993164062e-01
7.932607531547546387e-01
8.562508821487426758e-01
8.968746662139892578e-01
8.993654251098632812e-01
8.022207617759704590e-01
7.769719362258911133e-01
9.998077750205993652e-01
1.000000000000000000e+00
6.793170571327209473e-01
9.998114705085754395e-01
8.729243278503417969e-01
7.517632842063903809e-01
1.000000000000000000e+00
1.000000000000000000e+00
1.000000000000000000e+00
1.000000000000000000e+00
9.437122941017150879e-01
8.152773976325988770e-01
7.691134810447692871e-01
1.000000000000000000e+00
1.000000000000000000e+00
8.091608881950378418e-01
1.000000000000000000e+00
9.327280521392822266e-01
9.522668123245239258e-01
1.000000000000000000e+00
9.373260140419006348e-01
8.648395538330078125e-01
8.735690116882324219e-01
9.999743103981018066e-01
1.000000000000000000e+00
1.000000000000000000e+00
6.466538906097412109e-01
8.263688087463378906e-01
7.481133937835693359e-01
7.998323440551757812e-01
7.551946043968200684e-01
9.998699426651000977e-01
7.978059649467468262e-01
9.433389306068420410e-01
9.201635718345642090e-01
8.400985002517700195e-01
8.274812698364257812e-01
8.239713907241821289e-01
8.250451087951660156e-01
8.875954151153564453e-01
9.982156753540039062e-01
7.489959597587585449e-01
1.000000000000000000e+00
9.994344711303710938e-01
9.060364365577697754e-01
8.025895953178405762e-01
7.451018691062927246e-01
7.263792753219604492e-01
9.525206685066223145e-01
1.000000000000000000e+00
1.000000000000000000e+00
1.000000000000000000e+00
7.961326241493225098e-01
1.000000000000000000e+00
1.000000000000000000e+00
9.105971455574035645e-01
6.708874702453613281e-01
8.215423226356506348e-01
6.477019786834716797e-01
8.817028999328613281e-01
1.000000000000000000e+00
8.392406702041625977e-01
7.473920583724975586e-01
9.988898038864135742e-01
8.120668530464172363e-01
8.036871552467346191e-01
1.000000000000000000e+00
1.000000000000000000e+00
1.000000000000000000e+00
7.676827311515808105e-01
7.928085327148437500e-01
1.000000000000000000e+00
1.000000000000000000e+00
9.591042995452880859e-01
8.968944549560546875e-01
8.869184851646423340e-01
7.713088989257812500e-01
1.000000000000000000e+00
9.970494508743286133e-01
6.197385787963867188e-01
1.000000000000000000e+00
1.000000000000000000e+00
1.000000000000000000e+00
1.000000000000000000e+00
1.000000000000000000e+00
1.000000000000000000e+00
8.259592056274414062e-01
6.571556329727172852e-01
9.418118000030517578e-01
1.000000000000000000e+00
1.000000000000000000e+00
1.000000000000000000e+00
9.082773923873901367e-01
1.000000000000000000e+00
7.706158757209777832e-01
7.481061220169067383e-01
8.083199262619018555e-01
7.372229099273681641e-01
7.282907962799072266e-01
7.629038095474243164e-01
1.000000000000000000e+00
1.000000000000000000e+00
6.902866959571838379e-01
7.776879668235778809e-01
9.985854625701904297e-01
8.079118728637695312e-01
7.635842561721801758e-01
8.351100683212280273e-01
1.000000000000000000e+00
8.621715903282165527e-01
9.760042428970336914e-01
8.792561292648315430e-01
1.000000000000000000e+00
9.999411702156066895e-01
6.374661922454833984e-01
9.991076588630676270e-01
9.286321997642517090e-01
1.000000000000000000e+00
8.388642072677612305e-01
9.996219873428344727e-01
1.000000000000000000e+00
9.660684466361999512e-01
7.636841535568237305e-01
9.945056438446044922e-01
1.000000000000000000e+00
9.213591814041137695e-01
1.000000000000000000e+00
7.713115215301513672e-01
1.000000000000000000e+00
8.010861873626708984e-01
1.000000000000000000e+00
7.666101455688476562e-01
1.000000000000000000e+00
9.999849200248718262e-01
7.074543237686157227e-01
8.972813487052917480e-01
9.672572016716003418e-01
9.997417330741882324e-01
8.719305396080017090e-01
7.627850174903869629e-01
6.879633069038391113e-01
7.211958169937133789e-01
7.586051225662231445e-01
7.606406807899475098e-01
7.567036151885986328e-01
8.255614638328552246e-01
1.000000000000000000e+00
6.925143003463745117e-01
6.936606168746948242e-01
1.000000000000000000e+00
7.758483886718750000e-01
7.632866501808166504e-01
1.000000000000000000e+00
1.000000000000000000e+00
8.212265968322753906e-01
7.306076288223266602e-01
6.326587200164794922e-01
1.000000000000000000e+00
1.000000000000000000e+00
1.000000000000000000e+00
1.000000000000000000e+00
7.462019324302673340e-01
8.255085349082946777e-01
1.000000000000000000e+00
9.811608195304870605e-01
6.898539066314697266e-01
9.990637898445129395e-01
8.785268068313598633e-01
1.000000000000000000e+00
9.990214109420776367e-01
1.000000000000000000e+00
1.000000000000000000e+00
6.744525432586669922e-01
9.999207258224487305e-01
8.833126425743103027e-01
6.877105236053466797e-01
7.269760370254516602e-01
8.251677155494689941e-01
1.000000000000000000e+00
7.821022868156433105e-01
1.000000000000000000e+00
6.757764816284179688e-01
6.541199088096618652e-01
1.000000000000000000e+00
7.641426324844360352e-01
7.851041555404663086e-01
8.138905167579650879e-01
7.952046394348144531e-01
7.473750114440917969e-01
1.000000000000000000e+00
1.000000000000000000e+00
1.000000000000000000e+00
8.408951163291931152e-01
1.000000000000000000e+00
8.221659064292907715e-01
1.000000000000000000e+00
8.578077554702758789e-01
9.426478743553161621e-01
1.000000000000000000e+00
8.430343270301818848e-01
1.000000000000000000e+00
9.997696876525878906e-01
1.000000000000000000e+00
6.620841622352600098e-01
8.081125020980834961e-01
6.825191974639892578e-01
1.000000000000000000e+00
1.000000000000000000e+00
1.000000000000000000e+00
1.000000000000000000e+00
6.869683265686035156e-01
7.177814841270446777e-01
9.181140065193176270e-01
1.000000000000000000e+00
8.394315838813781738e-01
7.956512570381164551e-01
6.571894884109497070e-01
6.562732458114624023e-01
9.932537078857421875e-01
1.000000000000000000e+00
9.054491519927978516e-01
9.080896377563476562e-01
6.892418861389160156e-01
8.603882789611816406e-01
6.744787693023681641e-01
1.000000000000000000e+00
9.288464188575744629e-01
6.400245428085327148e-01
8.955390453338623047e-01
8.852675557136535645e-01
1.000000000000000000e+00
1.000000000000000000e+00
9.617857933044433594e-01
9.998854994773864746e-01
1.000000000000000000e+00
7.297377586364746094e-01
8.324543237686157227e-01
8.742409944534301758e-01
9.999016523361206055e-01
1.000000000000000000e+00
9.618186354637145996e-01
1.000000000000000000e+00
7.602784633636474609e-01
7.105870842933654785e-01
7.604967355728149414e-01
9.738346338272094727e-01
6.914873123168945312e-01
6.550357341766357422e-01
7.646047472953796387e-01
1.000000000000000000e+00
7.375928163528442383e-01
7.894778847694396973e-01
8.943068385124206543e-01
7.824432849884033203e-01
7.942666411399841309e-01
8.514631390571594238e-01
7.518606781959533691e-01
7.336689829826354980e-01
6.789815425872802734e-01
1.000000000000000000e+00
7.369596958160400391e-01
8.846317529678344727e-01
1.000000000000000000e+00
8.097712993621826172e-01
1.000000000000000000e+00
8.367053866386413574e-01
1.000000000000000000e+00
9.977416396141052246e-01
8.119724392890930176e-01
8.421484231948852539e-01
7.408202886581420898e-01
9.064713716506958008e-01
6.992265582084655762e-01
7.924675941467285156e-01
1.000000000000000000e+00
7.860532999038696289e-01
1.000000000000000000e+00
7.974798083305358887e-01
1.000000000000000000e+00
6.419258713722229004e-01
7.580624222755432129e-01
1.000000000000000000e+00
1.000000000000000000e+00
9.896401166915893555e-01
9.536820054054260254e-01
1.000000000000000000e+00
8.839995861053466797e-01
1.000000000000000000e+00
8.987898826599121094e-01
8.073142170906066895e-01
8.492267727851867676e-01
8.365327119827270508e-01
1.000000000000000000e+00
1.000000000000000000e+00
1.000000000000000000e+00
9.999689459800720215e-01
1.000000000000000000e+00
9.999874234199523926e-01
9.169717431068420410e-01
6.832423210144042969e-01
9.460992813110351562e-01
9.973920583724975586e-01
9.020366668701171875e-01
8.212749958038330078e-01
9.999213814735412598e-01
6.538718938827514648e-01
8.540179133415222168e-01
1.000000000000000000e+00
7.217150926589965820e-01
6.734866499900817871e-01
1.000000000000000000e+00
1.000000000000000000e+00
7.291501760482788086e-01
1.000000000000000000e+00
7.433874607086181641e-01
8.906899094581604004e-01
8.037981986999511719e-01
7.498257160186767578e-01
1.000000000000000000e+00
7.614250183105468750e-01
1.000000000000000000e+00
8.575556278228759766e-01
7.128468751907348633e-01
7.623137831687927246e-01
1.000000000000000000e+00
7.538952231407165527e-01
1.000000000000000000e+00
7.976230978965759277e-01
9.557376503944396973e-01
8.712430596351623535e-01
7.140028476715087891e-01
7.234612703323364258e-01
9.914664626121520996e-01
1.000000000000000000e+00
1.000000000000000000e+00
7.324078679084777832e-01
8.543649911880493164e-01
9.983355998992919922e-01
8.377970457077026367e-01
1.000000000000000000e+00
6.891266107559204102e-01
7.067594528198242188e-01
7.242065668106079102e-01
1.000000000000000000e+00
6.924064159393310547e-01
9.136948585510253906e-01
7.831712961196899414e-01
9.998899698257446289e-01
1.000000000000000000e+00
8.140076398849487305e-01
7.818698287010192871e-01
1.000000000000000000e+00
7.443155646324157715e-01
7.073967456817626953e-01
1.000000000000000000e+00
9.989546537399291992e-01
8.110421895980834961e-01
7.070187330245971680e-01
8.671233654022216797e-01
7.790746092796325684e-01
6.674870252609252930e-01
7.846843004226684570e-01
1.000000000000000000e+00
9.994828104972839355e-01
9.997335076332092285e-01
6.179800629615783691e-01
8.037625551223754883e-01
9.019089341163635254e-01
8.617236614227294922e-01
6.398903131484985352e-01
7.756209373474121094e-01
7.440055608749389648e-01
8.538515567779541016e-01
1.000000000000000000e+00
6.847968101501464844e-01
9.400454163551330566e-01
7.492817640304565430e-01
8.136432170867919922e-01
9.350272417068481445e-01
1.000000000000000000e+00
7.432421445846557617e-01
8.385627865791320801e-01
7.985349893569946289e-01
8.033893108367919922e-01
6.942393183708190918e-01
9.991061091423034668e-01
1.000000000000000000e+00
6.987295150756835938e-01
9.456462264060974121e-01
9.006631374359130859e-01
8.096174001693725586e-01
8.293539285659790039e-01
6.464835405349731445e-01
6.449800729751586914e-01
8.344097137451171875e-01
6.567246913909912109e-01
7.537595033645629883e-01
8.478419780731201172e-01
1.000000000000000000e+00
1.000000000000000000e+00
6.176727414131164551e-01
7.077113389968872070e-01
6.241656541824340820e-01
6.779646873474121094e-01
9.999763965606689453e-01
1.000000000000000000e+00
8.278364539146423340e-01
6.596415638923645020e-01
6.508547067642211914e-01
1.000000000000000000e+00
8.155306577682495117e-01
9.999973177909851074e-01
7.170816659927368164e-01
7.583497762680053711e-01
7.825258970260620117e-01
7.021399140357971191e-01
1.000000000000000000e+00
7.958552241325378418e-01
7.464734911918640137e-01
9.999869465827941895e-01
1.000000000000000000e+00
7.517294287681579590e-01
7.791184186935424805e-01
8.385065197944641113e-01
7.686398625373840332e-01
9.997334480285644531e-01
7.978931665420532227e-01
1.000000000000000000e+00
1.000000000000000000e+00
8.198779821395874023e-01
1.000000000000000000e+00
8.034979104995727539e-01
1.000000000000000000e+00
1.000000000000000000e+00
6.653383374214172363e-01
8.696180582046508789e-01
6.978939771652221680e-01
8.804957866668701172e-01
8.079133033752441406e-01
6.797587871551513672e-01
9.926975369453430176e-01
7.914357185363769531e-01
7.999025583267211914e-01
8.494969010353088379e-01
7.997529506683349609e-01
8.669058084487915039e-01
6.194310784339904785e-01
6.978046894073486328e-01
1.000000000000000000e+00
1.000000000000000000e+00
1.000000000000000000e+00
1.000000000000000000e+00
8.150525093078613281e-01
1.000000000000000000e+00
9.998468160629272461e-01
1.000000000000000000e+00
1.000000000000000000e+00
9.994633793830871582e-01
1.000000000000000000e+00
1.000000000000000000e+00
6.265698075294494629e-01
1.000000000000000000e+00
9.999741911888122559e-01
1.000000000000000000e+00
7.385704517364501953e-01
7.502657771110534668e-01
7.488568425178527832e-01
1.000000000000000000e+00
9.359030127525329590e-01
7.780623435974121094e-01
9.998788833618164062e-01
8.809738159179687500e-01
9.279922842979431152e-01
1.000000000000000000e+00
8.233720660209655762e-01
8.386377692222595215e-01
1.000000000000000000e+00
9.995037317276000977e-01
6.612855195999145508e-01
8.216606378555297852e-01
1.000000000000000000e+00
9.145781993865966797e-01
9.999794363975524902e-01
7.630618810653686523e-01
7.554769515991210938e-01
9.948430657386779785e-01
8.714494705200195312e-01
6.323372125625610352e-01
6.793855428695678711e-01
9.999400377273559570e-01
7.543788552284240723e-01
6.643689870834350586e-01
7.906513214111328125e-01
8.669389486312866211e-01
9.744405150413513184e-01
1.000000000000000000e+00
6.668213605880737305e-01
7.663071751594543457e-01
9.998131394386291504e-01
7.265957593917846680e-01
8.384573459625244141e-01
7.760667800903320312e-01
9.996135830879211426e-01
6.972804069519042969e-01
7.262203693389892578e-01
6.179831624031066895e-01
9.105553627014160156e-01
1.000000000000000000e+00
6.405618190765380859e-01
9.673418998718261719e-01
9.984009265899658203e-01
9.546306729316711426e-01
8.852277994155883789e-01
7.718915343284606934e-01
9.199679493904113770e-01
9.922986626625061035e-01
9.088435173034667969e-01
8.668229579925537109e-01
8.495109081268310547e-01
1.000000000000000000e+00
1.000000000000000000e+00
8.476693034172058105e-01
9.999823570251464844e-01
8.026538491249084473e-01
1.000000000000000000e+00
7.488633990287780762e-01
8.783692717552185059e-01
1.000000000000000000e+00
7.197527885437011719e-01
7.442750930786132812e-01
8.595127463340759277e-01
9.953730106353759766e-01
1.000000000000000000e+00
8.062891960144042969e-01
6.163697242736816406e-01
6.478074193000793457e-01
6.876335144042968750e-01
8.475667238235473633e-01
9.376053810119628906e-01
6.787531971931457520e-01
7.897443771362304688e-01
1.000000000000000000e+00
9.990210533142089844e-01
1.000000000000000000e+00
7.249450683593750000e-01
8.162951469421386719e-01
9.159504771232604980e-01
6.532484292984008789e-01
8.679102659225463867e-01
1.000000000000000000e+00
1.000000000000000000e+00
8.776066303253173828e-01
6.449021100997924805e-01
9.980696439743041992e-01
7.646760344505310059e-01
7.353098392486572266e-01
7.320320606231689453e-01
8.608539700508117676e-01
8.878846168518066406e-01
7.209920883178710938e-01
1.000000000000000000e+00
1.000000000000000000e+00
9.173198938369750977e-01
7.528989315032958984e-01
8.454402089118957520e-01
1.000000000000000000e+00
1.000000000000000000e+00
7.827107906341552734e-01
8.055534362792968750e-01
8.895075321197509766e-01
7.750183939933776855e-01
7.644388675689697266e-01
9.994656443595886230e-01
7.108713388442993164e-01
8.374553918838500977e-01
9.012507200241088867e-01
1.000000000000000000e+00
1.000000000000000000e+00
8.614418506622314453e-01
8.152284026145935059e-01
7.711776494979858398e-01
7.391877174377441406e-01
7.346268892288208008e-01
1.000000000000000000e+00
1.000000000000000000e+00
6.807233095169067383e-01
1.000000000000000000e+00
1.000000000000000000e+00
8.439270257949829102e-01
8.049247264862060547e-01
6.973881125450134277e-01
1.000000000000000000e+00
7.312560081481933594e-01
7.136259078979492188e-01
1.000000000000000000e+00
1.000000000000000000e+00
1.000000000000000000e+00
1.000000000000000000e+00
8.246843814849853516e-01
7.689155936241149902e-01
7.320622205734252930e-01
7.792128324508666992e-01
6.801513433456420898e-01
7.486691474914550781e-01
8.982745409011840820e-01
9.943189620971679688e-01
8.532836437225341797e-01
8.699942827224731445e-01
6.995344161987304688e-01
7.107843160629272461e-01
8.634014129638671875e-01
7.330074906349182129e-01
7.474616765975952148e-01
1.000000000000000000e+00
1.000000000000000000e+00
7.850728034973144531e-01
8.889923095703125000e-01
9.831733703613281250e-01
9.991883635520935059e-01
9.996923804283142090e-01
8.390514850616455078e-01
7.636603713035583496e-01
9.141844511032104492e-01
1.000000000000000000e+00
6.315523386001586914e-01
1.000000000000000000e+00
1.000000000000000000e+00
8.396354913711547852e-01
8.604596257209777832e-01
7.188120484352111816e-01
8.263674974441528320e-01
1.000000000000000000e+00
9.411168694496154785e-01
7.594559192657470703e-01
1.000000000000000000e+00
1.000000000000000000e+00
7.925086021423339844e-01
8.076063394546508789e-01
1.000000000000000000e+00
9.159634113311767578e-01
1.000000000000000000e+00
8.468199968338012695e-01
8.407949209213256836e-01
1.000000000000000000e+00
6.475850343704223633e-01
6.588302850723266602e-01
7.119094133377075195e-01
9.216958284378051758e-01
9.866445660591125488e-01
9.291920661926269531e-01
7.387585639953613281e-01
9.999998807907104492e-01
6.701303720474243164e-01
8.330106735229492188e-01
1.000000000000000000e+00
1.000000000000000000e+00
1.000000000000000000e+00
1.000000000000000000e+00
8.145315051078796387e-01
1.000000000000000000e+00
1.000000000000000000e+00
8.471898436546325684e-01
8.493462800979614258e-01
1.000000000000000000e+00
9.997971653938293457e-01
6.354140043258666992e-01
7.450484037399291992e-01
6.593128442764282227e-01
1.000000000000000000e+00
8.125306963920593262e-01
1.000000000000000000e+00
7.754862904548645020e-01
1.000000000000000000e+00
7.998551130294799805e-01
7.229928970336914062e-01
9.989418983459472656e-01
8.104232549667358398e-01
6.834121346473693848e-01
9.995805025100708008e-01
8.305973410606384277e-01
8.437253832817077637e-01
7.775244712829589844e-01
7.500363588333129883e-01
9.658723473548889160e-01
7.130129933357238770e-01
7.383902668952941895e-01
7.301877737045288086e-01
9.800426959991455078e-01
6.492186784744262695e-01
1.000000000000000000e+00
1.000000000000000000e+00
9.999988675117492676e-01
6.866575479507446289e-01
6.594910025596618652e-01
9.970974922180175781e-01
7.510226964950561523e-01
1.000000000000000000e+00
1.000000000000000000e+00
8.226296901702880859e-01
9.998185038566589355e-01
9.301826357841491699e-01
8.607803583145141602e-01
9.144697785377502441e-01
1.000000000000000000e+00
8.061904907226562500e-01
9.189040064811706543e-01
7.649548649787902832e-01
1.000000000000000000e+00
6.205145120620727539e-01
9.291391968727111816e-01
7.947323322296142578e-01
9.979879260063171387e-01
1.000000000000000000e+00
1.000000000000000000e+00
6.458898782730102539e-01
7.048358321189880371e-01
9.936689734458923340e-01
8.535075187683105469e-01
7.498555183410644531e-01
8.072224259376525879e-01
6.001974344253540039e-01
7.522917389869689941e-01
1.000000000000000000e+00
1.000000000000000000e+00
8.872416615486145020e-01
1.000000000000000000e+00
6.526829600334167480e-01
9.998266100883483887e-01
8.262410163879394531e-01
7.687866091728210449e-01
6.367076635360717773e-01
6.734706163406372070e-01
1.000000000000000000e+00
7.193100452423095703e-01
7.261698246002197266e-01
1.000000000000000000e+00
6.071302890777587891e-01
9.076692461967468262e-01
1.000000000000000000e+00
8.919176459312438965e-01
8.812312483787536621e-01
8.449873924255371094e-01
6.322333812713623047e-01
6.916024088859558105e-01
7.414805889129638672e-01
1.000000000000000000e+00
1.000000000000000000e+00
9.524401426315307617e-01
8.994120359420776367e-01
7.094182968139648438e-01
1.000000000000000000e+00
7.451548576354980469e-01
8.583911061286926270e-01
6.860845088958740234e-01
8.792238831520080566e-01
5.925707221031188965e-01
9.540187120437622070e-01
7.439434528350830078e-01
8.828961253166198730e-01
7.331345081329345703e-01
1.000000000000000000e+00
9.997673034667968750e-01
7.305298447608947754e-01
9.350665807723999023e-01
7.605755925178527832e-01
9.995975494384765625e-01
6.682758331298828125e-01
9.243050813674926758e-01
8.803355693817138672e-01
7.694131731986999512e-01
8.388088941574096680e-01
9.978163838386535645e-01
7.374831438064575195e-01
9.997395277023315430e-01
1.000000000000000000e+00
1.000000000000000000e+00
6.954620480537414551e-01
1.000000000000000000e+00
1.000000000000000000e+00
1.000000000000000000e+00
9.997701048851013184e-01
1.000000000000000000e+00
8.105249404907226562e-01
9.313037395477294922e-01
7.772782444953918457e-01
7.792079448699951172e-01
6.679049730300903320e-01
7.871375083923339844e-01
7.915443181991577148e-01
7.628996372222900391e-01
1.000000000000000000e+00
6.640784740447998047e-01
1.000000000000000000e+00
1.000000000000000000e+00
1.000000000000000000e+00
7.190343141555786133e-01
7.473412752151489258e-01
7.254718542098999023e-01
8.767463564872741699e-01
6.883906126022338867e-01
8.623024821281433105e-01
1.000000000000000000e+00
9.999125003814697266e-01
7.408965826034545898e-01
9.996694326400756836e-01
1.000000000000000000e+00
6.742602586746215820e-01
8.011314272880554199e-01
1.000000000000000000e+00
9.887054562568664551e-01
7.990873456001281738e-01
1.000000000000000000e+00
1.000000000000000000e+00
1.000000000000000000e+00
1.000000000000000000e+00
8.311126232147216797e-01
7.988055944442749023e-01
8.425382971763610840e-01
1.000000000000000000e+00
1.000000000000000000e+00
7.217792868614196777e-01
9.984341263771057129e-01
7.167935967445373535e-01
7.302626371383666992e-01
8.003981113433837891e-01
9.294167160987854004e-01
1.000000000000000000e+00
8.755698204040527344e-01
6.949332952499389648e-01
7.004508376121520996e-01
7.529271245002746582e-01
1.000000000000000000e+00
8.239277601242065430e-01
9.517861008644104004e-01
7.834199666976928711e-01
8.676045536994934082e-01
6.389037370681762695e-01
7.893494367599487305e-01
6.286946535110473633e-01
7.096372842788696289e-01
9.992760419845581055e-01
1.000000000000000000e+00
6.953235864639282227e-01
7.584869265556335449e-01
7.308449745178222656e-01
6.440367698669433594e-01
1.000000000000000000e+00
8.356254100799560547e-01
6.819258928298950195e-01
1.000000000000000000e+00
1.000000000000000000e+00
6.949351429939270020e-01
1.000000000000000000e+00
9.998379349708557129e-01
8.279191851615905762e-01
7.340153455734252930e-01
6.668361425399780273e-01
1.000000000000000000e+00
7.374026775360107422e-01
9.997374415397644043e-01
1.000000000000000000e+00
7.862764596939086914e-01
7.066422700881958008e-01
7.492018342018127441e-01
1.000000000000000000e+00
9.990097880363464355e-01
7.704759836196899414e-01
7.498526573181152344e-01
9.992094039916992188e-01
7.812138199806213379e-01
7.031192779541015625e-01
7.590456008911132812e-01
1.000000000000000000e+00
7.242576479911804199e-01
9.054133296012878418e-01
8.738667368888854980e-01
9.998707175254821777e-01
8.222185969352722168e-01
7.662887573242187500e-01
1.000000000000000000e+00
1.000000000000000000e+00
7.910482287406921387e-01
7.644408345222473145e-01
7.081732749938964844e-01
7.710818052291870117e-01
1.000000000000000000e+00
7.143171429634094238e-01
9.942970871925354004e-01
8.267077803611755371e-01
7.513808012008666992e-01
1.000000000000000000e+00
9.999396800994873047e-01
7.858737707138061523e-01
9.998334646224975586e-01
1.000000000000000000e+00
7.797670960426330566e-01
9.962754845619201660e-01
7.622871994972229004e-01
1.000000000000000000e+00
9.997168183326721191e-01
1.000000000000000000e+00
8.859493136405944824e-01
1.000000000000000000e+00
1.000000000000000000e+00
1.000000000000000000e+00
1.000000000000000000e+00
1.000000000000000000e+00
9.133543968200683594e-01
8.299907445907592773e-01
7.073090076446533203e-01
7.010204195976257324e-01
8.612306714057922363e-01
9.997029900550842285e-01
9.376038908958435059e-01
9.777685999870300293e-01
9.241269826889038086e-01
8.580354452133178711e-01
7.235944271087646484e-01
7.631462216377258301e-01
1.000000000000000000e+00
1.000000000000000000e+00
8.200579285621643066e-01
8.479602336883544922e-01
9.998911023139953613e-01
8.467447757720947266e-01
8.600823283195495605e-01
9.073135256767272949e-01
1.000000000000000000e+00
9.940465688705444336e-01
8.850053548812866211e-01
8.792352676391601562e-01
9.995452761650085449e-01
9.995894432067871094e-01
8.468912243843078613e-01
9.979079961776733398e-01
9.544034600257873535e-01
9.970048069953918457e-01
1.000000000000000000e+00
7.730088829994201660e-01
7.627614736557006836e-01
7.612183094024658203e-01
7.488615512847900391e-01
9.993140101432800293e-01
9.984849095344543457e-01
8.043665885925292969e-01
6.169074177742004395e-01
8.791179060935974121e-01
7.308061718940734863e-01
6.974157691001892090e-01
6.497774124145507812e-01
1.000000000000000000e+00
7.373743653297424316e-01
7.342138290405273438e-01
8.119243383407592773e-01
7.154625654220581055e-01
6.133704781532287598e-01
9.287544488906860352e-01
7.170704007148742676e-01
6.319842338562011719e-01
7.549318075180053711e-01
6.863790750503540039e-01
1.000000000000000000e+00
9.999538660049438477e-01
9.995210170745849609e-01
6.803320646286010742e-01
8.037112951278686523e-01
1.000000000000000000e+00
9.995842576026916504e-01
1.000000000000000000e+00
1.000000000000000000e+00
7.319530248641967773e-01
1.000000000000000000e+00
6.783641576766967773e-01
7.071065902709960938e-01
8.801965713500976562e-01
8.089102506637573242e-01
8.778215646743774414e-01
8.740323781967163086e-01
8.571080565452575684e-01
8.294925689697265625e-01
1.000000000000000000e+00
8.225523233413696289e-01
6.435602903366088867e-01
1.000000000000000000e+00
7.209997177124023438e-01
9.357604980468750000e-01
6.702303886413574219e-01
6.782411336898803711e-01
1.000000000000000000e+00
7.615079879760742188e-01
7.656399011611938477e-01
1.000000000000000000e+00
1.000000000000000000e+00
9.393777847290039062e-01
1.000000000000000000e+00
1.000000000000000000e+00
6.314574480056762695e-01
6.450626850128173828e-01
7.558954954147338867e-01
8.971155285835266113e-01
9.993720650672912598e-01
7.419056296348571777e-01
8.779228925704956055e-01
1.000000000000000000e+00
1.000000000000000000e+00
6.520076990127563477e-01
1.000000000000000000e+00
7.106148004531860352e-01
1.000000000000000000e+00
6.693961620330810547e-01
8.762797117233276367e-01
1.000000000000000000e+00
1.000000000000000000e+00
8.129016757011413574e-01
7.838626503944396973e-01
7.058393955230712891e-01
5.924930572509765625e-01
8.098644018173217773e-01
1.000000000000000000e+00
1.000000000000000000e+00
7.476865053176879883e-01
9.992752075195312500e-01
9.296173453330993652e-01
7.647069692611694336e-01
7.426933050155639648e-01
1.000000000000000000e+00
8.086164593696594238e-01
7.912654280662536621e-01
7.578610777854919434e-01
9.980552792549133301e-01
9.745798110961914062e-01
6.694384813308715820e-01
9.085844755172729492e-01
9.999557137489318848e-01
1.000000000000000000e+00
6.828308105468750000e-01
8.022098541259765625e-01
9.937654137611389160e-01
9.313830137252807617e-01
1.000000000000000000e+00
6.882327795028686523e-01
7.574448585510253906e-01
8.254609704017639160e-01
8.057958483695983887e-01
7.593031525611877441e-01
6.946286559104919434e-01
8.876236677169799805e-01
6.794984340667724609e-01
7.232260704040527344e-01
1.000000000000000000e+00
8.173876404762268066e-01
9.993351697921752930e-01
9.998312592506408691e-01
9.996982216835021973e-01
1.000000000000000000e+00
1.000000000000000000e+00
7.752724885940551758e-01
7.462430596351623535e-01
9.003220796585083008e-01
8.982816338539123535e-01
1.000000000000000000e+00
7.629410624504089355e-01
8.846549987792968750e-01
9.769223332405090332e-01
8.156387805938720703e-01
8.415987491607666016e-01
6.808594465255737305e-01
7.537396550178527832e-01
9.999582171440124512e-01
8.155885934829711914e-01
9.999999403953552246e-01
7.537455558776855469e-01
7.468636035919189453e-01
9.995008111000061035e-01
1.000000000000000000e+00
8.968049287796020508e-01
8.444095253944396973e-01
8.160248994827270508e-01
8.107422590255737305e-01
9.055435657501220703e-01
1.000000000000000000e+00
9.189184308052062988e-01
1.000000000000000000e+00
1.000000000000000000e+00
1.000000000000000000e+00
1.000000000000000000e+00
6.860299706459045410e-01
9.772895574569702148e-01
8.514190316200256348e-01
7.928872704505920410e-01
6.928694248199462891e-01
1.000000000000000000e+00
7.608978152275085449e-01
8.927119970321655273e-01
7.593982219696044922e-01
6.663561463356018066e-01
8.836465477943420410e-01
1.000000000000000000e+00
8.522709608078002930e-01
8.220524787902832031e-01
7.699737548828125000e-01
1.000000000000000000e+00
7.599384784698486328e-01
7.475062608718872070e-01
7.338150739669799805e-01
9.998325109481811523e-01
1.000000000000000000e+00
9.050995707511901855e-01
7.754390239715576172e-01
1.000000000000000000e+00
1.000000000000000000e+00
9.999294877052307129e-01
7.374747991561889648e-01
6.285035610198974609e-01
7.736581563949584961e-01
9.987885951995849609e-01
1.000000000000000000e+00
7.948767542839050293e-01
1.000000000000000000e+00
1.000000000000000000e+00
1.000000000000000000e+00
9.996985197067260742e-01
9.993839263916015625e-01
1.000000000000000000e+00
9.199002981185913086e-01
1.000000000000000000e+00
9.999547004699707031e-01
6.183349490165710449e-01
9.999676346778869629e-01
6.588793992996215820e-01
9.899255633354187012e-01
1.000000000000000000e+00
7.643178701400756836e-01
1.000000000000000000e+00
6.601911783218383789e-01
1.000000000000000000e+00
6.656188964843750000e-01
9.999975562095642090e-01
1.000000000000000000e+00
9.254391789436340332e-01
7.805673480033874512e-01
6.590204238891601562e-01
8.023274540901184082e-01
1.000000000000000000e+00
7.376821041107177734e-01
1.000000000000000000e+00
7.598145604133605957e-01
9.999366402626037598e-01
9.123680591583251953e-01
1.000000000000000000e+00
1.000000000000000000e+00
8.354655504226684570e-01
1.000000000000000000e+00
8.626735806465148926e-01
7.023799419403076172e-01
9.727917909622192383e-01
8.318897485733032227e-01
7.901962995529174805e-01
6.376785039901733398e-01
8.301939964294433594e-01
1.000000000000000000e+00
7.112329602241516113e-01
7.720630168914794922e-01
7.960254549980163574e-01
1.000000000000000000e+00
9.778316020965576172e-01
1.000000000000000000e+00
1.000000000000000000e+00
7.204170227050781250e-01
1.000000000000000000e+00
1.000000000000000000e+00
7.151353955268859863e-01
6.442115902900695801e-01
1.000000000000000000e+00
1.000000000000000000e+00
7.715607881546020508e-01
1.000000000000000000e+00
7.099263072013854980e-01
6.791427731513977051e-01
6.929566860198974609e-01
1.000000000000000000e+00
7.153705954551696777e-01
1.000000000000000000e+00
9.994601011276245117e-01
9.724478125572204590e-01
9.925460815429687500e-01
9.366182088851928711e-01
1.000000000000000000e+00
7.418283224105834961e-01
1.000000000000000000e+00
8.004424571990966797e-01
7.449830770492553711e-01
1.000000000000000000e+00
6.617835760116577148e-01
7.972352504730224609e-01
7.139616608619689941e-01
8.433763980865478516e-01
7.500537037849426270e-01
1.000000000000000000e+00
9.405575394630432129e-01
8.587902784347534180e-01
8.954544067382812500e-01
7.157530784606933594e-01
1.000000000000000000e+00
6.474062204360961914e-01
7.292274236679077148e-01
9.869735836982727051e-01
8.856346607208251953e-01
8.037650585174560547e-01
9.999994635581970215e-01
8.148980736732482910e-01
6.248221397399902344e-01
9.999980330467224121e-01
9.998532533645629883e-01
8.165858983993530273e-01
1.000000000000000000e+00
6.709088087081909180e-01
1.000000000000000000e+00
1.000000000000000000e+00
1.000000000000000000e+00
7.274696826934814453e-01
8.530325889587402344e-01
9.999612569808959961e-01
8.214983344078063965e-01
1.000000000000000000e+00
9.996451735496520996e-01
8.138197660446166992e-01
9.989577531814575195e-01
7.944743633270263672e-01
8.027976751327514648e-01
1.000000000000000000e+00
8.407901525497436523e-01
8.070777654647827148e-01
7.821017503738403320e-01
8.597432374954223633e-01
1.000000000000000000e+00
7.726230621337890625e-01
8.331461548805236816e-01
7.770187854766845703e-01
9.984416961669921875e-01
8.380243778228759766e-01
9.115170240402221680e-01
1.000000000000000000e+00
9.999517798423767090e-01
1.000000000000000000e+00
1.000000000000000000e+00
9.979779720306396484e-01
6.374507546424865723e-01
8.530993461608886719e-01
8.138512372970581055e-01
1.000000000000000000e+00
9.311421513557434082e-01
7.517955303192138672e-01
7.216694355010986328e-01
6.816710233688354492e-01
9.999635815620422363e-01
9.028589129447937012e-01
8.006336092948913574e-01
1.000000000000000000e+00
9.134383797645568848e-01
1.000000000000000000e+00
7.745808362960815430e-01
7.320219278335571289e-01
7.576696276664733887e-01
1.000000000000000000e+00
9.997919797897338867e-01
7.791033983230590820e-01
6.430221796035766602e-01
7.691782712936401367e-01
1.000000000000000000e+00
8.626565337181091309e-01
1.000000000000000000e+00
1.000000000000000000e+00
9.129672050476074219e-01
7.263268232345581055e-01
1.000000000000000000e+00
7.490350008010864258e-01
6.845355629920959473e-01
7.943912744522094727e-01
8.703680038452148438e-01
7.457317113876342773e-01
8.268941640853881836e-01
6.567243933677673340e-01
9.999959468841552734e-01
8.997400999069213867e-01
7.872896194458007812e-01
9.995306134223937988e-01
6.218369007110595703e-01
7.016473412513732910e-01
7.946832180023193359e-01
1.000000000000000000e+00
9.375118613243103027e-01
1.000000000000000000e+00
7.893279790878295898e-01
1.000000000000000000e+00
1.000000000000000000e+00
7.883650064468383789e-01
1.000000000000000000e+00
8.744387626647949219e-01
7.639966011047363281e-01
1.000000000000000000e+00
7.427651882171630859e-01
6.696420907974243164e-01
5.999713540077209473e-01
1.000000000000000000e+00
8.869705200195312500e-01
1.000000000000000000e+00
7.976034283638000488e-01
1.000000000000000000e+00
9.945750832557678223e-01
9.995924830436706543e-01
8.694767951965332031e-01
7.049221992492675781e-01
9.269486665725708008e-01
1.000000000000000000e+00
8.324607610702514648e-01
1.000000000000000000e+00
1.000000000000000000e+00
6.437530517578125000e-01
9.972521662712097168e-01
7.151945829391479492e-01
7.258073091506958008e-01
1.000000000000000000e+00
1.000000000000000000e+00
1.000000000000000000e+00
8.059250712394714355e-01
8.824160695075988770e-01
8.123649954795837402e-01
1.000000000000000000e+00
1.000000000000000000e+00
1.000000000000000000e+00
9.999381303787231445e-01
7.733249664306640625e-01
8.060730099678039551e-01
9.056466221809387207e-01
1.000000000000000000e+00
1.000000000000000000e+00
7.310920953750610352e-01
8.935074210166931152e-01
8.804118037223815918e-01
9.984890818595886230e-01
9.029594659805297852e-01
8.299022316932678223e-01
7.569021582603454590e-01
7.049156427383422852e-01
8.214375972747802734e-01
8.149096965789794922e-01
6.832322478294372559e-01
1.000000000000000000e+00
7.208131551742553711e-01
8.737331628799438477e-01
8.333693742752075195e-01
8.630214929580688477e-01
8.205864429473876953e-01
9.992578625679016113e-01
8.620547652244567871e-01
9.710584878921508789e-01
8.364424705505371094e-01
8.156091570854187012e-01
9.945345520973205566e-01
7.067334651947021484e-01
1.000000000000000000e+00
1.000000000000000000e+00
6.559671163558959961e-01
1.000000000000000000e+00
9.377902150154113770e-01
1.000000000000000000e+00
6.888350248336791992e-01
9.041184782981872559e-01
8.639560937881469727e-01
1.000000000000000000e+00
7.673098444938659668e-01
1.000000000000000000e+00
1.000000000000000000e+00
8.187931180000305176e-01
7.394337654113769531e-01
7.700121402740478516e-01
6.449618935585021973e-01
8.412199616432189941e-01
8.304221630096435547e-01
7.298318147659301758e-01
8.603194952011108398e-01
1.000000000000000000e+00
7.576871514320373535e-01
9.993026256561279297e-01
8.307564854621887207e-01
6.321735382080078125e-01
8.401596546173095703e-01
6.508010625839233398e-01
8.404641747474670410e-01
7.370069026947021484e-01
1.000000000000000000e+00
1.000000000000000000e+00
8.173694610595703125e-01
1.000000000000000000e+00
6.793928742408752441e-01
9.264580011367797852e-01
1.000000000000000000e+00
6.409828662872314453e-01
8.579047918319702148e-01
1.000000000000000000e+00
7.263065576553344727e-01
6.798461675643920898e-01
1.000000000000000000e+00
7.159562706947326660e-01
8.962693810462951660e-01
1.000000000000000000e+00
8.585880398750305176e-01
1.000000000000000000e+00
8.333696126937866211e-01
1.000000000000000000e+00
7.577240467071533203e-01
1.000000000000000000e+00
6.663631200790405273e-01
7.345530986785888672e-01
1.000000000000000000e+00
7.789890170097351074e-01
6.947517395019531250e-01
5.765073299407958984e-01
1.000000000000000000e+00
6.465072631835937500e-01
9.999370574951171875e-01
1.000000000000000000e+00
8.753086328506469727e-01
9.528054594993591309e-01
1.000000000000000000e+00
8.318278789520263672e-01
1.000000000000000000e+00
6.894165873527526855e-01
1.000000000000000000e+00
8.053436279296875000e-01
9.995263814926147461e-01
1.000000000000000000e+00
1.000000000000000000e+00
8.018096089363098145e-01
9.766576886177062988e-01
6.942057609558105469e-01
1.000000000000000000e+00
7.985565662384033203e-01
9.999734759330749512e-01
7.697353363037109375e-01
1.000000000000000000e+00
8.721850514411926270e-01
7.631684541702270508e-01
1.000000000000000000e+00
8.326092958450317383e-01
1.000000000000000000e+00
1.000000000000000000e+00
1.000000000000000000e+00
9.998846054077148438e-01
7.119954824447631836e-01
7.964814901351928711e-01
8.722640275955200195e-01
9.769546389579772949e-01
7.441736459732055664e-01
1.000000000000000000e+00
9.881363511085510254e-01
1.000000000000000000e+00
8.256052732467651367e-01
8.660246133804321289e-01
8.307705521583557129e-01
1.000000000000000000e+00
6.257792711257934570e-01
7.753422856330871582e-01
9.488974213600158691e-01
1.000000000000000000e+00
9.224932193756103516e-01
7.511684298515319824e-01
1.000000000000000000e+00
9.999670386314392090e-01
8.035727143287658691e-01
7.040617465972900391e-01
1.000000000000000000e+00
1.000000000000000000e+00
9.724702239036560059e-01
6.680054664611816406e-01
8.682662248611450195e-01
7.872346639633178711e-01
6.916296482086181641e-01
1.000000000000000000e+00
1.000000000000000000e+00
9.993798732757568359e-01
7.018104195594787598e-01
9.997504949569702148e-01
9.391310214996337891e-01
1.000000000000000000e+00
7.545008659362792969e-01
8.301926851272583008e-01
1.000000000000000000e+00
9.230567216873168945e-01
1.000000000000000000e+00
7.336742281913757324e-01
9.156933426856994629e-01
1.000000000000000000e+00
8.196839690208435059e-01
7.026325464248657227e-01
9.977833032608032227e-01
9.999750256538391113e-01
1.000000000000000000e+00
7.609871625900268555e-01
9.999083280563354492e-01
7.589796781539916992e-01
7.146496772766113281e-01
7.933480739593505859e-01
8.596744537353515625e-01
8.247003555297851562e-01
1.000000000000000000e+00
1.000000000000000000e+00
9.993275403976440430e-01
8.984851241111755371e-01
9.984408020973205566e-01
9.999737739562988281e-01
1.000000000000000000e+00
9.569733142852783203e-01
6.444368362426757812e-01
8.693122863769531250e-01
6.337547302246093750e-01
8.490484356880187988e-01
6.547055840492248535e-01
8.580610156059265137e-01
9.898071289062500000e-01
1.000000000000000000e+00
8.324216604232788086e-01
7.798393964767456055e-01
9.985925555229187012e-01
8.560800552368164062e-01
7.381567358970642090e-01
1.000000000000000000e+00
9.989637732505798340e-01
6.156095266342163086e-01
8.206429481506347656e-01
8.038958311080932617e-01
8.037455677986145020e-01
8.746455907821655273e-01
1.000000000000000000e+00
1.000000000000000000e+00
6.975024938583374023e-01
8.355296850204467773e-01
8.042873740196228027e-01
8.702393770217895508e-01
7.267909049987792969e-01
7.932430505752563477e-01
1.000000000000000000e+00
8.596389889717102051e-01
7.700061202049255371e-01
9.998108744621276855e-01
6.204565763473510742e-01
7.981450557708740234e-01
8.141170144081115723e-01
7.683760523796081543e-01
1.000000000000000000e+00
7.884947657585144043e-01
9.987127184867858887e-01
7.882463335990905762e-01
1.000000000000000000e+00
7.580658793449401855e-01
1.000000000000000000e+00
6.776091456413269043e-01
7.531459927558898926e-01
6.548135280609130859e-01
8.023575544357299805e-01
7.850871086120605469e-01
7.031010389328002930e-01
1.000000000000000000e+00
8.243332505226135254e-01
7.528645992279052734e-01
1.000000000000000000e+00
1.000000000000000000e+00
7.660536766052246094e-01
1.000000000000000000e+00
8.652423024177551270e-01
7.227880954742431641e-01
1.000000000000000000e+00
6.743828058242797852e-01
9.925011992454528809e-01
8.891562819480895996e-01
7.253138422966003418e-01
9.999999403953552246e-01
7.547487020492553711e-01
9.906526803970336914e-01
1.000000000000000000e+00
7.168898582458496094e-01
6.496543884277343750e-01
9.844275116920471191e-01
7.502094507217407227e-01
7.843516469001770020e-01
1.000000000000000000e+00
9.221471548080444336e-01
9.991798400878906250e-01
1.000000000000000000e+00
7.135248780250549316e-01
7.794215083122253418e-01
6.541184186935424805e-01
9.325668215751647949e-01
8.261498212814331055e-01
9.555501341819763184e-01
9.937337040901184082e-01
1.000000000000000000e+00
8.282716274261474609e-01
8.217145204544067383e-01
8.351222872734069824e-01
