9.859476089477539062e-01
9.997428059577941895e-01
9.947627186775207520e-01
9.485960602760314941e-01
9.749019145965576172e-01
9.923095107078552246e-01
9.988092184066772461e-01
1.000000000000000000e+00
1.000000000000000000e+00
9.975768923759460449e-01
9.891940951347351074e-01
9.999200105667114258e-01
9.697380065917968750e-01
9.636475443840026855e-01
9.809325933456420898e-01
9.200999736785888672e-01
9.857648611068725586e-01
9.850335121154785156e-01
1.000000000000000000e+00
1.000000000000000000e+00
9.419679045677185059e-01
9.430983662605285645e-01
1.000000000000000000e+00
9.619806408882141113e-01
9.396361112594604492e-01
9.779604077339172363e-01
9.713692665100097656e-01
9.707806706428527832e-01
9.517669677734375000e-01
9.816494584083557129e-01
1.000000000000000000e+00
9.809636473655700684e-01
9.488055109977722168e-01
9.376471638679504395e-01
9.150332808494567871e-01
9.949199557304382324e-01
9.791112542152404785e-01
1.000000000000000000e+00
1.000000000000000000e+00
1.000000000000000000e+00
1.000000000000000000e+00
9.891208410263061523e-01
9.852195978164672852e-01
9.898149371147155762e-01
9.885594248771667480e-01
8.198376297950744629e-01
8.786042928695678711e-01
1.000000000000000000e+00
9.988054037094116211e-01
1.000000000000000000e+00
9.958215355873107910e-01
1.000000000000000000e+00
9.554295539855957031e-01
1.000000000000000000e+00
9.807885885238647461e-01
1.000000000000000000e+00
1.000000000000000000e+00
1.000000000000000000e+00
9.633209705352783203e-01
1.000000000000000000e+00
9.973011016845703125e-01
9.223784804344177246e-01
9.850239157676696777e-01
9.993469119071960449e-01
9.954199790954589844e-01
1.000000000000000000e+00
9.369468688964843750e-01
1.000000000000000000e+00
9.990702271461486816e-01
1.000000000000000000e+00
1.000000000000000000e+00
1.000000000000000000e+00
9.545474648475646973e-01
9.931142330169677734e-01
9.748950600624084473e-01
9.469467401504516602e-01
9.406739473342895508e-01
9.684153199195861816e-01
8.756589889526367188e-01
9.856235980987548828e-01
9.991468191146850586e-01
8.912618756294250488e-01
9.529132843017578125e-01
9.868914484977722168e-01
9.985011219978332520e-01
1.000000000000000000e+00
9.073914885520935059e-01
9.799247384071350098e-01
8.874418735504150391e-01
8.238554000854492188e-01
9.442635178565979004e-01
9.277929067611694336e-01
9.568240046501159668e-01
9.680222272872924805e-01
9.618318080902099609e-01
9.931545853614807129e-01
9.364067316055297852e-01
8.780925273895263672e-01
9.567048549652099609e-01
9.988533854484558105e-01
9.513394236564636230e-01
9.841108322143554688e-01
9.578251838684082031e-01
8.667864203453063965e-01
8.927103281021118164e-01
8.794137835502624512e-01
1.000000000000000000e+00
9.442557692527770996e-01
9.491766095161437988e-01
8.314234018325805664e-01
9.269596338272094727e-01
8.949112296104431152e-01
1.000000000000000000e+00
1.000000000000000000e+00
8.193854093551635742e-01
9.483077526092529297e-01
1.000000000000000000e+00
8.728181719779968262e-01
9.336882829666137695e-01
1.000000000000000000e+00
8.192055225372314453e-01
1.000000000000000000e+00
9.393097162246704102e-01
9.938557147979736328e-01
8.642517328262329102e-01
9.362219572067260742e-01
1.000000000000000000e+00
1.000000000000000000e+00
8.935691118240356445e-01
8.756951093673706055e-01
8.529413342475891113e-01
9.595434069633483887e-01
1.000000000000000000e+00
8.241304159164428711e-01
1.000000000000000000e+00
8.491913080215454102e-01
8.664141893386840820e-01
9.345993995666503906e-01
9.969162940979003906e-01
8.055134415626525879e-01
9.350805282592773438e-01
8.709626793861389160e-01
1.000000000000000000e+00
9.252507686614990234e-01
1.000000000000000000e+00
8.860136866569519043e-01
1.000000000000000000e+00
8.281556963920593262e-01
8.341049551963806152e-01
8.942674994468688965e-01
1.000000000000000000e+00
8.756506443023681641e-01
8.241801261901855469e-01
9.318708181381225586e-01
9.799988865852355957e-01
1.000000000000000000e+00
7.916122078895568848e-01
8.797781467437744141e-01
7.666765451431274414e-01
1.000000000000000000e+00
8.537026047706604004e-01
8.270125985145568848e-01
7.857542037963867188e-01
9.221463203430175781e-01
7.713864445686340332e-01
1.000000000000000000e+00
9.346134662628173828e-01
1.000000000000000000e+00
8.690925836563110352e-01
7.428883314132690430e-01
1.000000000000000000e+00
1.000000000000000000e+00
1.000000000000000000e+00
8.704698085784912109e-01
8.980101346969604492e-01
8.164609670639038086e-01
7.931195497512817383e-01
8.978477120399475098e-01
1.000000000000000000e+00
9.983812570571899414e-01
9.998436570167541504e-01
9.306526184082031250e-01
9.484043717384338379e-01
1.000000000000000000e+00
9.082258939743041992e-01
8.550894260406494141e-01
8.426786065101623535e-01
7.493149042129516602e-01
1.000000000000000000e+00
7.317395806312561035e-01
1.000000000000000000e+00
1.000000000000000000e+00
8.601278066635131836e-01
9.445306062698364258e-01
1.000000000000000000e+00
7.917100787162780762e-01
8.258812427520751953e-01
9.825582504272460938e-01
1.000000000000000000e+00
7.504109740257263184e-01
9.340986013412475586e-01
1.000000000000000000e+00
8.765336275100708008e-01
7.503039240837097168e-01
1.000000000000000000e+00
1.000000000000000000e+00
8.299174904823303223e-01
9.999939203262329102e-01
9.426587224006652832e-01
9.516937732696533203e-01
9.058080315589904785e-01
1.000000000000000000e+00
1.000000000000000000e+00
1.000000000000000000e+00
9.624503254890441895e-01
9.996292591094970703e-01
8.987743854522705078e-01
8.826994895935058594e-01
9.665801525115966797e-01
7.545164227485656738e-01
1.000000000000000000e+00
7.802794575691223145e-01
7.737604379653930664e-01
9.965797662734985352e-01
7.546232938766479492e-01
9.660406708717346191e-01
1.000000000000000000e+00
8.403892517089843750e-01
8.857613205909729004e-01
8.290826082229614258e-01
7.645393610000610352e-01
8.202313184738159180e-01
9.992809295654296875e-01
1.000000000000000000e+00
7.840839624404907227e-01
8.434928655624389648e-01
8.264319896697998047e-01
6.770589947700500488e-01
9.245373010635375977e-01
9.933245778083801270e-01
8.766366839408874512e-01
8.646491169929504395e-01
8.591818213462829590e-01
8.685368299484252930e-01
9.998847842216491699e-01
8.140873908996582031e-01
8.568772077560424805e-01
9.401208162307739258e-01
1.000000000000000000e+00
8.239235877990722656e-01
9.304121136665344238e-01
1.000000000000000000e+00
1.000000000000000000e+00
1.000000000000000000e+00
9.455063343048095703e-01
9.945566058158874512e-01
1.000000000000000000e+00
8.251012563705444336e-01
1.000000000000000000e+00
6.976788043975830078e-01
7.575607299804687500e-01
1.000000000000000000e+00
7.889707088470458984e-01
7.898695468902587891e-01
1.000000000000000000e+00
8.006449341773986816e-01
7.953761816024780273e-01
1.000000000000000000e+00
8.183236122131347656e-01
8.287743330001831055e-01
8.614919185638427734e-01
8.193930387496948242e-01
1.000000000000000000e+00
8.917971253395080566e-01
9.925708770751953125e-01
9.911683797836303711e-01
8.759931325912475586e-01
1.000000000000000000e+00
8.364707231521606445e-01
1.000000000000000000e+00
9.988492727279663086e-01
1.000000000000000000e+00
8.214152455329895020e-01
1.000000000000000000e+00
7.545952796936035156e-01
1.000000000000000000e+00
8.965348601341247559e-01
1.000000000000000000e+00
8.135297298431396484e-01
9.573137760162353516e-01
1.000000000000000000e+00
8.338457942008972168e-01
7.848085165023803711e-01
8.064810037612915039e-01
9.166306853294372559e-01
1.000000000000000000e+00
9.984407424926757812e-01
7.224299907684326172e-01
9.394293427467346191e-01
8.265128731727600098e-01
7.538577318191528320e-01
9.063795804977416992e-01
7.838079333305358887e-01
9.986110925674438477e-01
1.000000000000000000e+00
9.390271902084350586e-01
1.000000000000000000e+00
1.000000000000000000e+00
1.000000000000000000e+00
7.874903082847595215e-01
9.421236515045166016e-01
9.280779957771301270e-01
8.789440393447875977e-01
7.901524305343627930e-01
7.739730477333068848e-01
9.819903373718261719e-01
8.351714611053466797e-01
8.355934023857116699e-01
8.615370988845825195e-01
9.995799660682678223e-01
7.390586137771606445e-01
1.000000000000000000e+00
9.650345444679260254e-01
1.000000000000000000e+00
7.838157415390014648e-01
7.580405473709106445e-01
8.434519767761230469e-01
8.902992010116577148e-01
1.000000000000000000e+00
9.107954502105712891e-01
1.000000000000000000e+00
1.000000000000000000e+00
1.000000000000000000e+00
9.172654747962951660e-01
1.000000000000000000e+00
8.850584030151367188e-01
9.359992742538452148e-01
8.924141526222229004e-01
8.823056817054748535e-01
1.000000000000000000e+00
8.818961381912231445e-01
8.034430146217346191e-01
8.737552165985107422e-01
8.781828880310058594e-01
8.571815490722656250e-01
7.927593588829040527e-01
7.725281715393066406e-01
1.000000000000000000e+00
1.000000000000000000e+00
6.776062846183776855e-01
8.353623151779174805e-01
9.470328688621520996e-01
8.912965059280395508e-01
7.734005451202392578e-01
7.700679302215576172e-01
8.643290996551513672e-01
1.000000000000000000e+00
6.993123292922973633e-01
9.409086704254150391e-01
8.517811894416809082e-01
9.607500433921813965e-01
9.201556444168090820e-01
8.535928726196289062e-01
7.464603185653686523e-01
8.314297199249267578e-01
9.996429681777954102e-01
9.359612464904785156e-01
8.719127178192138672e-01
1.000000000000000000e+00
9.810050725936889648e-01
1.000000000000000000e+00
7.115601897239685059e-01
9.383057951927185059e-01
7.719197869300842285e-01
7.891636490821838379e-01
7.676660418510437012e-01
8.651378154754638672e-01
9.984097480773925781e-01
8.684136271476745605e-01
8.414112329483032227e-01
7.924329638481140137e-01
1.000000000000000000e+00
7.657105922698974609e-01
7.804524898529052734e-01
1.000000000000000000e+00
9.986878037452697754e-01
8.965665102005004883e-01
7.469570040702819824e-01
7.731078267097473145e-01
7.209616899490356445e-01
8.979820013046264648e-01
7.920249700546264648e-01
8.208035230636596680e-01
7.823712825775146484e-01
1.000000000000000000e+00
8.740938305854797363e-01
8.076904416084289551e-01
8.818148970603942871e-01
9.851458072662353516e-01
8.885564804077148438e-01
1.000000000000000000e+00
7.297457456588745117e-01
8.727835416793823242e-01
1.000000000000000000e+00
1.000000000000000000e+00
8.596190214157104492e-01
1.000000000000000000e+00
7.682340145111083984e-01
9.389564990997314453e-01
7.634093761444091797e-01
8.404253125190734863e-01
9.320523142814636230e-01
9.548768997192382812e-01
9.985762834548950195e-01
8.013740777969360352e-01
1.000000000000000000e+00
9.035460948944091797e-01
8.135008215904235840e-01
8.703579902648925781e-01
9.144611954689025879e-01
9.922579526901245117e-01
7.986803650856018066e-01
8.675456047058105469e-01
8.090759515762329102e-01
1.000000000000000000e+00
1.000000000000000000e+00
7.895931005477905273e-01
1.000000000000000000e+00
7.857742905616760254e-01
7.700111269950866699e-01
9.032918810844421387e-01
9.993879795074462891e-01
8.278183937072753906e-01
7.767949700355529785e-01
9.736715555191040039e-01
9.023612737655639648e-01
8.301955461502075195e-01
9.140174388885498047e-01
1.000000000000000000e+00
1.000000000000000000e+00
9.299162030220031738e-01
9.998400211334228516e-01
8.261898159980773926e-01
9.988501667976379395e-01
8.534132838249206543e-01
1.000000000000000000e+00
9.667924642562866211e-01
7.544373273849487305e-01
9.301354885101318359e-01
9.983136653900146484e-01
9.891424179077148438e-01
7.981040477752685547e-01
9.765748977661132812e-01
1.000000000000000000e+00
1.000000000000000000e+00
9.816577434539794922e-01
7.445625066757202148e-01
9.484985470771789551e-01
9.547796845436096191e-01
9.372110366821289062e-01
8.546801805496215820e-01
9.588803052902221680e-01
8.998568654060363770e-01
9.451999068260192871e-01
1.000000000000000000e+00
1.000000000000000000e+00
8.232800960540771484e-01
8.013625144958496094e-01
8.210421204566955566e-01
7.595505118370056152e-01
1.000000000000000000e+00
1.000000000000000000e+00
7.965710163116455078e-01
9.985721111297607422e-01
8.108630776405334473e-01
7.641900181770324707e-01
1.000000000000000000e+00
7.298182249069213867e-01
1.000000000000000000e+00
7.880526185035705566e-01
9.144906997680664062e-01
6.663664579391479492e-01
9.046956896781921387e-01
8.097369074821472168e-01
6.991711854934692383e-01
7.923825979232788086e-01
7.969861030578613281e-01
1.000000000000000000e+00
7.416591048240661621e-01
7.191629409790039062e-01
1.000000000000000000e+00
9.972662329673767090e-01
9.278041720390319824e-01
6.854057908058166504e-01
8.305062651634216309e-01
7.372079491615295410e-01
6.791054010391235352e-01
9.862839579582214355e-01
7.358909845352172852e-01
9.999715089797973633e-01
7.823419570922851562e-01
6.720002889633178711e-01
1.000000000000000000e+00
9.977393746376037598e-01
9.949512481689453125e-01
9.977821111679077148e-01
7.810331583023071289e-01
9.993773698806762695e-01
1.000000000000000000e+00
9.432839751243591309e-01
7.403964996337890625e-01
7.979574203491210938e-01
9.994955062866210938e-01
9.736402034759521484e-01
8.115977048873901367e-01
7.957365512847900391e-01
7.957375645637512207e-01
1.000000000000000000e+00
8.828504681587219238e-01
7.636564970016479492e-01
9.282889962196350098e-01
1.000000000000000000e+00
8.826234936714172363e-01
9.700708389282226562e-01
1.000000000000000000e+00
8.706678152084350586e-01
8.798897266387939453e-01
7.934650778770446777e-01
1.000000000000000000e+00
9.012016057968139648e-01
1.000000000000000000e+00
7.710263729095458984e-01
7.180412411689758301e-01
8.792607188224792480e-01
1.000000000000000000e+00
9.462375044822692871e-01
1.000000000000000000e+00
1.000000000000000000e+00
8.014785051345825195e-01
8.342959284782409668e-01
7.645027041435241699e-01
9.427687525749206543e-01
1.000000000000000000e+00
9.123054742813110352e-01
9.998467564582824707e-01
1.000000000000000000e+00
7.785751819610595703e-01
9.851230382919311523e-01
8.321202397346496582e-01
1.000000000000000000e+00
7.075313329696655273e-01
7.716840505599975586e-01
9.987944960594177246e-01
9.990340471267700195e-01
6.796355247497558594e-01
1.000000000000000000e+00
1.000000000000000000e+00
7.059208154678344727e-01
8.462299704551696777e-01
9.994959235191345215e-01
7.067051529884338379e-01
8.809658288955688477e-01
1.000000000000000000e+00
7.390881776809692383e-01
8.561363220214843750e-01
7.494170069694519043e-01
8.227105140686035156e-01
8.228427171707153320e-01
7.828611731529235840e-01
8.009673357009887695e-01
1.000000000000000000e+00
1.000000000000000000e+00
7.928152680397033691e-01
7.466920614242553711e-01
1.000000000000000000e+00
1.000000000000000000e+00
8.412348031997680664e-01
9.250299930572509766e-01
1.000000000000000000e+00
7.854206562042236328e-01
8.623603582382202148e-01
1.000000000000000000e+00
7.990469932556152344e-01
8.124986290931701660e-01
8.189257383346557617e-01
8.384142518043518066e-01
1.000000000000000000e+00
7.362681031227111816e-01
7.313604354858398438e-01
1.000000000000000000e+00
6.875096559524536133e-01
7.585781812667846680e-01
8.458611965179443359e-01
8.454747200012207031e-01
8.497231602668762207e-01
7.705268859863281250e-01
8.878784775733947754e-01
7.238125205039978027e-01
8.046346902847290039e-01
7.059452533721923828e-01
1.000000000000000000e+00
1.000000000000000000e+00
9.999874234199523926e-01
9.999969005584716797e-01
7.687849998474121094e-01
8.883776068687438965e-01
6.770824193954467773e-01
7.031565904617309570e-01
9.890291094779968262e-01
7.027331590652465820e-01
7.991444468498229980e-01
1.000000000000000000e+00
6.957148313522338867e-01
8.683135509490966797e-01
1.000000000000000000e+00
1.000000000000000000e+00
7.245184183120727539e-01
8.631423711776733398e-01
9.853721857070922852e-01
8.140132427215576172e-01
8.558491468429565430e-01
1.000000000000000000e+00
9.083732366561889648e-01
1.000000000000000000e+00
7.858164310455322266e-01
9.983905553817749023e-01
7.865858674049377441e-01
9.994756579399108887e-01
7.892276048660278320e-01
9.053538441658020020e-01
8.489177227020263672e-01
1.000000000000000000e+00
9.024062156677246094e-01
8.730497360229492188e-01
7.236896157264709473e-01
1.000000000000000000e+00
7.816421389579772949e-01
9.642027020454406738e-01
1.000000000000000000e+00
8.534666299819946289e-01
9.046638011932373047e-01
6.916091442108154297e-01
1.000000000000000000e+00
7.948144078254699707e-01
7.559031248092651367e-01
9.240518808364868164e-01
1.000000000000000000e+00
7.637984752655029297e-01
1.000000000000000000e+00
9.988245368003845215e-01
1.000000000000000000e+00
9.991244673728942871e-01
8.720368742942810059e-01
8.384678363800048828e-01
9.157410264015197754e-01
7.963577508926391602e-01
7.253870368003845215e-01
9.155192971229553223e-01
9.948241114616394043e-01
9.874745607376098633e-01
8.917853832244873047e-01
9.984601140022277832e-01
1.000000000000000000e+00
1.000000000000000000e+00
6.803444623947143555e-01
8.537619709968566895e-01
8.841379880905151367e-01
7.666140794754028320e-01
1.000000000000000000e+00
8.192453980445861816e-01
9.974668025970458984e-01
1.000000000000000000e+00
8.345595002174377441e-01
9.997814297676086426e-01
7.919268012046813965e-01
1.000000000000000000e+00
8.025850057601928711e-01
7.311192154884338379e-01
9.999518990516662598e-01
1.000000000000000000e+00
7.563473582267761230e-01
8.285891413688659668e-01
8.199211955070495605e-01
7.255237698554992676e-01
1.000000000000000000e+00
7.852323055267333984e-01
7.369937896728515625e-01
9.460607767105102539e-01
1.000000000000000000e+00
1.000000000000000000e+00
9.991127848625183105e-01
7.600078582763671875e-01
8.484015464782714844e-01
7.925486564636230469e-01
8.726258277893066406e-01
1.000000000000000000e+00
8.875078558921813965e-01
8.239771127700805664e-01
1.000000000000000000e+00
8.334557414054870605e-01
1.000000000000000000e+00
7.950209975242614746e-01
8.476768136024475098e-01
8.043492436408996582e-01
9.794268608093261719e-01
7.170335054397583008e-01
1.000000000000000000e+00
1.000000000000000000e+00
9.819103479385375977e-01
7.394189238548278809e-01
1.000000000000000000e+00
8.185210227966308594e-01
1.000000000000000000e+00
7.314237356185913086e-01
8.566256761550903320e-01
7.969751358032226562e-01
1.000000000000000000e+00
7.405554056167602539e-01
7.168312072753906250e-01
9.999591112136840820e-01
1.000000000000000000e+00
7.817835807800292969e-01
9.993901848793029785e-01
1.000000000000000000e+00
1.000000000000000000e+00
7.702964544296264648e-01
8.903257846832275391e-01
7.568331956863403320e-01
7.101491689682006836e-01
1.000000000000000000e+00
7.346847653388977051e-01
7.955027818679809570e-01
7.784072160720825195e-01
8.309633731842041016e-01
6.957324147224426270e-01
7.114193439483642578e-01
8.469701409339904785e-01
7.456558942794799805e-01
7.688544392585754395e-01
7.577602863311767578e-01
7.683477401733398438e-01
9.113144278526306152e-01
1.000000000000000000e+00
9.984332919120788574e-01
9.978339076042175293e-01
8.108525276184082031e-01
8.235193490982055664e-01
9.417136907577514648e-01
1.000000000000000000e+00
7.502126693725585938e-01
6.825520992279052734e-01
7.783882617950439453e-01
9.448949694633483887e-01
8.610955476760864258e-01
7.117863893508911133e-01
1.000000000000000000e+00
8.455481529235839844e-01
1.000000000000000000e+00
8.287721872329711914e-01
7.513461709022521973e-01
9.999958872795104980e-01
9.999127388000488281e-01
1.000000000000000000e+00
8.029597401618957520e-01
9.996578693389892578e-01
8.537529706954956055e-01
1.000000000000000000e+00
8.661925196647644043e-01
8.768921494483947754e-01
7.833336591720581055e-01
1.000000000000000000e+00
6.548213958740234375e-01
9.580959081649780273e-01
9.998961091041564941e-01
1.000000000000000000e+00
1.000000000000000000e+00
7.769080400466918945e-01
9.538085460662841797e-01
7.866165637969970703e-01
8.662917613983154297e-01
9.049268364906311035e-01
8.196600079536437988e-01
9.994017481803894043e-01
1.000000000000000000e+00
8.855720162391662598e-01
8.642333149909973145e-01
9.997614026069641113e-01
1.000000000000000000e+00
1.000000000000000000e+00
9.738552570343017578e-01
9.988624453544616699e-01
8.474326133728027344e-01
9.128646254539489746e-01
1.000000000000000000e+00
1.000000000000000000e+00
8.167112469673156738e-01
1.000000000000000000e+00
8.935631513595581055e-01
8.527679443359375000e-01
7.638384103775024414e-01
9.379109740257263184e-01
1.000000000000000000e+00
9.995069503784179688e-01
8.142490386962890625e-01
1.000000000000000000e+00
9.143483042716979980e-01
1.000000000000000000e+00
1.000000000000000000e+00
8.082697987556457520e-01
7.551513910293579102e-01
9.229332208633422852e-01
7.989203333854675293e-01
8.528149127960205078e-01
7.243846654891967773e-01
9.999627470970153809e-01
1.000000000000000000e+00
7.708727717399597168e-01
6.789665222167968750e-01
8.735848665237426758e-01
1.000000000000000000e+00
9.157478213310241699e-01
8.555970788002014160e-01
6.663863658905029297e-01
1.000000000000000000e+00
8.677895665168762207e-01
9.179139733314514160e-01
7.723484039306640625e-01
1.000000000000000000e+00
9.088989496231079102e-01
9.969005584716796875e-01
1.000000000000000000e+00
8.278777599334716797e-01
8.042398095130920410e-01
7.607886791229248047e-01
7.554517984390258789e-01
9.925395250320434570e-01
9.911423325538635254e-01
1.000000000000000000e+00
6.803476810455322266e-01
8.467655777931213379e-01
9.997099041938781738e-01
8.647991418838500977e-01
9.939400553703308105e-01
7.432863712310791016e-01
7.332639694213867188e-01
1.000000000000000000e+00
7.908979058265686035e-01
9.068087339401245117e-01
9.652966856956481934e-01
7.712041139602661133e-01
9.786454439163208008e-01
6.956074833869934082e-01
6.730799078941345215e-01
7.150079011917114258e-01
1.000000000000000000e+00
1.000000000000000000e+00
8.115807771682739258e-01
9.402236938476562500e-01
9.998836517333984375e-01
8.497549891471862793e-01
9.020969867706298828e-01
1.000000000000000000e+00
8.906141519546508789e-01
1.000000000000000000e+00
9.927203655242919922e-01
9.983978867530822754e-01
9.989459514617919922e-01
9.995548129081726074e-01
8.686783313751220703e-01
8.007692098617553711e-01
8.126575350761413574e-01
8.779499530792236328e-01
8.863313794136047363e-01
1.000000000000000000e+00
1.000000000000000000e+00
9.956336617469787598e-01
8.600777387619018555e-01
9.012238383293151855e-01
9.991810321807861328e-01
7.319760322570800781e-01
8.890675902366638184e-01
7.966114878654479980e-01
8.543708324432373047e-01
1.000000000000000000e+00
8.904402256011962891e-01
6.645588874816894531e-01
8.082953095436096191e-01
9.698647856712341309e-01
1.000000000000000000e+00
9.881110787391662598e-01
9.379472136497497559e-01
1.000000000000000000e+00
1.000000000000000000e+00
8.856617212295532227e-01
7.977305650711059570e-01
7.892299294471740723e-01
7.244573235511779785e-01
8.520509600639343262e-01
9.048594236373901367e-01
9.726197123527526855e-01
9.958445429801940918e-01
9.999144077301025391e-01
6.981606483459472656e-01
9.654269218444824219e-01
1.000000000000000000e+00
1.000000000000000000e+00
1.000000000000000000e+00
1.000000000000000000e+00
8.193501830101013184e-01
7.705505490303039551e-01
9.060909748077392578e-01
7.388411164283752441e-01
8.807988762855529785e-01
7.696962952613830566e-01
8.178775310516357422e-01
8.984684348106384277e-01
7.292320728302001953e-01
1.000000000000000000e+00
8.206175565719604492e-01
8.155856728553771973e-01
9.695703387260437012e-01
1.000000000000000000e+00
7.737879753112792969e-01
9.574577212333679199e-01
1.000000000000000000e+00
8.263781070709228516e-01
8.198850154876708984e-01
9.999750256538391113e-01
7.590169906616210938e-01
9.999907612800598145e-01
7.536218166351318359e-01
9.997364282608032227e-01
8.781322240829467773e-01
9.186027050018310547e-01
1.000000000000000000e+00
7.426553964614868164e-01
8.688207268714904785e-01
9.379141926765441895e-01
7.005537748336791992e-01
9.741374850273132324e-01
8.706548213958740234e-01
8.396041393280029297e-01
8.041526079177856445e-01
1.000000000000000000e+00
7.871010899543762207e-01
1.000000000000000000e+00
8.155509829521179199e-01
8.225868344306945801e-01
9.999995231628417969e-01
8.024605512619018555e-01
7.074589133262634277e-01
1.000000000000000000e+00
9.431689977645874023e-01
1.000000000000000000e+00
7.843673825263977051e-01
1.000000000000000000e+00
7.276549339294433594e-01
1.000000000000000000e+00
7.740703821182250977e-01
9.349226951599121094e-01
7.239300012588500977e-01
1.000000000000000000e+00
7.732430696487426758e-01
9.227790236473083496e-01
8.006968498229980469e-01
9.920470118522644043e-01
7.716225385665893555e-01
8.509081602096557617e-01
7.905865907669067383e-01
9.386323094367980957e-01
1.000000000000000000e+00
6.922734379768371582e-01
7.047404646873474121e-01
7.854038476943969727e-01
9.124132990837097168e-01
1.000000000000000000e+00
8.042451143264770508e-01
1.000000000000000000e+00
8.595749735832214355e-01
1.000000000000000000e+00
8.547273874282836914e-01
1.000000000000000000e+00
7.851699590682983398e-01
9.997228980064392090e-01
7.744091749191284180e-01
8.565088510513305664e-01
8.341625332832336426e-01
1.000000000000000000e+00
1.000000000000000000e+00
7.588679194450378418e-01
7.907589673995971680e-01
1.000000000000000000e+00
7.837343811988830566e-01
8.643991947174072266e-01
7.804254293441772461e-01
7.815484404563903809e-01
8.004401922225952148e-01
1.000000000000000000e+00
8.154951930046081543e-01
7.723439931869506836e-01
6.854226589202880859e-01
8.999217152595520020e-01
1.000000000000000000e+00
9.460678100585937500e-01
7.408740520477294922e-01
7.563217878341674805e-01
7.911274433135986328e-01
1.000000000000000000e+00
1.000000000000000000e+00
9.998052716255187988e-01
7.200567722320556641e-01
7.855929136276245117e-01
7.796463370323181152e-01
7.445380687713623047e-01
7.154092788696289062e-01
9.103121757507324219e-01
8.095569014549255371e-01
8.351078033447265625e-01
9.047900438308715820e-01
1.000000000000000000e+00
7.346825599670410156e-01
7.573176026344299316e-01
1.000000000000000000e+00
1.000000000000000000e+00
1.000000000000000000e+00
9.070910215377807617e-01
1.000000000000000000e+00
6.924820542335510254e-01
9.999927282333374023e-01
9.234161972999572754e-01
8.318678736686706543e-01
8.306118845939636230e-01
9.986524581909179688e-01
9.990328550338745117e-01
1.000000000000000000e+00
1.000000000000000000e+00
8.093898296356201172e-01
1.000000000000000000e+00
8.877374529838562012e-01
7.654327750205993652e-01
8.208259940147399902e-01
6.667987108230590820e-01
7.701852321624755859e-01
9.987196922302246094e-01
7.809149026870727539e-01
9.996863603591918945e-01
6.737229824066162109e-01
7.981212735176086426e-01
8.456219434738159180e-01
7.399376034736633301e-01
9.999014139175415039e-01
8.124181032180786133e-01
6.919547319412231445e-01
7.904924154281616211e-01
7.278606891632080078e-01
7.290172576904296875e-01
7.461690902709960938e-01
7.938112020492553711e-01
7.831330299377441406e-01
6.892939805984497070e-01
9.998739361763000488e-01
7.791187763214111328e-01
7.878738045692443848e-01
1.000000000000000000e+00
6.913464069366455078e-01
9.572520852088928223e-01
8.074610233306884766e-01
9.599937796592712402e-01
1.000000000000000000e+00
8.053414821624755859e-01
7.629424333572387695e-01
9.511172771453857422e-01
8.813983201980590820e-01
1.000000000000000000e+00
8.952711820602416992e-01
6.856770515441894531e-01
8.684837818145751953e-01
8.011054992675781250e-01
7.105464935302734375e-01
9.999112486839294434e-01
8.222296237945556641e-01
7.817547321319580078e-01
1.000000000000000000e+00
8.545116782188415527e-01
9.992439746856689453e-01
8.742299079895019531e-01
9.969227313995361328e-01
6.895812153816223145e-01
1.000000000000000000e+00
6.687274575233459473e-01
8.082933425903320312e-01
6.678737401962280273e-01
1.000000000000000000e+00
9.638535380363464355e-01
7.918384075164794922e-01
8.241048455238342285e-01
1.000000000000000000e+00
9.333322048187255859e-01
1.000000000000000000e+00
8.928778767585754395e-01
1.000000000000000000e+00
8.748011589050292969e-01
7.425547838211059570e-01
9.915002584457397461e-01
9.676852226257324219e-01
6.534276604652404785e-01
8.295428752899169922e-01
8.365359306335449219e-01
8.576937913894653320e-01
9.981492161750793457e-01
1.000000000000000000e+00
1.000000000000000000e+00
8.194964528083801270e-01
7.518277764320373535e-01
7.651931047439575195e-01
9.997458457946777344e-01
9.999639987945556641e-01
1.000000000000000000e+00
7.290009260177612305e-01
7.702739834785461426e-01
7.591509819030761719e-01
7.285624742507934570e-01
8.096704483032226562e-01
1.000000000000000000e+00
1.000000000000000000e+00
1.000000000000000000e+00
7.970435023307800293e-01
7.057095766067504883e-01
1.000000000000000000e+00
8.278619050979614258e-01
1.000000000000000000e+00
7.038389444351196289e-01
1.000000000000000000e+00
9.092624187469482422e-01
7.675846815109252930e-01
6.645562648773193359e-01
1.000000000000000000e+00
7.607656717300415039e-01
8.548338413238525391e-01
9.998917579650878906e-01
8.006182312965393066e-01
9.976137280464172363e-01
7.781288623809814453e-01
1.000000000000000000e+00
9.161367416381835938e-01
9.999900460243225098e-01
9.468163847923278809e-01
7.358431220054626465e-01
7.379708290100097656e-01
1.000000000000000000e+00
7.592429518699645996e-01
1.000000000000000000e+00
7.242096662521362305e-01
1.000000000000000000e+00
9.184829592704772949e-01
7.778815627098083496e-01
1.000000000000000000e+00
1.000000000000000000e+00
8.219046592712402344e-01
1.000000000000000000e+00
9.998993873596191406e-01
9.441169500350952148e-01
7.830636501312255859e-01
1.000000000000000000e+00
1.000000000000000000e+00
7.292597293853759766e-01
9.399536252021789551e-01
9.986522793769836426e-01
6.803346872329711914e-01
9.999405145645141602e-01
8.169835805892944336e-01
9.361314177513122559e-01
9.668011069297790527e-01
1.000000000000000000e+00
7.817627191543579102e-01
9.214521050453186035e-01
7.532551288604736328e-01
6.887493133544921875e-01
9.105699658393859863e-01
9.137428998947143555e-01
8.007613420486450195e-01
1.000000000000000000e+00
9.301760196685791016e-01
7.911938428878784180e-01
1.000000000000000000e+00
8.224129676818847656e-01
1.000000000000000000e+00
1.000000000000000000e+00
7.594532966613769531e-01
1.000000000000000000e+00
1.000000000000000000e+00
7.989283800125122070e-01
7.457050085067749023e-01
1.000000000000000000e+00
8.507894873619079590e-01
7.129344940185546875e-01
1.000000000000000000e+00
1.000000000000000000e+00
1.000000000000000000e+00
9.042733907699584961e-01
9.999986290931701660e-01
6.363654136657714844e-01
9.575907588005065918e-01
1.000000000000000000e+00
8.709642291069030762e-01
9.998595714569091797e-01
9.999989271163940430e-01
9.997539520263671875e-01
1.000000000000000000e+00
7.969534397125244141e-01
7.736433148384094238e-01
8.116719126701354980e-01
7.474954128265380859e-01
1.000000000000000000e+00
1.000000000000000000e+00
9.233525991439819336e-01
7.405235767364501953e-01
7.917001843452453613e-01
9.995465874671936035e-01
7.647320032119750977e-01
8.050768375396728516e-01
8.512442708015441895e-01
7.865156531333923340e-01
7.597238421440124512e-01
1.000000000000000000e+00
1.000000000000000000e+00
6.832051277160644531e-01
8.022142648696899414e-01
9.391936659812927246e-01
9.907981157302856445e-01
7.734566330909729004e-01
6.771993637084960938e-01
1.000000000000000000e+00
7.672567963600158691e-01
8.862384557723999023e-01
6.565223932266235352e-01
7.829174995422363281e-01
8.860962390899658203e-01
1.000000000000000000e+00
9.991053342819213867e-01
9.972925186157226562e-01
9.991859793663024902e-01
7.554962038993835449e-01
8.804519772529602051e-01
7.903165817260742188e-01
9.999102354049682617e-01
8.940656781196594238e-01
8.252815008163452148e-01
7.165369987487792969e-01
1.000000000000000000e+00
1.000000000000000000e+00
7.239332795143127441e-01
9.737291336059570312e-01
1.000000000000000000e+00
9.999938011169433594e-01
7.525794506072998047e-01
8.687381744384765625e-01
9.641049504280090332e-01
7.103456258773803711e-01
8.240498304367065430e-01
8.488165736198425293e-01
8.694070577621459961e-01
9.824409484863281250e-01
8.395089507102966309e-01
8.721694946289062500e-01
1.000000000000000000e+00
1.000000000000000000e+00
1.000000000000000000e+00
1.000000000000000000e+00
9.984900951385498047e-01
1.000000000000000000e+00
1.000000000000000000e+00
1.000000000000000000e+00
7.745817303657531738e-01
8.487299680709838867e-01
1.000000000000000000e+00
1.000000000000000000e+00
9.997525215148925781e-01
6.831288337707519531e-01
1.000000000000000000e+00
9.983431100845336914e-01
1.000000000000000000e+00
7.443284988403320312e-01
1.000000000000000000e+00
8.927080631256103516e-01
9.046682119369506836e-01
8.976253867149353027e-01
8.884400725364685059e-01
9.242328405380249023e-01
8.091031908988952637e-01
7.182433605194091797e-01
7.606087327003479004e-01
7.830336093902587891e-01
7.620303630828857422e-01
7.858403921127319336e-01
8.685448169708251953e-01
1.000000000000000000e+00
9.232073426246643066e-01
8.401941657066345215e-01
8.172187209129333496e-01
7.797188758850097656e-01
1.000000000000000000e+00
7.492079734802246094e-01
1.000000000000000000e+00
1.000000000000000000e+00
8.445284366607666016e-01
6.629322767257690430e-01
1.000000000000000000e+00
8.560202717781066895e-01
8.617482185363769531e-01
8.187639713287353516e-01
7.854164838790893555e-01
1.000000000000000000e+00
8.654671907424926758e-01
1.000000000000000000e+00
7.237038612365722656e-01
7.121727466583251953e-01
1.000000000000000000e+00
8.219493031501770020e-01
8.186192512512207031e-01
1.000000000000000000e+00
9.026715159416198730e-01
1.000000000000000000e+00
1.000000000000000000e+00
6.674883365631103516e-01
7.801527380943298340e-01
6.943828463554382324e-01
9.999911189079284668e-01
7.725853919982910156e-01
1.000000000000000000e+00
7.239276170730590820e-01
1.000000000000000000e+00
7.196215391159057617e-01
7.121466994285583496e-01
8.670858740806579590e-01
8.020254373550415039e-01
1.000000000000000000e+00
7.858775258064270020e-01
7.704075574874877930e-01
1.000000000000000000e+00
8.626538515090942383e-01
1.000000000000000000e+00
9.978104829788208008e-01
1.000000000000000000e+00
6.903539299964904785e-01
6.904832124710083008e-01
9.973419904708862305e-01
9.998186826705932617e-01
9.995679259300231934e-01
1.000000000000000000e+00
8.263617157936096191e-01
7.856643199920654297e-01
7.425910830497741699e-01
1.000000000000000000e+00
8.579698801040649414e-01
7.883825898170471191e-01
8.253314495086669922e-01
1.000000000000000000e+00
8.236945271492004395e-01
9.855289459228515625e-01
1.000000000000000000e+00
1.000000000000000000e+00
1.000000000000000000e+00
9.998713731765747070e-01
1.000000000000000000e+00
1.000000000000000000e+00
1.000000000000000000e+00
9.524974226951599121e-01
1.000000000000000000e+00
7.798365354537963867e-01
7.684563398361206055e-01
1.000000000000000000e+00
6.715801954269409180e-01
8.382976055145263672e-01
1.000000000000000000e+00
1.000000000000000000e+00
8.609609007835388184e-01
1.000000000000000000e+00
7.520253062248229980e-01
9.037488698959350586e-01
6.938666105270385742e-01
8.673502206802368164e-01
1.000000000000000000e+00
8.803414702415466309e-01
8.242964744567871094e-01
8.058423399925231934e-01
7.268831729888916016e-01
1.000000000000000000e+00
8.068621158599853516e-01
1.000000000000000000e+00
8.776705265045166016e-01
7.312270402908325195e-01
1.000000000000000000e+00
1.000000000000000000e+00
7.948851585388183594e-01
7.944744825363159180e-01
6.901574730873107910e-01
1.000000000000000000e+00
1.000000000000000000e+00
8.770424723625183105e-01
6.689263582229614258e-01
8.265612125396728516e-01
7.514407634735107422e-01
1.000000000000000000e+00
6.960937976837158203e-01
6.384630203247070312e-01
6.223540306091308594e-01
7.044264078140258789e-01
7.101572751998901367e-01
9.997487664222717285e-01
9.181718826293945312e-01
1.000000000000000000e+00
8.928233981132507324e-01
6.979067921638488770e-01
8.078861236572265625e-01
9.999999403953552246e-01
1.000000000000000000e+00
8.449841737747192383e-01
9.995852112770080566e-01
9.999981522560119629e-01
7.939695119857788086e-01
9.996244311332702637e-01
1.000000000000000000e+00
1.000000000000000000e+00
9.997715950012207031e-01
1.000000000000000000e+00
1.000000000000000000e+00
9.610508680343627930e-01
8.586702942848205566e-01
8.664520978927612305e-01
6.676230430603027344e-01
9.999717473983764648e-01
9.997479915618896484e-01
8.114105463027954102e-01
8.304726481437683105e-01
7.657650709152221680e-01
8.646972179412841797e-01
8.050205111503601074e-01
1.000000000000000000e+00
6.947593688964843750e-01
8.073930740356445312e-01
9.703678488731384277e-01
8.956107497215270996e-01
8.697530627250671387e-01
1.000000000000000000e+00
6.850557327270507812e-01
1.000000000000000000e+00
1.000000000000000000e+00
8.280912041664123535e-01
1.000000000000000000e+00
7.548435330390930176e-01
7.932577729225158691e-01
1.000000000000000000e+00
6.697561740875244141e-01
9.994481205940246582e-01
1.000000000000000000e+00
8.538604974746704102e-01
9.167925715446472168e-01
1.000000000000000000e+00
1.000000000000000000e+00
1.000000000000000000e+00
9.989289045333862305e-01
1.000000000000000000e+00
7.869743108749389648e-01
8.339695334434509277e-01
1.000000000000000000e+00
7.007492184638977051e-01
8.785381317138671875e-01
8.389507532119750977e-01
1.000000000000000000e+00
8.914486169815063477e-01
8.344128131866455078e-01
1.000000000000000000e+00
6.203452348709106445e-01
1.000000000000000000e+00
9.997951388359069824e-01
8.356996774673461914e-01
8.792797327041625977e-01
9.856384992599487305e-01
6.698975563049316406e-01
9.862886667251586914e-01
7.704131603240966797e-01
8.175205588340759277e-01
8.557523488998413086e-01
1.000000000000000000e+00
1.000000000000000000e+00
1.000000000000000000e+00
9.150806069374084473e-01
8.892283439636230469e-01
8.728378415107727051e-01
9.288011193275451660e-01
7.361996173858642578e-01
8.437613248825073242e-01
1.000000000000000000e+00
1.000000000000000000e+00
7.219858169555664062e-01
1.000000000000000000e+00
6.649587750434875488e-01
9.998731017112731934e-01
9.314597845077514648e-01
7.889789342880249023e-01
9.004760384559631348e-01
8.504575490951538086e-01
6.720324754714965820e-01
9.518391489982604980e-01
9.293972253799438477e-01
1.000000000000000000e+00
6.782253384590148926e-01
9.990781545639038086e-01
6.924997568130493164e-01
8.756382465362548828e-01
1.000000000000000000e+00
1.000000000000000000e+00
8.581655025482177734e-01
6.391717195510864258e-01
7.376852035522460938e-01
8.068042397499084473e-01
7.268549203872680664e-01
8.163968324661254883e-01
1.000000000000000000e+00
9.135896563529968262e-01
7.721704840660095215e-01
8.500859737396240234e-01
1.000000000000000000e+00
1.000000000000000000e+00
1.000000000000000000e+00
7.746903300285339355e-01
9.999979138374328613e-01
8.741863369941711426e-01
1.000000000000000000e+00
8.647931218147277832e-01
8.235836029052734375e-01
1.000000000000000000e+00
1.000000000000000000e+00
9.998544454574584961e-01
9.392859339714050293e-01
7.083021402359008789e-01
7.522205114364624023e-01
7.557362318038940430e-01
1.000000000000000000e+00
8.586333990097045898e-01
8.322849273681640625e-01
7.982774972915649414e-01
7.766487598419189453e-01
1.000000000000000000e+00
7.878094911575317383e-01
7.411582469940185547e-01
7.995153069496154785e-01
8.363597393035888672e-01
8.561401367187500000e-01
1.000000000000000000e+00
7.591127157211303711e-01
9.001891613006591797e-01
1.000000000000000000e+00
1.000000000000000000e+00
9.999946355819702148e-01
8.935824632644653320e-01
9.712703824043273926e-01
9.999983906745910645e-01
1.000000000000000000e+00
9.035655260086059570e-01
7.670891284942626953e-01
6.799427270889282227e-01
8.882427215576171875e-01
8.593015074729919434e-01
8.377650976181030273e-01
9.720015525817871094e-01
8.229762315750122070e-01
8.771439194679260254e-01
8.707107305526733398e-01
9.403336644172668457e-01
8.020213246345520020e-01
7.484331130981445312e-01
6.663064956665039062e-01
8.590876460075378418e-01
8.589524626731872559e-01
1.000000000000000000e+00
8.306722640991210938e-01
1.000000000000000000e+00
1.000000000000000000e+00
7.590636014938354492e-01
7.415509223937988281e-01
8.403622508049011230e-01
6.999462842941284180e-01
8.285309076309204102e-01
7.755406498908996582e-01
9.999521374702453613e-01
9.214868545532226562e-01
9.200873970985412598e-01
6.324349641799926758e-01
1.000000000000000000e+00
9.995259642601013184e-01
9.089750647544860840e-01
8.419662714004516602e-01
7.985299825668334961e-01
9.333522319793701172e-01
1.000000000000000000e+00
1.000000000000000000e+00
1.000000000000000000e+00
1.000000000000000000e+00
8.695298433303833008e-01
9.999017715454101562e-01
8.522107601165771484e-01
8.409173488616943359e-01
1.000000000000000000e+00
1.000000000000000000e+00
1.000000000000000000e+00
1.000000000000000000e+00
1.000000000000000000e+00
7.942050695419311523e-01
1.000000000000000000e+00
7.702440023422241211e-01
8.888279199600219727e-01
1.000000000000000000e+00
1.000000000000000000e+00
8.319845199584960938e-01
9.989773631095886230e-01
8.091939687728881836e-01
1.000000000000000000e+00
9.941477775573730469e-01
7.133458852767944336e-01
7.772372961044311523e-01
9.984442591667175293e-01
7.976123094558715820e-01
8.475526571273803711e-01
7.881108522415161133e-01
9.095064997673034668e-01
8.368255496025085449e-01
9.135585427284240723e-01
8.439582586288452148e-01
8.390113711357116699e-01
8.245300650596618652e-01
1.000000000000000000e+00
7.273705005645751953e-01
7.580146789550781250e-01
8.885481357574462891e-01
7.595635056495666504e-01
8.483167886734008789e-01
1.000000000000000000e+00
9.831476211547851562e-01
8.217040300369262695e-01
7.876358032226562500e-01
1.000000000000000000e+00
7.544815540313720703e-01
9.918839931488037109e-01
1.000000000000000000e+00
1.000000000000000000e+00
8.527246117591857910e-01
8.649705648422241211e-01
1.000000000000000000e+00
1.000000000000000000e+00
7.544301748275756836e-01
7.773219347000122070e-01
8.089154958724975586e-01
8.382543325424194336e-01
1.000000000000000000e+00
1.000000000000000000e+00
7.219439744949340820e-01
7.731750607490539551e-01
7.178843021392822266e-01
1.000000000000000000e+00
8.407303690910339355e-01
7.895280122756958008e-01
7.603417634963989258e-01
8.701899051666259766e-01
6.668293476104736328e-01
1.000000000000000000e+00
7.097660303115844727e-01
7.109115719795227051e-01
8.232662677764892578e-01
6.728922128677368164e-01
9.044328927993774414e-01
8.595181107521057129e-01
6.997650861740112305e-01
6.689443588256835938e-01
9.991132020950317383e-01
7.510702610015869141e-01
6.966087818145751953e-01
9.991559386253356934e-01
9.399908781051635742e-01
8.036400079727172852e-01
1.000000000000000000e+00
8.630746006965637207e-01
9.996924400329589844e-01
8.080061078071594238e-01
7.831748127937316895e-01
1.000000000000000000e+00
1.000000000000000000e+00
1.000000000000000000e+00
8.805740475654602051e-01
1.000000000000000000e+00
7.675429582595825195e-01
9.001563191413879395e-01
7.660968303680419922e-01
1.000000000000000000e+00
7.151501178741455078e-01
7.973177433013916016e-01
7.387154102325439453e-01
1.000000000000000000e+00
9.995833039283752441e-01
6.768233776092529297e-01
9.110525250434875488e-01
9.795979261398315430e-01
7.726708650588989258e-01
1.000000000000000000e+00
1.000000000000000000e+00
1.000000000000000000e+00
8.686151504516601562e-01
8.481299281120300293e-01
9.936721920967102051e-01
9.007707834243774414e-01
8.685741424560546875e-01
9.732813835144042969e-01
7.802726030349731445e-01
8.174352049827575684e-01
9.140146374702453613e-01
7.407995462417602539e-01
7.921563982963562012e-01
1.000000000000000000e+00
8.542281389236450195e-01
7.735986113548278809e-01
1.000000000000000000e+00
7.270383238792419434e-01
7.854338288307189941e-01
8.283131718635559082e-01
7.413511276245117188e-01
8.375938534736633301e-01
1.000000000000000000e+00
9.993854165077209473e-01
1.000000000000000000e+00
1.000000000000000000e+00
7.534043192863464355e-01
8.377333879470825195e-01
7.915083169937133789e-01
8.369089961051940918e-01
8.698561787605285645e-01
9.987260699272155762e-01
8.687889575958251953e-01
7.285653352737426758e-01
7.876841425895690918e-01
8.005155920982360840e-01
6.909657716751098633e-01
1.000000000000000000e+00
9.035521745681762695e-01
9.565313458442687988e-01
9.553915262222290039e-01
1.000000000000000000e+00
7.611041069030761719e-01
8.450095653533935547e-01
7.308140993118286133e-01
9.895433187484741211e-01
1.000000000000000000e+00
7.796070575714111328e-01
9.280889034271240234e-01
8.042305707931518555e-01
8.160660266876220703e-01
8.440213799476623535e-01
8.857821822166442871e-01
8.426658511161804199e-01
7.581519484519958496e-01
7.786090373992919922e-01
1.000000000000000000e+00
8.429238796234130859e-01
9.999340772628784180e-01
8.715803027153015137e-01
7.465335130691528320e-01
8.449867963790893555e-01
7.879055738449096680e-01
9.367896914482116699e-01
9.998952746391296387e-01
9.999978542327880859e-01
1.000000000000000000e+00
9.999800324440002441e-01
7.554626464843750000e-01
1.000000000000000000e+00
7.964758276939392090e-01
6.477208733558654785e-01
9.999907612800598145e-01
6.791638731956481934e-01
6.930924654006958008e-01
1.000000000000000000e+00
7.595548033714294434e-01
7.324301004409790039e-01
9.989342689514160156e-01
9.164721369743347168e-01
7.576891779899597168e-01
9.739916324615478516e-01
6.685286760330200195e-01
1.000000000000000000e+00
1.000000000000000000e+00
9.569958448410034180e-01
8.538288474082946777e-01
9.997852444648742676e-01
7.694889307022094727e-01
8.149390220642089844e-01
8.387667536735534668e-01
1.000000000000000000e+00
8.734724521636962891e-01
7.822912931442260742e-01
1.000000000000000000e+00
7.599435448646545410e-01
7.530931830406188965e-01
7.887210249900817871e-01
8.738749027252197266e-01
8.933140039443969727e-01
9.999443292617797852e-01
8.440657854080200195e-01
7.908918261528015137e-01
9.996407628059387207e-01
6.644558906555175781e-01
1.000000000000000000e+00
9.998499155044555664e-01
1.000000000000000000e+00
6.297339200973510742e-01
8.318187594413757324e-01
8.106249570846557617e-01
1.000000000000000000e+00
7.565999031066894531e-01
1.000000000000000000e+00
1.000000000000000000e+00
1.000000000000000000e+00
1.000000000000000000e+00
7.320976853370666504e-01
9.997490644454956055e-01
7.204672098159790039e-01
9.525961279869079590e-01
9.739879965782165527e-01
1.000000000000000000e+00
6.361866593360900879e-01
8.721756935119628906e-01
6.432693004608154297e-01
1.000000000000000000e+00
6.471986770629882812e-01
9.577226638793945312e-01
8.850547671318054199e-01
9.999688267707824707e-01
7.395097613334655762e-01
1.000000000000000000e+00
1.000000000000000000e+00
1.000000000000000000e+00
7.609391808509826660e-01
1.000000000000000000e+00
7.911629676818847656e-01
6.578155755996704102e-01
9.016956686973571777e-01
7.878098487854003906e-01
1.000000000000000000e+00
7.550379037857055664e-01
1.000000000000000000e+00
8.636848926544189453e-01
6.008321046829223633e-01
1.000000000000000000e+00
1.000000000000000000e+00
6.958595514297485352e-01
1.000000000000000000e+00
9.060472249984741211e-01
8.063892126083374023e-01
8.164117932319641113e-01
9.991306662559509277e-01
7.262587547302246094e-01
8.815051913261413574e-01
7.122572064399719238e-01
7.815841436386108398e-01
8.943350315093994141e-01
6.579234004020690918e-01
9.985667467117309570e-01
9.995639324188232422e-01
1.000000000000000000e+00
9.999389052391052246e-01
1.000000000000000000e+00
8.458629846572875977e-01
8.631848096847534180e-01
6.924483776092529297e-01
1.000000000000000000e+00
8.411604762077331543e-01
1.000000000000000000e+00
8.744397163391113281e-01
8.101429343223571777e-01
1.000000000000000000e+00
8.364945650100708008e-01
7.349145412445068359e-01
1.000000000000000000e+00
9.932344555854797363e-01
9.248480796813964844e-01
8.470345735549926758e-01
9.999989271163940430e-01
9.907340407371520996e-01
8.236808776855468750e-01
7.228421568870544434e-01
8.351210355758666992e-01
9.293656349182128906e-01
7.383637428283691406e-01
1.000000000000000000e+00
6.742310523986816406e-01
1.000000000000000000e+00
9.998592734336853027e-01
8.751550316810607910e-01
8.289546966552734375e-01
1.000000000000000000e+00
1.000000000000000000e+00
1.000000000000000000e+00
1.000000000000000000e+00
7.652474045753479004e-01
8.216291666030883789e-01
6.863992214202880859e-01
8.830730319023132324e-01
6.859403848648071289e-01
1.000000000000000000e+00
8.217651844024658203e-01
8.374103307723999023e-01
7.228572964668273926e-01
7.679495811462402344e-01
1.000000000000000000e+00
1.000000000000000000e+00
8.601565361022949219e-01
1.000000000000000000e+00
6.230295896530151367e-01
9.324124455451965332e-01
8.648531436920166016e-01
7.563900947570800781e-01
8.510660529136657715e-01
9.999928474426269531e-01
9.976831674575805664e-01
8.385607600212097168e-01
9.389533400535583496e-01
1.000000000000000000e+00
6.842185258865356445e-01
9.059135317802429199e-01
7.750195264816284180e-01
1.000000000000000000e+00
1.000000000000000000e+00
7.332689166069030762e-01
6.563034057617187500e-01
7.352428436279296875e-01
1.000000000000000000e+00
9.108470678329467773e-01
1.000000000000000000e+00
1.000000000000000000e+00
9.257169961929321289e-01
8.311208486557006836e-01
1.000000000000000000e+00
8.193710446357727051e-01
7.568556070327758789e-01
8.316037058830261230e-01
1.000000000000000000e+00
8.173516988754272461e-01
1.000000000000000000e+00
1.000000000000000000e+00
9.087752103805541992e-01
9.917418360710144043e-01
7.849732637405395508e-01
9.770634770393371582e-01
7.986426353454589844e-01
7.440508008003234863e-01
1.000000000000000000e+00
1.000000000000000000e+00
9.998368024826049805e-01
1.000000000000000000e+00
1.000000000000000000e+00
8.755952119827270508e-01
7.812685370445251465e-01
6.601970195770263672e-01
6.994557380676269531e-01
9.157006740570068359e-01
7.956808805465698242e-01
7.079668045043945312e-01
1.000000000000000000e+00
1.000000000000000000e+00
8.640719652175903320e-01
8.973878026008605957e-01
7.785788178443908691e-01
7.885049581527709961e-01
9.995267987251281738e-01
9.859815239906311035e-01
1.000000000000000000e+00
9.992470145225524902e-01
1.000000000000000000e+00
8.827214241027832031e-01
9.325671792030334473e-01
9.639219641685485840e-01
9.137747287750244141e-01
9.787606000900268555e-01
9.999603629112243652e-01
9.606846570968627930e-01
1.000000000000000000e+00
1.000000000000000000e+00
1.000000000000000000e+00
8.265202045440673828e-01
8.258693218231201172e-01
8.306051492691040039e-01
1.000000000000000000e+00
8.038965463638305664e-01
7.636162638664245605e-01
8.508498072624206543e-01
7.233506441116333008e-01
1.000000000000000000e+00
7.036730647087097168e-01
7.390938997268676758e-01
7.763506770133972168e-01
7.728033661842346191e-01
8.578187227249145508e-01
8.065231442451477051e-01
1.000000000000000000e+00
8.067395091056823730e-01
8.161298632621765137e-01
7.482599020004272461e-01
7.235691547393798828e-01
7.215196490287780762e-01
7.125437259674072266e-01
8.777360320091247559e-01
9.819465875625610352e-01
8.660091161727905273e-01
1.000000000000000000e+00
8.101874589920043945e-01
6.493371725082397461e-01
8.133699893951416016e-01
9.041340947151184082e-01
7.249065637588500977e-01
9.974863529205322266e-01
9.998973608016967773e-01
8.697094917297363281e-01
1.000000000000000000e+00
7.866709232330322266e-01
1.000000000000000000e+00
1.000000000000000000e+00
8.069369792938232422e-01
9.355399608612060547e-01
7.767448425292968750e-01
8.429434299468994141e-01
1.000000000000000000e+00
7.833250164985656738e-01
1.000000000000000000e+00
7.399792671203613281e-01
7.264834642410278320e-01
1.000000000000000000e+00
7.606803178787231445e-01
7.451655864715576172e-01
7.291658520698547363e-01
7.758775949478149414e-01
1.000000000000000000e+00
7.582244873046875000e-01
1.000000000000000000e+00
1.000000000000000000e+00
6.585122346878051758e-01
8.299850821495056152e-01
1.000000000000000000e+00
6.607044935226440430e-01
1.000000000000000000e+00
1.000000000000000000e+00
8.352136611938476562e-01
9.959909915924072266e-01
1.000000000000000000e+00
6.367267370223999023e-01
7.379714250564575195e-01
6.734959483146667480e-01
7.150799036026000977e-01
8.642782568931579590e-01
6.475862264633178711e-01
8.696975111961364746e-01
1.000000000000000000e+00
7.010089159011840820e-01
9.890379309654235840e-01
8.587403893470764160e-01
1.000000000000000000e+00
8.432016968727111816e-01
6.516472697257995605e-01
8.173441886901855469e-01
9.993405938148498535e-01
1.000000000000000000e+00
7.636601328849792480e-01
9.999181032180786133e-01
1.000000000000000000e+00
9.998070001602172852e-01
7.000391483306884766e-01
7.084954977035522461e-01
9.999465346336364746e-01
6.907213926315307617e-01
1.000000000000000000e+00
1.000000000000000000e+00
7.233792543411254883e-01
9.996339082717895508e-01
7.519794106483459473e-01
8.468330502510070801e-01
1.000000000000000000e+00
8.400152325630187988e-01
6.368051767349243164e-01
6.572020053863525391e-01
8.284504413604736328e-01
9.996132254600524902e-01
8.557758927345275879e-01
1.000000000000000000e+00
7.058835029602050781e-01
9.992928504943847656e-01
7.733005881309509277e-01
1.000000000000000000e+00
8.646653890609741211e-01
9.096717834472656250e-01
1.000000000000000000e+00
8.502079248428344727e-01
7.748601436614990234e-01
7.604327797889709473e-01
9.069361090660095215e-01
7.939872741699218750e-01
7.153048515319824219e-01
1.000000000000000000e+00
9.997927546501159668e-01
1.000000000000000000e+00
7.767993211746215820e-01
1.000000000000000000e+00
7.283244132995605469e-01
7.325670123100280762e-01
7.749602794647216797e-01
9.954033493995666504e-01
8.096346855163574219e-01
9.844573140144348145e-01
1.000000000000000000e+00
1.000000000000000000e+00
8.558715581893920898e-01
9.625059962272644043e-01
8.285177350044250488e-01
6.728909015655517578e-01
8.473081588745117188e-01
1.000000000000000000e+00
8.476986885070800781e-01
1.000000000000000000e+00
7.417647838592529297e-01
7.036096453666687012e-01
1.000000000000000000e+00
1.000000000000000000e+00
9.399190545082092285e-01
6.523252725601196289e-01
1.000000000000000000e+00
8.553851246833801270e-01
9.997050762176513672e-01
9.999621510505676270e-01
7.418527007102966309e-01
9.999777078628540039e-01
7.308089137077331543e-01
1.000000000000000000e+00
7.771015763282775879e-01
9.994999766349792480e-01
8.309609889984130859e-01
6.968959569931030273e-01
1.000000000000000000e+00
9.986968636512756348e-01
7.855631709098815918e-01
1.000000000000000000e+00
1.000000000000000000e+00
1.000000000000000000e+00
6.533323526382446289e-01
7.170552015304565430e-01
7.971267700195312500e-01
1.000000000000000000e+00
9.287086725234985352e-01
1.000000000000000000e+00
7.236685752868652344e-01
7.445532083511352539e-01
1.000000000000000000e+00
7.610915899276733398e-01
8.084582090377807617e-01
1.000000000000000000e+00
1.000000000000000000e+00
9.251823425292968750e-01
8.877217173576354980e-01
9.993073344230651855e-01
6.784336566925048828e-01
7.650127410888671875e-01
6.890354156494140625e-01
9.096022844314575195e-01
8.185181617736816406e-01
7.153772115707397461e-01
9.999645948410034180e-01
7.667762637138366699e-01
1.000000000000000000e+00
1.000000000000000000e+00
7.622058987617492676e-01
9.288772344589233398e-01
7.053397893905639648e-01
7.756842970848083496e-01
7.796258926391601562e-01
7.948363423347473145e-01
8.386099338531494141e-01
7.870056629180908203e-01
9.999839067459106445e-01
8.390605449676513672e-01
1.000000000000000000e+00
8.726609945297241211e-01
8.356159329414367676e-01
8.623949885368347168e-01
7.647380232810974121e-01
9.581076502799987793e-01
1.000000000000000000e+00
1.000000000000000000e+00
1.000000000000000000e+00
9.743897318840026855e-01
9.109387993812561035e-01
9.084160923957824707e-01
1.000000000000000000e+00
7.553677558898925781e-01
1.000000000000000000e+00
8.395273089408874512e-01
1.000000000000000000e+00
8.409963846206665039e-01
1.000000000000000000e+00
1.000000000000000000e+00
1.000000000000000000e+00
9.999670386314392090e-01
1.000000000000000000e+00
7.835303544998168945e-01
6.893286705017089844e-01
6.984275579452514648e-01
1.000000000000000000e+00
8.967621326446533203e-01
9.999198913574218750e-01
9.117979407310485840e-01
1.000000000000000000e+00
6.873861551284790039e-01
7.273453474044799805e-01
7.851227521896362305e-01
1.000000000000000000e+00
7.327836751937866211e-01
8.502893447875976562e-01
7.868492603302001953e-01
8.068894743919372559e-01
9.997212886810302734e-01
7.968256473541259766e-01
9.475101232528686523e-01
9.990205764770507812e-01
9.233161211013793945e-01
7.329018115997314453e-01
7.608225941658020020e-01
9.997516870498657227e-01
7.897048592567443848e-01
1.000000000000000000e+00
9.691689014434814453e-01
7.718811035156250000e-01
1.000000000000000000e+00
6.871883869171142578e-01
1.000000000000000000e+00
7.387759685516357422e-01
6.924132108688354492e-01
8.402476906776428223e-01
7.107160091400146484e-01
9.954736232757568359e-01
7.860777974128723145e-01
8.772045373916625977e-01
8.809502124786376953e-01
8.551114797592163086e-01
8.255087733268737793e-01
1.000000000000000000e+00
6.397720575332641602e-01
1.000000000000000000e+00
8.696543574333190918e-01
7.306238412857055664e-01
8.176288604736328125e-01
1.000000000000000000e+00
7.209845781326293945e-01
1.000000000000000000e+00
1.000000000000000000e+00
6.965795755386352539e-01
8.580569624900817871e-01
9.988741278648376465e-01
9.187364578247070312e-01
1.000000000000000000e+00
1.000000000000000000e+00
7.584691643714904785e-01
9.999237060546875000e-01
9.705076813697814941e-01
7.386472225189208984e-01
1.000000000000000000e+00
8.154432773590087891e-01
8.897688388824462891e-01
6.361616253852844238e-01
7.755479216575622559e-01
7.199897766113281250e-01
7.970226407051086426e-01
8.062468767166137695e-01
1.000000000000000000e+00
1.000000000000000000e+00
7.455509305000305176e-01
6.962921619415283203e-01
8.028354048728942871e-01
6.610484123229980469e-01
9.998145103454589844e-01
1.000000000000000000e+00
8.055891394615173340e-01
9.416432380676269531e-01
9.875221848487854004e-01
7.437170743942260742e-01
8.667458295822143555e-01
1.000000000000000000e+00
7.179858684539794922e-01
7.104846835136413574e-01
9.874497056007385254e-01
1.000000000000000000e+00
9.848220944404602051e-01
6.753917336463928223e-01
7.372695207595825195e-01
8.452665805816650391e-01
1.000000000000000000e+00
9.527236223220825195e-01
9.590570926666259766e-01
1.000000000000000000e+00
1.000000000000000000e+00
8.981574177742004395e-01
1.000000000000000000e+00
8.779456615447998047e-01
9.946516752243041992e-01
9.726600646972656250e-01
9.885474443435668945e-01
7.292513847351074219e-01
1.000000000000000000e+00
7.497007846832275391e-01
7.112799882888793945e-01
8.620453476905822754e-01
6.712055206298828125e-01
6.772136688232421875e-01
1.000000000000000000e+00
7.909121513366699219e-01
6.764284372329711914e-01
9.994162917137145996e-01
8.581346273422241211e-01
8.313556909561157227e-01
1.000000000000000000e+00
7.881656885147094727e-01
6.436415910720825195e-01
9.999279975891113281e-01
9.997963309288024902e-01
9.999979734420776367e-01
1.000000000000000000e+00
9.095059037208557129e-01
8.078258037567138672e-01
9.999939203262329102e-01
6.356263756752014160e-01
8.219048976898193359e-01
8.846260905265808105e-01
9.999741315841674805e-01
6.995987892150878906e-01
7.180345654487609863e-01
6.721041202545166016e-01
8.225769996643066406e-01
9.290288090705871582e-01
1.000000000000000000e+00
1.000000000000000000e+00
8.552589416503906250e-01
6.635555028915405273e-01
8.323780298233032227e-01
9.936330914497375488e-01
8.359315395355224609e-01
7.820702791213989258e-01
8.331693410873413086e-01
9.049717783927917480e-01
7.009691596031188965e-01
9.997571110725402832e-01
7.334252595901489258e-01
8.912096023559570312e-01
8.786928653717041016e-01
8.397088050842285156e-01
1.000000000000000000e+00
6.308425068855285645e-01
7.762273550033569336e-01
9.999274611473083496e-01
9.999862313270568848e-01
7.529224157333374023e-01
8.475322127342224121e-01
9.999965429306030273e-01
9.999998211860656738e-01
1.000000000000000000e+00
7.839145064353942871e-01
1.000000000000000000e+00
7.485759258270263672e-01
1.000000000000000000e+00
1.000000000000000000e+00
1.000000000000000000e+00
9.995396137237548828e-01
9.987176060676574707e-01
6.469247937202453613e-01
8.881913423538208008e-01
9.609885215759277344e-01
8.770273923873901367e-01
8.385212421417236328e-01
9.989780783653259277e-01
7.563295364379882812e-01
8.837900757789611816e-01
6.085613965988159180e-01
8.765813112258911133e-01
1.000000000000000000e+00
1.000000000000000000e+00
8.634102344512939453e-01
9.998790025711059570e-01
7.793956995010375977e-01
1.000000000000000000e+00
8.589884042739868164e-01
1.000000000000000000e+00
1.000000000000000000e+00
9.051322937011718750e-01
8.247125148773193359e-01
8.405923843383789062e-01
7.232499122619628906e-01
1.000000000000000000e+00
1.000000000000000000e+00
7.945112586021423340e-01
6.553765535354614258e-01
9.999992251396179199e-01
1.000000000000000000e+00
8.282049894332885742e-01
6.935203075408935547e-01
8.366600871086120605e-01
1.000000000000000000e+00
1.000000000000000000e+00
7.344757318496704102e-01
6.740509271621704102e-01
6.239191293716430664e-01
1.000000000000000000e+00
6.449717283248901367e-01
1.000000000000000000e+00
1.000000000000000000e+00
6.925283670425415039e-01
8.202034831047058105e-01
8.771834373474121094e-01
9.984493255615234375e-01
7.335957288742065430e-01
7.212231755256652832e-01
6.251001358032226562e-01
8.620491623878479004e-01
7.526190280914306641e-01
1.000000000000000000e+00
1.000000000000000000e+00
7.165651321411132812e-01
8.734521865844726562e-01
7.844814658164978027e-01
7.994643449783325195e-01
8.734138011932373047e-01
7.655063271522521973e-01
1.000000000000000000e+00
8.170330524444580078e-01
1.000000000000000000e+00
8.044131994247436523e-01
8.007515668869018555e-01
9.999842047691345215e-01
1.000000000000000000e+00
8.363770246505737305e-01
7.661360502243041992e-01
1.000000000000000000e+00
1.000000000000000000e+00
9.585509896278381348e-01
9.975383877754211426e-01
1.000000000000000000e+00
7.691001296043395996e-01
9.830045700073242188e-01
1.000000000000000000e+00
8.313618302345275879e-01
7.351958751678466797e-01
1.000000000000000000e+00
1.000000000000000000e+00
1.000000000000000000e+00
8.127560019493103027e-01
6.499220728874206543e-01
9.891442060470581055e-01
6.865369677543640137e-01
1.000000000000000000e+00
1.000000000000000000e+00
9.992003440856933594e-01
9.438592791557312012e-01
8.348155021667480469e-01
8.281093239784240723e-01
1.000000000000000000e+00
8.239682912826538086e-01
1.000000000000000000e+00
7.604120969772338867e-01
1.000000000000000000e+00
7.253351211547851562e-01
9.027512073516845703e-01
7.354145050048828125e-01
7.985335588455200195e-01
8.385546803474426270e-01
6.900007724761962891e-01
1.000000000000000000e+00
9.434204101562500000e-01
1.000000000000000000e+00
7.467775344848632812e-01
1.000000000000000000e+00
1.000000000000000000e+00
8.949729204177856445e-01
9.999491572380065918e-01
1.000000000000000000e+00
9.999713301658630371e-01
6.847115755081176758e-01
1.000000000000000000e+00
1.000000000000000000e+00
1.000000000000000000e+00
9.993272423744201660e-01
1.000000000000000000e+00
1.000000000000000000e+00
1.000000000000000000e+00
1.000000000000000000e+00
7.175220847129821777e-01
1.000000000000000000e+00
1.000000000000000000e+00
1.000000000000000000e+00
1.000000000000000000e+00
9.699207544326782227e-01
9.995424151420593262e-01
8.651328682899475098e-01
1.000000000000000000e+00
8.183234333992004395e-01
7.809921503067016602e-01
8.713523745536804199e-01
8.865474462509155273e-01
8.575713038444519043e-01
8.443047404289245605e-01
1.000000000000000000e+00
1.000000000000000000e+00
8.527138829231262207e-01
9.859159588813781738e-01
9.995910525321960449e-01
1.000000000000000000e+00
6.955960988998413086e-01
9.998444914817810059e-01
8.090959787368774414e-01
1.000000000000000000e+00
8.468821048736572266e-01
1.000000000000000000e+00
1.000000000000000000e+00
7.841869592666625977e-01
1.000000000000000000e+00
8.029215335845947266e-01
8.362125158309936523e-01
8.204214572906494141e-01
9.371219277381896973e-01
1.000000000000000000e+00
8.924942016601562500e-01
9.166669845581054688e-01
9.986757636070251465e-01
1.000000000000000000e+00
8.491612076759338379e-01
1.000000000000000000e+00
9.951336979866027832e-01
7.448348999023437500e-01
9.998533129692077637e-01
7.965233922004699707e-01
9.992544651031494141e-01
1.000000000000000000e+00
9.992690682411193848e-01
7.743113636970520020e-01
9.990240931510925293e-01
7.437653541564941406e-01
7.678544521331787109e-01
1.000000000000000000e+00
1.000000000000000000e+00
6.283328533172607422e-01
6.503534317016601562e-01
7.545282244682312012e-01
1.000000000000000000e+00
8.551952242851257324e-01
1.000000000000000000e+00
8.153323531150817871e-01
7.074959278106689453e-01
1.000000000000000000e+00
8.114018440246582031e-01
9.946140050888061523e-01
6.918209791183471680e-01
9.020422101020812988e-01
7.891489267349243164e-01
7.775900959968566895e-01
8.936542272567749023e-01
1.000000000000000000e+00
9.379636645317077637e-01
8.767323493957519531e-01
6.931551694869995117e-01
1.000000000000000000e+00
8.318736553192138672e-01
9.741795659065246582e-01
7.619168758392333984e-01
8.909031748771667480e-01
9.522566199302673340e-01
1.000000000000000000e+00
1.000000000000000000e+00
6.851965188980102539e-01
9.999994039535522461e-01
7.210960388183593750e-01
8.438149094581604004e-01
9.071420431137084961e-01
8.446540236473083496e-01
7.861743569374084473e-01
9.990904331207275391e-01
1.000000000000000000e+00
9.877190589904785156e-01
8.283187150955200195e-01
1.000000000000000000e+00
1.000000000000000000e+00
1.000000000000000000e+00
6.764931678771972656e-01
9.746776819229125977e-01
8.353738188743591309e-01
7.356780767440795898e-01
7.659483551979064941e-01
1.000000000000000000e+00
8.810357451438903809e-01
1.000000000000000000e+00
9.333680272102355957e-01
8.506814837455749512e-01
7.450574636459350586e-01
6.919791102409362793e-01
8.586251735687255859e-01
1.000000000000000000e+00
6.864731311798095703e-01
9.486750960350036621e-01
7.714790105819702148e-01
1.000000000000000000e+00
9.997947812080383301e-01
1.000000000000000000e+00
9.870133996009826660e-01
1.000000000000000000e+00
7.311201691627502441e-01
8.935970664024353027e-01
7.161755561828613281e-01
9.999572634696960449e-01
9.717993736267089844e-01
7.189627885818481445e-01
1.000000000000000000e+00
8.355946540832519531e-01
9.997782111167907715e-01
6.599696278572082520e-01
8.592854142189025879e-01
6.527100205421447754e-01
1.000000000000000000e+00
7.862995862960815430e-01
9.998843073844909668e-01
9.897707104682922363e-01
7.938552498817443848e-01
9.950379729270935059e-01
1.000000000000000000e+00
6.577270030975341797e-01
8.267325758934020996e-01
9.104558825492858887e-01
7.905019521713256836e-01
7.978652119636535645e-01
8.881256580352783203e-01
7.897219657897949219e-01
1.000000000000000000e+00
1.000000000000000000e+00
8.959565162658691406e-01
9.828987121582031250e-01
8.392925858497619629e-01
8.161606788635253906e-01
8.811026215553283691e-01
1.000000000000000000e+00
1.000000000000000000e+00
7.795745730400085449e-01
9.089370965957641602e-01
9.992661476135253906e-01
6.708755493164062500e-01
1.000000000000000000e+00
8.851838707923889160e-01
8.061890602111816406e-01
1.000000000000000000e+00
7.659953236579895020e-01
6.937958002090454102e-01
7.723431587219238281e-01
1.000000000000000000e+00
7.559170722961425781e-01
1.000000000000000000e+00
1.000000000000000000e+00
9.999798536300659180e-01
7.270175218582153320e-01
1.000000000000000000e+00
9.393298029899597168e-01
1.000000000000000000e+00
8.953596949577331543e-01
7.381006479263305664e-01
1.000000000000000000e+00
8.036669492721557617e-01
8.563795685768127441e-01
9.081295728683471680e-01
1.000000000000000000e+00
1.000000000000000000e+00
8.282585740089416504e-01
1.000000000000000000e+00
9.993144869804382324e-01
7.300745844841003418e-01
1.000000000000000000e+00
7.464178800582885742e-01
6.121176481246948242e-01
9.041329622268676758e-01
9.720090627670288086e-01
1.000000000000000000e+00
1.000000000000000000e+00
7.526280879974365234e-01
8.123283982276916504e-01
7.918450832366943359e-01
7.783482074737548828e-01
7.136343717575073242e-01
7.539626359939575195e-01
1.000000000000000000e+00
7.124351263046264648e-01
6.824108362197875977e-01
1.000000000000000000e+00
7.694449424743652344e-01
6.892886757850646973e-01
7.632398605346679688e-01
1.000000000000000000e+00
8.249017000198364258e-01
6.857452392578125000e-01
9.999814629554748535e-01
8.281422257423400879e-01
8.047540783882141113e-01
1.000000000000000000e+00
6.690163612365722656e-01
1.000000000000000000e+00
1.000000000000000000e+00
9.989290237426757812e-01
9.997607469558715820e-01
7.923128604888916016e-01
6.510036587715148926e-01
8.424086570739746094e-01
9.998608231544494629e-01
6.426939368247985840e-01
1.000000000000000000e+00
1.000000000000000000e+00
6.971720457077026367e-01
6.320661902427673340e-01
7.669821977615356445e-01
1.000000000000000000e+00
7.416927218437194824e-01
7.026789188385009766e-01
1.000000000000000000e+00
7.127370834350585938e-01
1.000000000000000000e+00
9.987925291061401367e-01
8.462364077568054199e-01
9.708210825920104980e-01
9.666531085968017578e-01
1.000000000000000000e+00
1.000000000000000000e+00
8.496761322021484375e-01
9.555476903915405273e-01
1.000000000000000000e+00
1.000000000000000000e+00
9.999520778656005859e-01
1.000000000000000000e+00
1.000000000000000000e+00
1.000000000000000000e+00
7.779014110565185547e-01
8.703383207321166992e-01
7.108105421066284180e-01
1.000000000000000000e+00
9.197300672531127930e-01
8.360276818275451660e-01
8.969590067863464355e-01
1.000000000000000000e+00
9.649667739868164062e-01
7.639553546905517578e-01
1.000000000000000000e+00
6.826170682907104492e-01
7.551786899566650391e-01
7.546550631523132324e-01
8.468521833419799805e-01
6.459273099899291992e-01
7.972345352172851562e-01
1.000000000000000000e+00
8.758331537246704102e-01
7.349421977996826172e-01
8.393634557723999023e-01
1.000000000000000000e+00
6.775761842727661133e-01
8.340420722961425781e-01
1.000000000000000000e+00
1.000000000000000000e+00
9.774909615516662598e-01
8.671011924743652344e-01
9.199317097663879395e-01
7.118414640426635742e-01
8.439489603042602539e-01
8.015835881233215332e-01
1.000000000000000000e+00
1.000000000000000000e+00
8.234105706214904785e-01
1.000000000000000000e+00
9.881921410560607910e-01
1.000000000000000000e+00
7.033854722976684570e-01
6.999882459640502930e-01
1.000000000000000000e+00
1.000000000000000000e+00
9.194206595420837402e-01
7.491606473922729492e-01
7.024658918380737305e-01
8.238737583160400391e-01
9.991544485092163086e-01
1.000000000000000000e+00
7.561408877372741699e-01
7.730037569999694824e-01
1.000000000000000000e+00
1.000000000000000000e+00
8.180102109909057617e-01
8.372433185577392578e-01
9.991745948791503906e-01
9.873443245887756348e-01
7.881169915199279785e-01
1.000000000000000000e+00
7.245500087738037109e-01
1.000000000000000000e+00
6.433910131454467773e-01
6.411532163619995117e-01
7.772375345230102539e-01
8.164274692535400391e-01
9.943590760231018066e-01
6.528251171112060547e-01
1.000000000000000000e+00
7.806408405303955078e-01
7.312010526657104492e-01
6.568738222122192383e-01
9.860965609550476074e-01
8.867031335830688477e-01
7.093487977981567383e-01
7.094098329544067383e-01
7.525391578674316406e-01
8.061562180519104004e-01
1.000000000000000000e+00
9.876435995101928711e-01
1.000000000000000000e+00
1.000000000000000000e+00
1.000000000000000000e+00
6.562861204147338867e-01
1.000000000000000000e+00
8.688588142395019531e-01
7.847574949264526367e-01
9.060359597206115723e-01
1.000000000000000000e+00
7.955393791198730469e-01
8.663095235824584961e-01
8.606658577919006348e-01
7.597184181213378906e-01
8.719045519828796387e-01
6.702016592025756836e-01
6.629978418350219727e-01
7.882374525070190430e-01
9.891191720962524414e-01
1.000000000000000000e+00
1.000000000000000000e+00
7.402532696723937988e-01
6.031190156936645508e-01
9.581162333488464355e-01
8.503950834274291992e-01
6.776680946350097656e-01
9.571576714515686035e-01
6.672044992446899414e-01
6.938214898109436035e-01
7.152385115623474121e-01
6.826198101043701172e-01
1.000000000000000000e+00
9.366410970687866211e-01
8.843213319778442383e-01
1.000000000000000000e+00
9.589698314666748047e-01
9.993653297424316406e-01
1.000000000000000000e+00
1.000000000000000000e+00
1.000000000000000000e+00
7.689872980117797852e-01
1.000000000000000000e+00
6.702070236206054688e-01
8.725845813751220703e-01
9.920945167541503906e-01
8.984578847885131836e-01
8.060458898544311523e-01
1.000000000000000000e+00
9.505777955055236816e-01
7.048351764678955078e-01
9.995239973068237305e-01
1.000000000000000000e+00
1.000000000000000000e+00
7.624256610870361328e-01
7.381159663200378418e-01
7.979341745376586914e-01
6.866890192031860352e-01
6.249881982803344727e-01
1.000000000000000000e+00
9.999828934669494629e-01
7.007399201393127441e-01
7.841310501098632812e-01
7.164857387542724609e-01
8.057732582092285156e-01
9.259736537933349609e-01
9.998266696929931641e-01
9.369741082191467285e-01
7.567465901374816895e-01
6.812298297882080078e-01
8.733859658241271973e-01
8.856980204582214355e-01
1.000000000000000000e+00
7.403569817543029785e-01
7.655144929885864258e-01
9.999984502792358398e-01
1.000000000000000000e+00
1.000000000000000000e+00
8.002876043319702148e-01
1.000000000000000000e+00
1.000000000000000000e+00
1.000000000000000000e+00
6.353952884674072266e-01
9.414951801300048828e-01
7.537032365798950195e-01
9.999043345451354980e-01
8.994979262351989746e-01
1.000000000000000000e+00
6.160272359848022461e-01
9.999011158943176270e-01
7.710735797882080078e-01
8.020303845405578613e-01
9.999976158142089844e-01
1.000000000000000000e+00
1.000000000000000000e+00
9.990702271461486816e-01
1.000000000000000000e+00
1.000000000000000000e+00
9.507216811180114746e-01
7.741832137107849121e-01
9.130751490592956543e-01
6.823492050170898438e-01
6.368818283081054688e-01
6.516718864440917969e-01
9.502071738243103027e-01
1.000000000000000000e+00
9.498282074928283691e-01
1.000000000000000000e+00
8.435657024383544922e-01
9.999666213989257812e-01
9.998523592948913574e-01
1.000000000000000000e+00
7.240496873855590820e-01
7.922048568725585938e-01
9.069278836250305176e-01
1.000000000000000000e+00
7.078319191932678223e-01
7.563697099685668945e-01
1.000000000000000000e+00
8.998188376426696777e-01
1.000000000000000000e+00
8.263891935348510742e-01
7.044817209243774414e-01
1.000000000000000000e+00
9.629241228103637695e-01
1.000000000000000000e+00
9.866987466812133789e-01
6.710498332977294922e-01
1.000000000000000000e+00
9.856336116790771484e-01
1.000000000000000000e+00
9.871997833251953125e-01
7.853396534919738770e-01
1.000000000000000000e+00
6.585562229156494141e-01
9.831614494323730469e-01
7.662029266357421875e-01
7.257215976715087891e-01
8.658593893051147461e-01
9.999475479125976562e-01
6.855795383453369141e-01
8.360517024993896484e-01
9.727396965026855469e-01
8.025586605072021484e-01
9.047916531562805176e-01
7.291325330734252930e-01
6.751325130462646484e-01
6.906638145446777344e-01
1.000000000000000000e+00
9.172295331954956055e-01
6.385647058486938477e-01
7.114582657814025879e-01
9.991701841354370117e-01
7.381288409233093262e-01
7.818247079849243164e-01
8.743989467620849609e-01
9.002696871757507324e-01
9.963311553001403809e-01
9.702922701835632324e-01
6.517819166183471680e-01
9.998865127563476562e-01
8.719981908798217773e-01
7.514024376869201660e-01
1.000000000000000000e+00
1.000000000000000000e+00
7.532380223274230957e-01
6.404089927673339844e-01
9.559287428855895996e-01
9.999873638153076172e-01
1.000000000000000000e+00
9.723880887031555176e-01
1.000000000000000000e+00
7.535424232482910156e-01
8.359360694885253906e-01
7.179394960403442383e-01
6.005632281303405762e-01
6.341987848281860352e-01
8.172501325607299805e-01
1.000000000000000000e+00
8.249819278717041016e-01
8.156274557113647461e-01
