1.000000000000000000e+00
1.000000000000000000e+00
9.924322366714477539e-01
9.814854860305786133e-01
1.000000000000000000e+00
1.000000000000000000e+00
9.965423345565795898e-01
1.000000000000000000e+00
9.951480031013488770e-01
1.000000000000000000e+00
9.422075748443603516e-01
9.345303773880004883e-01
9.986346960067749023e-01
9.904965758323669434e-01
9.264994859695434570e-01
9.991992115974426270e-01
9.773892164230346680e-01
9.621077179908752441e-01
1.000000000000000000e+00
9.974495768547058105e-01
9.862620830535888672e-01
9.980432391166687012e-01
1.000000000000000000e+00
9.995590448379516602e-01
9.863485097885131836e-01
9.996489286422729492e-01
9.513524174690246582e-01
9.944780468940734863e-01
9.937133193016052246e-01
1.000000000000000000e+00
9.696815013885498047e-01
9.625400900840759277e-01
1.000000000000000000e+00
9.999506473541259766e-01
9.826802015304565430e-01
9.753111600875854492e-01
9.634826779365539551e-01
9.645096659660339355e-01
9.970929622650146484e-01
9.999117255210876465e-01
9.347584843635559082e-01
1.000000000000000000e+00
9.791294336318969727e-01
9.986821413040161133e-01
9.976203441619873047e-01
9.760808348655700684e-01
9.910520315170288086e-01
9.999313354492187500e-01
1.000000000000000000e+00
9.930959343910217285e-01
9.831120967864990234e-01
1.000000000000000000e+00
1.000000000000000000e+00
9.994759559631347656e-01
9.862506389617919922e-01
9.996536970138549805e-01
9.988525509834289551e-01
9.855234026908874512e-01
9.568006992340087891e-01
1.000000000000000000e+00
9.470282793045043945e-01
9.999412894248962402e-01
9.485355615615844727e-01
9.549137353897094727e-01
9.836425185203552246e-01
9.886595010757446289e-01
9.119727611541748047e-01
9.945892095565795898e-01
9.404458999633789062e-01
9.557935595512390137e-01
8.954382538795471191e-01
9.525139927864074707e-01
8.450754880905151367e-01
9.652664661407470703e-01
1.000000000000000000e+00
9.769842028617858887e-01
9.400637745857238770e-01
9.804151058197021484e-01
9.872317910194396973e-01
9.979023337364196777e-01
9.705899953842163086e-01
8.607190251350402832e-01
1.000000000000000000e+00
8.912792205810546875e-01
9.627125263214111328e-01
9.758658409118652344e-01
9.716902971267700195e-01
9.999974966049194336e-01
9.998368024826049805e-01
1.000000000000000000e+00
9.999383687973022461e-01
1.000000000000000000e+00
9.714034199714660645e-01
9.236999750137329102e-01
1.000000000000000000e+00
1.000000000000000000e+00
9.192346334457397461e-01
9.763227701187133789e-01
9.943664073944091797e-01
9.817843437194824219e-01
9.943416118621826172e-01
9.995093941688537598e-01
9.942687749862670898e-01
8.601419925689697266e-01
9.770336151123046875e-01
9.037081003189086914e-01
1.000000000000000000e+00
9.515822529792785645e-01
9.490851759910583496e-01
9.754590392112731934e-01
9.758762121200561523e-01
9.856808185577392578e-01
9.009485244750976562e-01
1.000000000000000000e+00
9.993736147880554199e-01
9.730433225631713867e-01
1.000000000000000000e+00
8.652687072753906250e-01
9.452419877052307129e-01
9.755392074584960938e-01
8.036693930625915527e-01
8.971519470214843750e-01
1.000000000000000000e+00
9.667233824729919434e-01
9.612919688224792480e-01
9.306054115295410156e-01
1.000000000000000000e+00
1.000000000000000000e+00
9.713634848594665527e-01
9.598480463027954102e-01
9.116113185882568359e-01
9.740307927131652832e-01
9.962959885597229004e-01
9.733389616012573242e-01
1.000000000000000000e+00
8.816735744476318359e-01
9.982944130897521973e-01
9.987356066703796387e-01
9.079132676124572754e-01
1.000000000000000000e+00
9.984835386276245117e-01
8.253014683723449707e-01
1.000000000000000000e+00
9.963670372962951660e-01
8.788517713546752930e-01
1.000000000000000000e+00
9.798077940940856934e-01
1.000000000000000000e+00
9.591192007064819336e-01
1.000000000000000000e+00
9.618045687675476074e-01
9.438656568527221680e-01
9.695973992347717285e-01
9.490776658058166504e-01
1.000000000000000000e+00
1.000000000000000000e+00
9.089939594268798828e-01
1.000000000000000000e+00
1.000000000000000000e+00
9.693294167518615723e-01
9.280545711517333984e-01
9.694997072219848633e-01
9.421215057373046875e-01
9.347285628318786621e-01
1.000000000000000000e+00
9.566335082054138184e-01
9.177317619323730469e-01
8.766405582427978516e-01
9.162601828575134277e-01
9.999957084655761719e-01
8.832647800445556641e-01
9.601212143898010254e-01
8.876190185546875000e-01
9.589177966117858887e-01
9.151935577392578125e-01
9.587212800979614258e-01
9.307715892791748047e-01
1.000000000000000000e+00
8.998042345046997070e-01
8.484858274459838867e-01
9.462358951568603516e-01
9.099745750427246094e-01
9.264400601387023926e-01
1.000000000000000000e+00
9.793630242347717285e-01
8.638708591461181641e-01
9.952670335769653320e-01
9.276139736175537109e-01
8.576368689537048340e-01
1.000000000000000000e+00
9.571542143821716309e-01
8.678332567214965820e-01
9.998076558113098145e-01
9.410562515258789062e-01
1.000000000000000000e+00
9.961941242218017578e-01
1.000000000000000000e+00
1.000000000000000000e+00
1.000000000000000000e+00
9.618133902549743652e-01
9.787164330482482910e-01
9.859586954116821289e-01
9.439581036567687988e-01
1.000000000000000000e+00
8.945364356040954590e-01
9.980127215385437012e-01
1.000000000000000000e+00
8.028122782707214355e-01
9.994651675224304199e-01
9.624577760696411133e-01
1.000000000000000000e+00
9.354857206344604492e-01
9.964833855628967285e-01
8.232511281967163086e-01
9.444116353988647461e-01
9.254500269889831543e-01
9.122130870819091797e-01
9.607719182968139648e-01
1.000000000000000000e+00
8.931257128715515137e-01
9.720828533172607422e-01
1.000000000000000000e+00
9.052923321723937988e-01
1.000000000000000000e+00
9.257394075393676758e-01
9.158579111099243164e-01
8.465895652770996094e-01
1.000000000000000000e+00
1.000000000000000000e+00
9.999194741249084473e-01
8.321468830108642578e-01
9.457552433013916016e-01
1.000000000000000000e+00
9.709453582763671875e-01
9.707362055778503418e-01
9.133585095405578613e-01
9.224904775619506836e-01
8.190711140632629395e-01
1.000000000000000000e+00
1.000000000000000000e+00
1.000000000000000000e+00
9.016623497009277344e-01
9.568972587585449219e-01
9.388103485107421875e-01
9.509289860725402832e-01
1.000000000000000000e+00
9.303695559501647949e-01
9.631096124649047852e-01
9.989907741546630859e-01
9.576172232627868652e-01
7.795512080192565918e-01
1.000000000000000000e+00
9.584797024726867676e-01
1.000000000000000000e+00
9.558472037315368652e-01
9.420536756515502930e-01
8.884060382843017578e-01
8.995364308357238770e-01
1.000000000000000000e+00
9.600276947021484375e-01
9.942648410797119141e-01
1.000000000000000000e+00
9.072307348251342773e-01
9.482989907264709473e-01
9.242927432060241699e-01
1.000000000000000000e+00
9.508385658264160156e-01
8.654659390449523926e-01
9.467653036117553711e-01
1.000000000000000000e+00
9.321192502975463867e-01
9.712300896644592285e-01
9.601618647575378418e-01
9.993849396705627441e-01
9.275005459785461426e-01
9.960594177246093750e-01
9.985474944114685059e-01
9.880588054656982422e-01
9.186492562294006348e-01
9.001597762107849121e-01
1.000000000000000000e+00
1.000000000000000000e+00
9.710099697113037109e-01
8.657019138336181641e-01
9.417893290519714355e-01
9.912548065185546875e-01
1.000000000000000000e+00
1.000000000000000000e+00
1.000000000000000000e+00
1.000000000000000000e+00
9.988766312599182129e-01
9.963510036468505859e-01
1.000000000000000000e+00
8.845991492271423340e-01
1.000000000000000000e+00
9.644358158111572266e-01
9.519843459129333496e-01
9.261157512664794922e-01
9.250241518020629883e-01
8.878566622734069824e-01
9.928685426712036133e-01
8.567277193069458008e-01
8.237813711166381836e-01
9.966534376144409180e-01
7.767914533615112305e-01
9.132515192031860352e-01
9.492990374565124512e-01
9.959750175476074219e-01
1.000000000000000000e+00
1.000000000000000000e+00
9.749794602394104004e-01
9.070661067962646484e-01
9.291994571685791016e-01
1.000000000000000000e+00
9.027054309844970703e-01
8.986127376556396484e-01
9.416947960853576660e-01
9.990777969360351562e-01
9.962984323501586914e-01
8.718993663787841797e-01
1.000000000000000000e+00
8.253202438354492188e-01
9.545121192932128906e-01
9.530476927757263184e-01
9.474138617515563965e-01
9.085429310798645020e-01
9.692117571830749512e-01
1.000000000000000000e+00
9.655119180679321289e-01
8.354443907737731934e-01
1.000000000000000000e+00
1.000000000000000000e+00
8.995848298072814941e-01
9.977216124534606934e-01
8.513937592506408691e-01
1.000000000000000000e+00
1.000000000000000000e+00
8.515709638595581055e-01
9.945864081382751465e-01
1.000000000000000000e+00
1.000000000000000000e+00
9.753242135047912598e-01
1.000000000000000000e+00
8.024442195892333984e-01
9.197675585746765137e-01
9.602109789848327637e-01
8.446706533432006836e-01
1.000000000000000000e+00
9.658320546150207520e-01
1.000000000000000000e+00
9.613285660743713379e-01
1.000000000000000000e+00
9.016681313514709473e-01
9.670947194099426270e-01
9.359927177429199219e-01
9.179465174674987793e-01
1.000000000000000000e+00
9.414519071578979492e-01
8.908183574676513672e-01
9.998697042465209961e-01
8.994162678718566895e-01
9.215417504310607910e-01
9.988955259323120117e-01
9.905918240547180176e-01
1.000000000000000000e+00
8.675166368484497070e-01
9.833799004554748535e-01
9.950430393218994141e-01
8.491338491439819336e-01
8.349696993827819824e-01
1.000000000000000000e+00
8.853561282157897949e-01
9.280617237091064453e-01
9.981889724731445312e-01
1.000000000000000000e+00
1.000000000000000000e+00
8.993389606475830078e-01
8.848630785942077637e-01
9.377936124801635742e-01
9.071355462074279785e-01
8.922918438911437988e-01
9.539672136306762695e-01
1.000000000000000000e+00
9.302814602851867676e-01
1.000000000000000000e+00
9.664676785469055176e-01
9.463512897491455078e-01
9.575171470642089844e-01
1.000000000000000000e+00
9.364181160926818848e-01
7.774261236190795898e-01
9.986401796340942383e-01
9.485059976577758789e-01
9.081578254699707031e-01
9.264397621154785156e-01
1.000000000000000000e+00
9.347750544548034668e-01
1.000000000000000000e+00
9.044138193130493164e-01
1.000000000000000000e+00
8.927389383316040039e-01
8.939875364303588867e-01
9.550013542175292969e-01
8.008749485015869141e-01
9.203874468803405762e-01
8.579683899879455566e-01
9.269934892654418945e-01
1.000000000000000000e+00
8.178595900535583496e-01
9.751174449920654297e-01
9.132518768310546875e-01
9.998881220817565918e-01
9.878749847412109375e-01
1.000000000000000000e+00
1.000000000000000000e+00
9.719376564025878906e-01
9.376055598258972168e-01
1.000000000000000000e+00
9.841437339782714844e-01
8.223033547401428223e-01
9.193140864372253418e-01
1.000000000000000000e+00
1.000000000000000000e+00
8.745334148406982422e-01
1.000000000000000000e+00
9.987316727638244629e-01
1.000000000000000000e+00
8.333702087402343750e-01
1.000000000000000000e+00
1.000000000000000000e+00
8.924491405487060547e-01
8.278928399085998535e-01
1.000000000000000000e+00
9.893188476562500000e-01
1.000000000000000000e+00
9.070723056793212891e-01
1.000000000000000000e+00
1.000000000000000000e+00
1.000000000000000000e+00
9.290792346000671387e-01
9.919626712799072266e-01
8.451780080795288086e-01
9.695253372192382812e-01
1.000000000000000000e+00
9.523797035217285156e-01
1.000000000000000000e+00
8.613857030868530273e-01
9.254526495933532715e-01
9.733940362930297852e-01
8.601272106170654297e-01
8.029574155807495117e-01
9.998711347579956055e-01
8.519713878631591797e-01
8.085283041000366211e-01
9.971314668655395508e-01
9.033383727073669434e-01
8.183229565620422363e-01
8.422843813896179199e-01
9.268178939819335938e-01
1.000000000000000000e+00
1.000000000000000000e+00
8.360918760299682617e-01
9.980394840240478516e-01
9.128319621086120605e-01
8.784180879592895508e-01
9.062845706939697266e-01
9.238145947456359863e-01
1.000000000000000000e+00
1.000000000000000000e+00
1.000000000000000000e+00
7.584531903266906738e-01
9.928730726242065430e-01
1.000000000000000000e+00
9.790879487991333008e-01
9.567700624465942383e-01
1.000000000000000000e+00
7.866148948669433594e-01
9.232439994812011719e-01
1.000000000000000000e+00
1.000000000000000000e+00
8.564183712005615234e-01
9.881882071495056152e-01
1.000000000000000000e+00
9.607852697372436523e-01
8.649644255638122559e-01
9.896188378334045410e-01
1.000000000000000000e+00
9.850623607635498047e-01
9.532172679901123047e-01
9.296613335609436035e-01
9.428715109825134277e-01
1.000000000000000000e+00
9.187157154083251953e-01
9.257630705833435059e-01
8.856617808341979980e-01
9.910069704055786133e-01
8.683652877807617188e-01
8.227471709251403809e-01
1.000000000000000000e+00
9.266144633293151855e-01
1.000000000000000000e+00
1.000000000000000000e+00
1.000000000000000000e+00
9.284439682960510254e-01
9.314101934432983398e-01
8.459346294403076172e-01
9.665333628654479980e-01
9.574893116950988770e-01
8.809547424316406250e-01
9.206275939941406250e-01
9.996278285980224609e-01
9.957749247550964355e-01
9.045896530151367188e-01
9.999760389328002930e-01
7.608262300491333008e-01
8.855127096176147461e-01
1.000000000000000000e+00
8.698846101760864258e-01
9.201389551162719727e-01
8.854656815528869629e-01
8.071254491806030273e-01
7.465729713439941406e-01
9.603618979454040527e-01
9.188379645347595215e-01
9.524978399276733398e-01
1.000000000000000000e+00
9.740687012672424316e-01
7.979104518890380859e-01
1.000000000000000000e+00
8.082671761512756348e-01
8.730034828186035156e-01
9.237875938415527344e-01
9.318504929542541504e-01
9.898366332054138184e-01
1.000000000000000000e+00
1.000000000000000000e+00
9.059029817581176758e-01
7.613673210144042969e-01
8.534771800041198730e-01
1.000000000000000000e+00
9.600518345832824707e-01
7.571531534194946289e-01
1.000000000000000000e+00
8.895229101181030273e-01
9.990175962448120117e-01
7.084833383560180664e-01
1.000000000000000000e+00
1.000000000000000000e+00
1.000000000000000000e+00
9.168639183044433594e-01
8.579767942428588867e-01
9.125412702560424805e-01
1.000000000000000000e+00
7.937140464782714844e-01
8.943189978599548340e-01
8.765168190002441406e-01
9.998564720153808594e-01
9.351291656494140625e-01
8.916801214218139648e-01
8.497508764266967773e-01
9.986509680747985840e-01
7.962369322776794434e-01
8.971509337425231934e-01
8.619490861892700195e-01
1.000000000000000000e+00
7.359449863433837891e-01
9.205712676048278809e-01
7.395343780517578125e-01
9.507750868797302246e-01
9.998955130577087402e-01
8.143012523651123047e-01
8.922684192657470703e-01
9.990853667259216309e-01
8.684469461441040039e-01
9.101780056953430176e-01
7.711784839630126953e-01
8.556578159332275391e-01
7.685946226119995117e-01
1.000000000000000000e+00
1.000000000000000000e+00
8.606552481651306152e-01
9.993804693222045898e-01
8.408550620079040527e-01
9.977978467941284180e-01
8.785605430603027344e-01
1.000000000000000000e+00
9.959918856620788574e-01
1.000000000000000000e+00
8.409914970397949219e-01
8.983327150344848633e-01
9.119814038276672363e-01
9.022326469421386719e-01
1.000000000000000000e+00
9.430827498435974121e-01
1.000000000000000000e+00
8.671163916587829590e-01
9.027129411697387695e-01
8.821952939033508301e-01
9.240778088569641113e-01
1.000000000000000000e+00
8.762817978858947754e-01
7.489454746246337891e-01
7.281008958816528320e-01
1.000000000000000000e+00
8.385779261589050293e-01
8.591191768646240234e-01
8.794268965721130371e-01
1.000000000000000000e+00
1.000000000000000000e+00
8.481805324554443359e-01
1.000000000000000000e+00
1.000000000000000000e+00
9.992710947990417480e-01
9.181200861930847168e-01
7.287994027137756348e-01
1.000000000000000000e+00
7.835924625396728516e-01
7.336101531982421875e-01
7.590658664703369141e-01
9.543107748031616211e-01
9.088207483291625977e-01
9.483820796012878418e-01
1.000000000000000000e+00
1.000000000000000000e+00
9.144234061241149902e-01
1.000000000000000000e+00
8.277403116226196289e-01
8.632487058639526367e-01
9.992213845252990723e-01
1.000000000000000000e+00
7.302221059799194336e-01
8.451723456382751465e-01
9.974236488342285156e-01
1.000000000000000000e+00
9.858995676040649414e-01
1.000000000000000000e+00
7.892888784408569336e-01
1.000000000000000000e+00
8.894807100296020508e-01
1.000000000000000000e+00
9.996348619461059570e-01
8.008834123611450195e-01
9.529660940170288086e-01
9.462301731109619141e-01
8.408854603767395020e-01
9.998090863227844238e-01
7.389484047889709473e-01
9.138568043708801270e-01
1.000000000000000000e+00
1.000000000000000000e+00
9.717739820480346680e-01
9.401320219039916992e-01
8.350230455398559570e-01
1.000000000000000000e+00
8.165643215179443359e-01
8.908085227012634277e-01
8.349529504776000977e-01
9.970667958259582520e-01
1.000000000000000000e+00
1.000000000000000000e+00
1.000000000000000000e+00
1.000000000000000000e+00
8.140286803245544434e-01
1.000000000000000000e+00
8.089463710784912109e-01
1.000000000000000000e+00
1.000000000000000000e+00
8.468230962753295898e-01
1.000000000000000000e+00
8.520587682723999023e-01
9.902610182762145996e-01
1.000000000000000000e+00
9.538466930389404297e-01
1.000000000000000000e+00
9.991200566291809082e-01
9.031292200088500977e-01
8.262458443641662598e-01
9.891982078552246094e-01
9.705330729484558105e-01
8.657964468002319336e-01
8.388769626617431641e-01
8.386670351028442383e-01
1.000000000000000000e+00
9.587709307670593262e-01
9.096078276634216309e-01
8.546378612518310547e-01
8.074415922164916992e-01
9.033445119857788086e-01
9.054412841796875000e-01
8.072101473808288574e-01
1.000000000000000000e+00
7.599166631698608398e-01
8.848170638084411621e-01
8.148609995841979980e-01
8.232542276382446289e-01
8.344007134437561035e-01
8.019987344741821289e-01
8.273596167564392090e-01
9.482070207595825195e-01
8.652063012123107910e-01
9.387621879577636719e-01
9.898081421852111816e-01
9.973452687263488770e-01
8.984188437461853027e-01
9.431097507476806641e-01
1.000000000000000000e+00
7.667149901390075684e-01
8.339898586273193359e-01
8.725451231002807617e-01
8.186310529708862305e-01
9.151028394699096680e-01
9.376826286315917969e-01
8.600819706916809082e-01
9.992817044258117676e-01
7.720476388931274414e-01
7.873710989952087402e-01
8.009482026100158691e-01
1.000000000000000000e+00
1.000000000000000000e+00
8.798354268074035645e-01
8.915803432464599609e-01
7.960320711135864258e-01
1.000000000000000000e+00
9.393510222434997559e-01
1.000000000000000000e+00
1.000000000000000000e+00
8.024666309356689453e-01
9.985867738723754883e-01
9.236925840377807617e-01
7.519906163215637207e-01
8.509706854820251465e-01
1.000000000000000000e+00
8.543002605438232422e-01
9.874849319458007812e-01
7.960931062698364258e-01
9.968063235282897949e-01
1.000000000000000000e+00
1.000000000000000000e+00
8.860381245613098145e-01
1.000000000000000000e+00
1.000000000000000000e+00
8.360908031463623047e-01
1.000000000000000000e+00
8.521221876144409180e-01
9.729998111724853516e-01
1.000000000000000000e+00
8.583528995513916016e-01
9.829939603805541992e-01
8.683155775070190430e-01
7.966965436935424805e-01
8.765787482261657715e-01
1.000000000000000000e+00
1.000000000000000000e+00
7.736644148826599121e-01
9.006496667861938477e-01
1.000000000000000000e+00
9.397811293601989746e-01
9.094453454017639160e-01
9.892460703849792480e-01
9.948014020919799805e-01
7.814172506332397461e-01
8.416656255722045898e-01
1.000000000000000000e+00
9.978938102722167969e-01
9.875167012214660645e-01
8.813947439193725586e-01
1.000000000000000000e+00
9.080816507339477539e-01
1.000000000000000000e+00
9.997487068176269531e-01
7.942788600921630859e-01
9.523470401763916016e-01
9.383106827735900879e-01
8.573986291885375977e-01
8.212262988090515137e-01
8.429312705993652344e-01
9.246829152107238770e-01
9.103617072105407715e-01
9.997600317001342773e-01
8.966429829597473145e-01
9.130081534385681152e-01
9.100673198699951172e-01
8.490635156631469727e-01
1.000000000000000000e+00
1.000000000000000000e+00
8.678619861602783203e-01
1.000000000000000000e+00
8.846572041511535645e-01
1.000000000000000000e+00
1.000000000000000000e+00
9.145424962043762207e-01
1.000000000000000000e+00
9.405204057693481445e-01
1.000000000000000000e+00
8.495947718620300293e-01
8.476910591125488281e-01
9.190020561218261719e-01
1.000000000000000000e+00
8.331882357597351074e-01
8.586050271987915039e-01
8.547133207321166992e-01
7.816125154495239258e-01
1.000000000000000000e+00
1.000000000000000000e+00
8.859755992889404297e-01
8.409401178359985352e-01
7.787206768989562988e-01
9.981461763381958008e-01
8.739541769027709961e-01
8.787564039230346680e-01
7.652214169502258301e-01
9.727925062179565430e-01
9.202615618705749512e-01
7.315227985382080078e-01
7.893932461738586426e-01
8.443357348442077637e-01
7.590827345848083496e-01
9.126597046852111816e-01
1.000000000000000000e+00
7.753254771232604980e-01
8.481105566024780273e-01
8.199060559272766113e-01
9.420927762985229492e-01
1.000000000000000000e+00
1.000000000000000000e+00
9.512389898300170898e-01
1.000000000000000000e+00
9.999780654907226562e-01
1.000000000000000000e+00
9.642298221588134766e-01
8.001000881195068359e-01
8.158155083656311035e-01
8.853213787078857422e-01
1.000000000000000000e+00
9.319503307342529297e-01
7.211642265319824219e-01
7.774109840393066406e-01
8.769594430923461914e-01
1.000000000000000000e+00
1.000000000000000000e+00
9.989731311798095703e-01
8.390638232231140137e-01
8.137007951736450195e-01
1.000000000000000000e+00
9.994728565216064453e-01
9.209566116333007812e-01
1.000000000000000000e+00
1.000000000000000000e+00
9.116502404212951660e-01
8.785895705223083496e-01
1.000000000000000000e+00
1.000000000000000000e+00
8.631317615509033203e-01
7.896038293838500977e-01
1.000000000000000000e+00
1.000000000000000000e+00
9.016159772872924805e-01
9.562419652938842773e-01
8.884487748146057129e-01
8.188636898994445801e-01
1.000000000000000000e+00
9.987269043922424316e-01
9.327678680419921875e-01
9.015454649925231934e-01
1.000000000000000000e+00
8.826523423194885254e-01
9.745106697082519531e-01
1.000000000000000000e+00
1.000000000000000000e+00
9.317409992218017578e-01
1.000000000000000000e+00
1.000000000000000000e+00
9.978427290916442871e-01
1.000000000000000000e+00
7.677309513092041016e-01
1.000000000000000000e+00
9.816828966140747070e-01
8.113262057304382324e-01
8.517472147941589355e-01
8.611361384391784668e-01
1.000000000000000000e+00
1.000000000000000000e+00
9.990398287773132324e-01
9.037630558013916016e-01
9.997624158859252930e-01
8.407936692237854004e-01
7.782106399536132812e-01
1.000000000000000000e+00
9.512940645217895508e-01
9.302688837051391602e-01
7.707421183586120605e-01
1.000000000000000000e+00
8.682999014854431152e-01
8.416137695312500000e-01
8.874490857124328613e-01
7.679260969161987305e-01
1.000000000000000000e+00
7.568129301071166992e-01
1.000000000000000000e+00
7.259871959686279297e-01
7.597603201866149902e-01
8.124183416366577148e-01
8.112174272537231445e-01
8.216592073440551758e-01
9.379809498786926270e-01
8.658521175384521484e-01
6.985964775085449219e-01
8.444233536720275879e-01
9.171290397644042969e-01
9.981356859207153320e-01
9.367980957031250000e-01
1.000000000000000000e+00
8.628950715065002441e-01
1.000000000000000000e+00
7.372893095016479492e-01
8.506455421447753906e-01
9.250965714454650879e-01
8.463559150695800781e-01
9.992573857307434082e-01
8.653240203857421875e-01
8.137136101722717285e-01
7.697811126708984375e-01
9.992662668228149414e-01
7.133594155311584473e-01
7.287958264350891113e-01
8.860327601432800293e-01
1.000000000000000000e+00
7.806563377380371094e-01
9.234257936477661133e-01
7.923815846443176270e-01
9.995657205581665039e-01
8.234555721282958984e-01
8.300074934959411621e-01
1.000000000000000000e+00
9.229499697685241699e-01
8.068680167198181152e-01
8.742395043373107910e-01
1.000000000000000000e+00
8.361127376556396484e-01
1.000000000000000000e+00
1.000000000000000000e+00
7.579047679901123047e-01
8.948767185211181641e-01
8.881190419197082520e-01
6.850557923316955566e-01
9.317950010299682617e-01
8.742228150367736816e-01
8.669661283493041992e-01
8.118807077407836914e-01
8.996925354003906250e-01
9.354321956634521484e-01
1.000000000000000000e+00
8.631258010864257812e-01
7.384238243103027344e-01
8.169641494750976562e-01
7.642061114311218262e-01
9.995051622390747070e-01
8.257274031639099121e-01
8.034878373146057129e-01
7.853189706802368164e-01
9.995514750480651855e-01
7.957212328910827637e-01
1.000000000000000000e+00
1.000000000000000000e+00
1.000000000000000000e+00
8.407118320465087891e-01
8.552781343460083008e-01
1.000000000000000000e+00
9.996776580810546875e-01
9.260548353195190430e-01
9.996269941329956055e-01
9.019463658332824707e-01
1.000000000000000000e+00
7.398903369903564453e-01
1.000000000000000000e+00
1.000000000000000000e+00
9.982630610466003418e-01
9.328073263168334961e-01
1.000000000000000000e+00
9.923528432846069336e-01
8.366998434066772461e-01
9.193012118339538574e-01
9.841971397399902344e-01
1.000000000000000000e+00
1.000000000000000000e+00
9.999351501464843750e-01
9.434519410133361816e-01
1.000000000000000000e+00
8.628692030906677246e-01
9.050432443618774414e-01
8.226491212844848633e-01
9.596746563911437988e-01
1.000000000000000000e+00
9.988692998886108398e-01
1.000000000000000000e+00
7.543861865997314453e-01
8.922533392906188965e-01
7.376693487167358398e-01
9.819175601005554199e-01
9.975619316101074219e-01
8.170052766799926758e-01
9.994306564331054688e-01
1.000000000000000000e+00
9.994920492172241211e-01
9.009800553321838379e-01
8.791451454162597656e-01
1.000000000000000000e+00
9.682347774505615234e-01
9.995091557502746582e-01
7.547628879547119141e-01
8.262445926666259766e-01
9.264113903045654297e-01
9.492021203041076660e-01
7.662150859832763672e-01
7.933098673820495605e-01
8.061141967773437500e-01
7.424730062484741211e-01
9.999991655349731445e-01
1.000000000000000000e+00
7.886648178100585938e-01
1.000000000000000000e+00
1.000000000000000000e+00
7.134848237037658691e-01
1.000000000000000000e+00
1.000000000000000000e+00
8.336441516876220703e-01
7.338738441467285156e-01
7.905653715133666992e-01
1.000000000000000000e+00
1.000000000000000000e+00
1.000000000000000000e+00
7.636299729347229004e-01
8.580623269081115723e-01
8.710619807243347168e-01
9.002985954284667969e-01
7.801902294158935547e-01
1.000000000000000000e+00
8.105378746986389160e-01
9.471308588981628418e-01
1.000000000000000000e+00
7.957960367202758789e-01
8.702543377876281738e-01
1.000000000000000000e+00
1.000000000000000000e+00
1.000000000000000000e+00
9.974674582481384277e-01
7.864831686019897461e-01
7.562144398689270020e-01
9.583775997161865234e-01
9.053248763084411621e-01
7.319763302803039551e-01
8.714957237243652344e-01
1.000000000000000000e+00
9.994280934333801270e-01
8.858717083930969238e-01
7.987473011016845703e-01
7.755554318428039551e-01
9.079464673995971680e-01
9.974151253700256348e-01
8.747019171714782715e-01
8.271738886833190918e-01
8.687744736671447754e-01
7.226414680480957031e-01
9.707471132278442383e-01
9.989824295043945312e-01
7.969315052032470703e-01
8.794139623641967773e-01
1.000000000000000000e+00
8.338446021080017090e-01
8.981017470359802246e-01
1.000000000000000000e+00
9.765304327011108398e-01
1.000000000000000000e+00
9.954170584678649902e-01
8.018943071365356445e-01
9.073282480239868164e-01
1.000000000000000000e+00
9.983451366424560547e-01
1.000000000000000000e+00
7.199913263320922852e-01
9.271810054779052734e-01
9.976184368133544922e-01
8.151118755340576172e-01
8.112037181854248047e-01
7.760803699493408203e-01
8.391803503036499023e-01
9.589251875877380371e-01
8.179313540458679199e-01
8.474700450897216797e-01
9.149700999259948730e-01
8.160393238067626953e-01
1.000000000000000000e+00
1.000000000000000000e+00
8.847133517265319824e-01
9.622581601142883301e-01
1.000000000000000000e+00
9.998836517333984375e-01
1.000000000000000000e+00
8.700301647186279297e-01
1.000000000000000000e+00
1.000000000000000000e+00
8.047289848327636719e-01
7.936210036277770996e-01
7.054231166839599609e-01
9.243125319480895996e-01
1.000000000000000000e+00
1.000000000000000000e+00
1.000000000000000000e+00
1.000000000000000000e+00
8.146847486495971680e-01
8.362076282501220703e-01
9.956222176551818848e-01
9.973931908607482910e-01
9.998540282249450684e-01
1.000000000000000000e+00
8.954187631607055664e-01
8.066090345382690430e-01
9.980930089950561523e-01
7.659013271331787109e-01
1.000000000000000000e+00
9.994482994079589844e-01
1.000000000000000000e+00
1.000000000000000000e+00
1.000000000000000000e+00
9.997234940528869629e-01
7.695967555046081543e-01
8.777769207954406738e-01
9.990944862365722656e-01
8.354482054710388184e-01
1.000000000000000000e+00
9.993195533752441406e-01
1.000000000000000000e+00
7.200523614883422852e-01
7.508687973022460938e-01
8.333986997604370117e-01
9.839658737182617188e-01
9.479195475578308105e-01
1.000000000000000000e+00
1.000000000000000000e+00
8.734405636787414551e-01
8.831667304039001465e-01
9.351914525032043457e-01
7.421835064888000488e-01
9.990220069885253906e-01
9.159429669380187988e-01
7.459121942520141602e-01
8.677194118499755859e-01
8.475235104560852051e-01
8.179109096527099609e-01
1.000000000000000000e+00
9.983446002006530762e-01
8.915159702301025391e-01
9.985338449478149414e-01
7.602471113204956055e-01
7.819343805313110352e-01
8.212571740150451660e-01
1.000000000000000000e+00
8.833731412887573242e-01
8.855078220367431641e-01
7.531102895736694336e-01
8.172707557678222656e-01
8.497506976127624512e-01
8.214340209960937500e-01
9.999669194221496582e-01
9.969116449356079102e-01
1.000000000000000000e+00
7.553030252456665039e-01
1.000000000000000000e+00
9.859301447868347168e-01
9.941728115081787109e-01
8.303415775299072266e-01
7.639772295951843262e-01
8.504918813705444336e-01
7.857305407524108887e-01
7.018730640411376953e-01
8.235722184181213379e-01
1.000000000000000000e+00
9.069138169288635254e-01
8.197311758995056152e-01
8.536067008972167969e-01
8.992721438407897949e-01
8.188956975936889648e-01
1.000000000000000000e+00
7.948323488235473633e-01
8.529686331748962402e-01
9.983772635459899902e-01
1.000000000000000000e+00
8.088622689247131348e-01
8.384830355644226074e-01
7.857868075370788574e-01
7.575290799140930176e-01
9.965939521789550781e-01
8.241519927978515625e-01
9.999567270278930664e-01
9.345655441284179688e-01
1.000000000000000000e+00
1.000000000000000000e+00
1.000000000000000000e+00
9.329960942268371582e-01
9.990960359573364258e-01
9.994443655014038086e-01
7.937175035476684570e-01
8.318269848823547363e-01
8.224849104881286621e-01
7.259291410446166992e-01
9.999884963035583496e-01
1.000000000000000000e+00
8.256781101226806641e-01
8.748154044151306152e-01
6.966499686241149902e-01
1.000000000000000000e+00
8.912307620048522949e-01
9.535040259361267090e-01
1.000000000000000000e+00
1.000000000000000000e+00
8.418270945549011230e-01
1.000000000000000000e+00
8.403199315071105957e-01
9.886654019355773926e-01
9.998115897178649902e-01
7.620727419853210449e-01
1.000000000000000000e+00
8.747887611389160156e-01
9.995869994163513184e-01
1.000000000000000000e+00
9.963566660881042480e-01
8.994766473770141602e-01
7.723953723907470703e-01
1.000000000000000000e+00
8.750466704368591309e-01
1.000000000000000000e+00
8.386043310165405273e-01
8.593460321426391602e-01
9.126164913177490234e-01
8.837308287620544434e-01
1.000000000000000000e+00
7.973693609237670898e-01
9.984835982322692871e-01
8.504948019981384277e-01
8.383362889289855957e-01
1.000000000000000000e+00
8.816266655921936035e-01
9.825127720832824707e-01
1.000000000000000000e+00
7.703584432601928711e-01
7.270419001579284668e-01
7.160593271255493164e-01
8.728559017181396484e-01
9.169915318489074707e-01
7.939230203628540039e-01
7.587561607360839844e-01
9.666970968246459961e-01
1.000000000000000000e+00
1.000000000000000000e+00
1.000000000000000000e+00
9.034689664840698242e-01
1.000000000000000000e+00
8.997502923011779785e-01
9.795697927474975586e-01
9.142774939537048340e-01
8.026670217514038086e-01
9.994124174118041992e-01
1.000000000000000000e+00
1.000000000000000000e+00
9.126786589622497559e-01
8.639438748359680176e-01
1.000000000000000000e+00
1.000000000000000000e+00
9.426179528236389160e-01
8.745511174201965332e-01
9.997963309288024902e-01
8.502800464630126953e-01
1.000000000000000000e+00
7.729601860046386719e-01
8.091423511505126953e-01
9.975719451904296875e-01
7.930757403373718262e-01
8.320884704589843750e-01
8.784930706024169922e-01
1.000000000000000000e+00
8.950592875480651855e-01
1.000000000000000000e+00
7.272124290466308594e-01
9.758512377738952637e-01
7.605227828025817871e-01
1.000000000000000000e+00
7.685475349426269531e-01
8.487545847892761230e-01
9.043789505958557129e-01
7.607038617134094238e-01
1.000000000000000000e+00
7.774986624717712402e-01
8.318233489990234375e-01
7.867761254310607910e-01
6.987041234970092773e-01
7.033041119575500488e-01
8.358190059661865234e-01
8.990393877029418945e-01
8.971438407897949219e-01
8.341125845909118652e-01
8.409423232078552246e-01
8.250402212142944336e-01
7.861832976341247559e-01
9.455806612968444824e-01
1.000000000000000000e+00
9.555829167366027832e-01
7.233248949050903320e-01
1.000000000000000000e+00
7.944570779800415039e-01
7.845293283462524414e-01
7.769267559051513672e-01
8.446033000946044922e-01
9.035422801971435547e-01
8.701263070106506348e-01
1.000000000000000000e+00
8.538240790367126465e-01
7.830077409744262695e-01
9.998530149459838867e-01
8.727492690086364746e-01
8.730682134628295898e-01
1.000000000000000000e+00
1.000000000000000000e+00
1.000000000000000000e+00
8.130298852920532227e-01
1.000000000000000000e+00
9.009056091308593750e-01
9.103690981864929199e-01
7.602364420890808105e-01
9.076840877532958984e-01
9.999349713325500488e-01
7.981010079383850098e-01
1.000000000000000000e+00
7.716820240020751953e-01
7.755792737007141113e-01
8.428902029991149902e-01
1.000000000000000000e+00
8.239859938621520996e-01
1.000000000000000000e+00
9.994547367095947266e-01
1.000000000000000000e+00
7.494035959243774414e-01
1.000000000000000000e+00
8.270702958106994629e-01
9.281770586967468262e-01
7.300184965133666992e-01
1.000000000000000000e+00
9.047986865043640137e-01
1.000000000000000000e+00
8.645601272583007812e-01
1.000000000000000000e+00
1.000000000000000000e+00
1.000000000000000000e+00
8.090690970420837402e-01
9.039302468299865723e-01
7.228600978851318359e-01
7.807435393333435059e-01
1.000000000000000000e+00
8.127828836441040039e-01
1.000000000000000000e+00
8.928821682929992676e-01
8.600686788558959961e-01
7.570065259933471680e-01
9.984998703002929688e-01
8.322378396987915039e-01
8.455061316490173340e-01
8.272754549980163574e-01
9.976887106895446777e-01
9.276624321937561035e-01
8.443201184272766113e-01
1.000000000000000000e+00
9.998722076416015625e-01
7.883540391921997070e-01
8.264955282211303711e-01
1.000000000000000000e+00
7.082239389419555664e-01
8.702180385589599609e-01
7.701495885848999023e-01
8.605193495750427246e-01
1.000000000000000000e+00
7.473605871200561523e-01
8.257952928543090820e-01
8.197785615921020508e-01
7.972109913825988770e-01
1.000000000000000000e+00
1.000000000000000000e+00
1.000000000000000000e+00
7.716209888458251953e-01
1.000000000000000000e+00
8.398526906967163086e-01
9.222272038459777832e-01
1.000000000000000000e+00
1.000000000000000000e+00
1.000000000000000000e+00
8.944853544235229492e-01
8.513970375061035156e-01
7.222386598587036133e-01
7.539524435997009277e-01
1.000000000000000000e+00
7.347614765167236328e-01
7.908232212066650391e-01
1.000000000000000000e+00
1.000000000000000000e+00
9.183775782585144043e-01
1.000000000000000000e+00
7.957704067230224609e-01
8.201899528503417969e-01
8.706585168838500977e-01
7.622869014739990234e-01
8.928104043006896973e-01
7.926548123359680176e-01
9.999500513076782227e-01
8.022018671035766602e-01
8.453186154365539551e-01
1.000000000000000000e+00
8.330584764480590820e-01
7.958723902702331543e-01
7.849871516227722168e-01
1.000000000000000000e+00
9.345239400863647461e-01
8.922793269157409668e-01
1.000000000000000000e+00
9.209363460540771484e-01
8.242329359054565430e-01
1.000000000000000000e+00
9.999672770500183105e-01
1.000000000000000000e+00
1.000000000000000000e+00
8.664771318435668945e-01
6.644494533538818359e-01
1.000000000000000000e+00
1.000000000000000000e+00
8.631770610809326172e-01
9.046445488929748535e-01
9.151614904403686523e-01
8.884782791137695312e-01
9.990853667259216309e-01
9.964848160743713379e-01
9.987152814865112305e-01
6.858702898025512695e-01
8.414584398269653320e-01
1.000000000000000000e+00
9.189536571502685547e-01
1.000000000000000000e+00
1.000000000000000000e+00
7.726776599884033203e-01
8.803744912147521973e-01
7.927583456039428711e-01
9.418575763702392578e-01
8.112960457801818848e-01
1.000000000000000000e+00
9.971735477447509766e-01
7.791161537170410156e-01
1.000000000000000000e+00
1.000000000000000000e+00
8.287211656570434570e-01
1.000000000000000000e+00
1.000000000000000000e+00
7.123104333877563477e-01
9.969666600227355957e-01
8.344889283180236816e-01
1.000000000000000000e+00
7.996971011161804199e-01
8.564757108688354492e-01
1.000000000000000000e+00
8.941818475723266602e-01
9.856856465339660645e-01
8.933942914009094238e-01
7.613933682441711426e-01
1.000000000000000000e+00
8.028476834297180176e-01
1.000000000000000000e+00
8.652728796005249023e-01
1.000000000000000000e+00
1.000000000000000000e+00
9.363594055175781250e-01
1.000000000000000000e+00
7.899560928344726562e-01
7.278486490249633789e-01
9.203941226005554199e-01
9.987982511520385742e-01
7.714531421661376953e-01
8.496823310852050781e-01
9.997571110725402832e-01
9.795994758605957031e-01
1.000000000000000000e+00
8.164654970169067383e-01
7.386595010757446289e-01
9.998175501823425293e-01
9.515267014503479004e-01
9.059472084045410156e-01
7.510339021682739258e-01
9.999421238899230957e-01
7.248440384864807129e-01
7.680526971817016602e-01
8.906255960464477539e-01
1.000000000000000000e+00
8.224799036979675293e-01
9.861356616020202637e-01
9.112766385078430176e-01
6.906273961067199707e-01
8.490447998046875000e-01
8.006185293197631836e-01
9.996513724327087402e-01
8.730336427688598633e-01
7.423940896987915039e-01
1.000000000000000000e+00
9.633146524429321289e-01
8.919888138771057129e-01
1.000000000000000000e+00
8.366757631301879883e-01
1.000000000000000000e+00
7.395956516265869141e-01
7.900103330612182617e-01
1.000000000000000000e+00
9.210482835769653320e-01
1.000000000000000000e+00
1.000000000000000000e+00
7.318850755691528320e-01
8.222056627273559570e-01
9.992883801460266113e-01
1.000000000000000000e+00
9.180610179901123047e-01
7.100055217742919922e-01
1.000000000000000000e+00
8.216502666473388672e-01
1.000000000000000000e+00
1.000000000000000000e+00
9.955960512161254883e-01
7.930760383605957031e-01
1.000000000000000000e+00
7.298173308372497559e-01
7.990694046020507812e-01
9.984465837478637695e-01
9.981474280357360840e-01
1.000000000000000000e+00
7.026084661483764648e-01
1.000000000000000000e+00
9.133012890815734863e-01
7.970594167709350586e-01
7.577375769615173340e-01
9.957301020622253418e-01
9.234005808830261230e-01
1.000000000000000000e+00
7.171464562416076660e-01
1.000000000000000000e+00
1.000000000000000000e+00
1.000000000000000000e+00
1.000000000000000000e+00
9.492601156234741211e-01
7.403630614280700684e-01
7.049912214279174805e-01
1.000000000000000000e+00
1.000000000000000000e+00
1.000000000000000000e+00
9.998520016670227051e-01
7.452940940856933594e-01
1.000000000000000000e+00
9.334000945091247559e-01
8.427096605300903320e-01
1.000000000000000000e+00
7.429254055023193359e-01
7.663289308547973633e-01
8.449875712394714355e-01
8.991747498512268066e-01
7.141470909118652344e-01
7.255348563194274902e-01
9.997395873069763184e-01
8.871941566467285156e-01
9.997514486312866211e-01
1.000000000000000000e+00
8.500748872756958008e-01
8.586670160293579102e-01
6.986707448959350586e-01
1.000000000000000000e+00
7.066742181777954102e-01
8.775740861892700195e-01
1.000000000000000000e+00
9.926583170890808105e-01
7.424157857894897461e-01
9.041647911071777344e-01
8.942466974258422852e-01
7.901810407638549805e-01
1.000000000000000000e+00
9.642747640609741211e-01
8.850600719451904297e-01
1.000000000000000000e+00
1.000000000000000000e+00
8.901541233062744141e-01
7.672767639160156250e-01
8.201816082000732422e-01
7.954092621803283691e-01
1.000000000000000000e+00
8.556777834892272949e-01
8.340170383453369141e-01
9.999893903732299805e-01
7.849059700965881348e-01
1.000000000000000000e+00
8.291751146316528320e-01
8.644608259201049805e-01
1.000000000000000000e+00
1.000000000000000000e+00
7.570692896842956543e-01
8.870406746864318848e-01
9.960045218467712402e-01
9.981330633163452148e-01
1.000000000000000000e+00
7.956329584121704102e-01
9.999964237213134766e-01
1.000000000000000000e+00
7.865546941757202148e-01
7.897554039955139160e-01
9.124622941017150879e-01
8.726948499679565430e-01
8.670572042465209961e-01
7.200942039489746094e-01
1.000000000000000000e+00
8.547123670578002930e-01
7.016358375549316406e-01
1.000000000000000000e+00
9.994518160820007324e-01
9.962707757949829102e-01
7.636596560478210449e-01
1.000000000000000000e+00
8.382865190505981445e-01
8.623442649841308594e-01
1.000000000000000000e+00
1.000000000000000000e+00
9.843493700027465820e-01
7.737146019935607910e-01
1.000000000000000000e+00
9.418320059776306152e-01
8.367032408714294434e-01
8.171327710151672363e-01
9.940092563629150391e-01
7.770482897758483887e-01
9.988953471183776855e-01
8.901900053024291992e-01
9.170649051666259766e-01
8.269078135490417480e-01
8.360791206359863281e-01
1.000000000000000000e+00
1.000000000000000000e+00
7.302253246307373047e-01
8.419074416160583496e-01
8.215389251708984375e-01
8.448433876037597656e-01
1.000000000000000000e+00
8.842812776565551758e-01
9.086742997169494629e-01
8.519023656845092773e-01
1.000000000000000000e+00
1.000000000000000000e+00
7.548801898956298828e-01
7.770860791206359863e-01
1.000000000000000000e+00
1.000000000000000000e+00
1.000000000000000000e+00
7.429871559143066406e-01
7.363821268081665039e-01
9.119239449501037598e-01
8.495588302612304688e-01
9.345614910125732422e-01
8.134098052978515625e-01
9.998394250869750977e-01
8.959330916404724121e-01
8.150104284286499023e-01
9.967516660690307617e-01
8.986937999725341797e-01
8.177865147590637207e-01
9.940306544303894043e-01
1.000000000000000000e+00
7.126799225807189941e-01
9.790838956832885742e-01
9.282115697860717773e-01
1.000000000000000000e+00
9.690463542938232422e-01
6.910476684570312500e-01
1.000000000000000000e+00
1.000000000000000000e+00
8.848572969436645508e-01
1.000000000000000000e+00
9.098919630050659180e-01
8.938563466072082520e-01
8.935627937316894531e-01
1.000000000000000000e+00
1.000000000000000000e+00
7.610996365547180176e-01
8.151318430900573730e-01
1.000000000000000000e+00
7.420212030410766602e-01
7.067699432373046875e-01
9.456660747528076172e-01
1.000000000000000000e+00
1.000000000000000000e+00
1.000000000000000000e+00
1.000000000000000000e+00
8.422740697860717773e-01
1.000000000000000000e+00
9.690398573875427246e-01
1.000000000000000000e+00
8.684694766998291016e-01
9.998005032539367676e-01
1.000000000000000000e+00
1.000000000000000000e+00
9.056039452552795410e-01
9.254701733589172363e-01
9.889972805976867676e-01
8.348422050476074219e-01
8.432039022445678711e-01
7.988820672035217285e-01
1.000000000000000000e+00
9.055547118186950684e-01
9.896314740180969238e-01
1.000000000000000000e+00
1.000000000000000000e+00
1.000000000000000000e+00
9.093506336212158203e-01
9.995897412300109863e-01
8.277693986892700195e-01
7.740113735198974609e-01
8.412620425224304199e-01
8.787567019462585449e-01
1.000000000000000000e+00
9.998046159744262695e-01
1.000000000000000000e+00
8.358961343765258789e-01
7.901371121406555176e-01
1.000000000000000000e+00
8.792356848716735840e-01
7.191945314407348633e-01
9.376241564750671387e-01
1.000000000000000000e+00
1.000000000000000000e+00
1.000000000000000000e+00
8.527489900588989258e-01
9.897506237030029297e-01
9.089925289154052734e-01
8.465646505355834961e-01
8.121824264526367188e-01
8.425418138504028320e-01
1.000000000000000000e+00
9.079318046569824219e-01
6.673195958137512207e-01
1.000000000000000000e+00
8.868217468261718750e-01
1.000000000000000000e+00
7.417311072349548340e-01
7.945695519447326660e-01
8.275734782218933105e-01
9.998470544815063477e-01
9.925192594528198242e-01
9.062825441360473633e-01
8.626397848129272461e-01
8.099128007888793945e-01
8.280149102210998535e-01
8.793258070945739746e-01
7.596458196640014648e-01
9.542230367660522461e-01
9.977195858955383301e-01
1.000000000000000000e+00
1.000000000000000000e+00
7.607980966567993164e-01
7.907797694206237793e-01
7.731316089630126953e-01
9.999729394912719727e-01
1.000000000000000000e+00
1.000000000000000000e+00
7.785894870758056641e-01
9.316922426223754883e-01
9.557046294212341309e-01
7.630465626716613770e-01
9.999805688858032227e-01
9.898045063018798828e-01
8.119896650314331055e-01
8.841981291770935059e-01
9.067535400390625000e-01
8.846600651741027832e-01
8.209058046340942383e-01
1.000000000000000000e+00
1.000000000000000000e+00
1.000000000000000000e+00
1.000000000000000000e+00
1.000000000000000000e+00
9.361549615859985352e-01
1.000000000000000000e+00
1.000000000000000000e+00
1.000000000000000000e+00
7.371081709861755371e-01
9.273425936698913574e-01
9.716532230377197266e-01
8.561871051788330078e-01
8.290965557098388672e-01
9.986705183982849121e-01
8.116130828857421875e-01
1.000000000000000000e+00
9.998404383659362793e-01
1.000000000000000000e+00
9.993489980697631836e-01
1.000000000000000000e+00
7.117621302604675293e-01
1.000000000000000000e+00
8.008582592010498047e-01
9.426472783088684082e-01
9.985909461975097656e-01
8.604729175567626953e-01
7.749626040458679199e-01
7.484263181686401367e-01
8.796681165695190430e-01
7.133732438087463379e-01
7.198145389556884766e-01
9.986475110054016113e-01
1.000000000000000000e+00
9.982317090034484863e-01
7.992379665374755859e-01
1.000000000000000000e+00
1.000000000000000000e+00
9.855486750602722168e-01
7.113995552062988281e-01
9.947401881217956543e-01
1.000000000000000000e+00
9.380697011947631836e-01
6.985561847686767578e-01
9.523972272872924805e-01
1.000000000000000000e+00
1.000000000000000000e+00
1.000000000000000000e+00
9.999979138374328613e-01
6.745411157608032227e-01
1.000000000000000000e+00
9.721829891204833984e-01
9.032267928123474121e-01
7.876487374305725098e-01
8.122310638427734375e-01
9.995213747024536133e-01
9.365575313568115234e-01
8.754532933235168457e-01
8.093875050544738770e-01
8.840677738189697266e-01
7.117143869400024414e-01
9.991589784622192383e-01
7.880972623825073242e-01
9.947953820228576660e-01
9.316384196281433105e-01
9.768536090850830078e-01
8.991050720214843750e-01
1.000000000000000000e+00
8.403055071830749512e-01
8.827964663505554199e-01
1.000000000000000000e+00
1.000000000000000000e+00
7.302912473678588867e-01
8.038558363914489746e-01
1.000000000000000000e+00
8.519920706748962402e-01
8.858846426010131836e-01
1.000000000000000000e+00
9.999553561210632324e-01
1.000000000000000000e+00
9.301171898841857910e-01
8.037295341491699219e-01
1.000000000000000000e+00
9.107959270477294922e-01
8.875585794448852539e-01
1.000000000000000000e+00
9.872416853904724121e-01
9.968854784965515137e-01
1.000000000000000000e+00
7.873083949089050293e-01
9.749930500984191895e-01
7.483841180801391602e-01
9.194633960723876953e-01
1.000000000000000000e+00
1.000000000000000000e+00
1.000000000000000000e+00
7.696739435195922852e-01
9.978423118591308594e-01
1.000000000000000000e+00
8.445072770118713379e-01
1.000000000000000000e+00
1.000000000000000000e+00
1.000000000000000000e+00
9.997422099113464355e-01
9.061306715011596680e-01
1.000000000000000000e+00
1.000000000000000000e+00
8.379080891609191895e-01
1.000000000000000000e+00
8.741800785064697266e-01
8.620061278343200684e-01
1.000000000000000000e+00
7.251066565513610840e-01
9.945477247238159180e-01
9.946291446685791016e-01
8.678290843963623047e-01
8.367838263511657715e-01
9.043042063713073730e-01
8.715254068374633789e-01
8.842505216598510742e-01
7.988563179969787598e-01
1.000000000000000000e+00
8.669648170471191406e-01
1.000000000000000000e+00
8.624255657196044922e-01
9.096272587776184082e-01
7.782999277114868164e-01
9.999476075172424316e-01
9.045100808143615723e-01
8.194531202316284180e-01
7.922612428665161133e-01
1.000000000000000000e+00
8.878015279769897461e-01
9.999898672103881836e-01
7.844978570938110352e-01
7.578740715980529785e-01
9.987806081771850586e-01
7.741907835006713867e-01
8.152177333831787109e-01
9.452587962150573730e-01
7.750144004821777344e-01
9.316049814224243164e-01
7.124554514884948730e-01
9.936286211013793945e-01
1.000000000000000000e+00
9.654926061630249023e-01
8.457202911376953125e-01
7.807047367095947266e-01
8.265244364738464355e-01
9.964743256568908691e-01
8.950613141059875488e-01
1.000000000000000000e+00
9.095450043678283691e-01
9.999427795410156250e-01
7.548464536666870117e-01
1.000000000000000000e+00
6.995079517364501953e-01
1.000000000000000000e+00
8.927582502365112305e-01
9.999579787254333496e-01
9.906405806541442871e-01
1.000000000000000000e+00
8.091085553169250488e-01
9.972911477088928223e-01
1.000000000000000000e+00
1.000000000000000000e+00
9.914787411689758301e-01
9.725162982940673828e-01
7.766934037208557129e-01
1.000000000000000000e+00
1.000000000000000000e+00
8.010579943656921387e-01
9.002192616462707520e-01
8.061062097549438477e-01
1.000000000000000000e+00
1.000000000000000000e+00
8.106461167335510254e-01
7.937966585159301758e-01
8.641380667686462402e-01
8.439673185348510742e-01
6.870415210723876953e-01
1.000000000000000000e+00
9.997031688690185547e-01
8.276113867759704590e-01
9.996076822280883789e-01
1.000000000000000000e+00
8.558246493339538574e-01
9.349879026412963867e-01
1.000000000000000000e+00
9.999711513519287109e-01
9.994074106216430664e-01
7.191466093063354492e-01
8.187445402145385742e-01
7.943140268325805664e-01
9.033333659172058105e-01
9.981393218040466309e-01
1.000000000000000000e+00
9.947303533554077148e-01
1.000000000000000000e+00
7.986478805541992188e-01
9.994650483131408691e-01
8.281375765800476074e-01
1.000000000000000000e+00
9.999910593032836914e-01
9.076188802719116211e-01
9.965901374816894531e-01
1.000000000000000000e+00
8.393372297286987305e-01
1.000000000000000000e+00
1.000000000000000000e+00
9.026881456375122070e-01
8.621183633804321289e-01
1.000000000000000000e+00
7.712756991386413574e-01
7.837486267089843750e-01
7.944853305816650391e-01
9.991462826728820801e-01
8.354701995849609375e-01
9.991562366485595703e-01
6.833205819129943848e-01
9.992514848709106445e-01
6.835647821426391602e-01
8.018999099731445312e-01
8.426074981689453125e-01
7.707873582839965820e-01
9.993969202041625977e-01
9.663737416267395020e-01
7.768970727920532227e-01
6.706304550170898438e-01
7.903712987899780273e-01
1.000000000000000000e+00
7.467797994613647461e-01
1.000000000000000000e+00
8.469571471214294434e-01
7.568765878677368164e-01
1.000000000000000000e+00
8.049235939979553223e-01
7.504421472549438477e-01
7.769280076026916504e-01
1.000000000000000000e+00
1.000000000000000000e+00
9.994865655899047852e-01
7.732135653495788574e-01
7.973140478134155273e-01
9.031553864479064941e-01
1.000000000000000000e+00
8.971014022827148438e-01
9.327696561813354492e-01
8.383402228355407715e-01
1.000000000000000000e+00
8.564469814300537109e-01
8.184834122657775879e-01
8.114663362503051758e-01
7.482370138168334961e-01
8.303915262222290039e-01
7.993310093879699707e-01
1.000000000000000000e+00
1.000000000000000000e+00
9.999740123748779297e-01
7.897145152091979980e-01
7.694150209426879883e-01
7.327849864959716797e-01
1.000000000000000000e+00
7.835645675659179688e-01
9.998646974563598633e-01
7.597060203552246094e-01
1.000000000000000000e+00
7.105590105056762695e-01
9.562101364135742188e-01
7.729301452636718750e-01
8.330134749412536621e-01
9.477013945579528809e-01
6.907428503036499023e-01
8.508027791976928711e-01
7.488960623741149902e-01
8.073612451553344727e-01
8.586620092391967773e-01
1.000000000000000000e+00
7.782004475593566895e-01
9.047520756721496582e-01
6.536822319030761719e-01
7.601655721664428711e-01
1.000000000000000000e+00
7.530758380889892578e-01
1.000000000000000000e+00
8.587861061096191406e-01
7.990359663963317871e-01
8.200896382331848145e-01
8.262627124786376953e-01
8.189216852188110352e-01
7.578525543212890625e-01
9.990434646606445312e-01
8.554055094718933105e-01
7.332441210746765137e-01
9.996646046638488770e-01
7.979793548583984375e-01
7.119472622871398926e-01
7.415234446525573730e-01
8.966061472892761230e-01
9.983827471733093262e-01
8.892179727554321289e-01
1.000000000000000000e+00
7.855186462402343750e-01
7.960194349288940430e-01
8.420591354370117188e-01
1.000000000000000000e+00
9.455206394195556641e-01
1.000000000000000000e+00
1.000000000000000000e+00
9.791862964630126953e-01
9.153879880905151367e-01
1.000000000000000000e+00
8.636893630027770996e-01
6.734857559204101562e-01
7.878974080085754395e-01
9.254160523414611816e-01
9.327464103698730469e-01
8.122998476028442383e-01
8.963896632194519043e-01
7.161169052124023438e-01
7.862695455551147461e-01
7.358407974243164062e-01
6.941151022911071777e-01
9.991955757141113281e-01
8.903450965881347656e-01
9.542692899703979492e-01
7.290542721748352051e-01
9.710822701454162598e-01
1.000000000000000000e+00
8.290516734123229980e-01
1.000000000000000000e+00
9.204378128051757812e-01
9.759464859962463379e-01
7.544676065444946289e-01
7.030298709869384766e-01
1.000000000000000000e+00
9.776281714439392090e-01
1.000000000000000000e+00
9.922199845314025879e-01
8.064185976982116699e-01
8.667724132537841797e-01
9.999565482139587402e-01
9.056065678596496582e-01
8.947757482528686523e-01
1.000000000000000000e+00
9.039960503578186035e-01
9.999431967735290527e-01
1.000000000000000000e+00
1.000000000000000000e+00
1.000000000000000000e+00
7.858211994171142578e-01
1.000000000000000000e+00
9.287881851196289062e-01
9.992520213127136230e-01
7.874957323074340820e-01
8.580440282821655273e-01
1.000000000000000000e+00
9.449738860130310059e-01
6.928814649581909180e-01
7.867074608802795410e-01
7.841314673423767090e-01
8.958221673965454102e-01
9.065857529640197754e-01
1.000000000000000000e+00
8.328253030776977539e-01
8.908207416534423828e-01
8.168992996215820312e-01
9.997172951698303223e-01
8.564868569374084473e-01
1.000000000000000000e+00
1.000000000000000000e+00
9.181324839591979980e-01
1.000000000000000000e+00
8.216334581375122070e-01
8.969721794128417969e-01
9.948960542678833008e-01
8.769682645797729492e-01
8.367862105369567871e-01
1.000000000000000000e+00
1.000000000000000000e+00
1.000000000000000000e+00
7.910576462745666504e-01
9.988620877265930176e-01
7.330251336097717285e-01
7.292070984840393066e-01
7.354710102081298828e-01
1.000000000000000000e+00
9.988389611244201660e-01
8.956804871559143066e-01
9.194568991661071777e-01
8.059622049331665039e-01
8.927416801452636719e-01
8.119726777076721191e-01
9.509404301643371582e-01
9.085285067558288574e-01
7.366437911987304688e-01
9.999911189079284668e-01
9.035407304763793945e-01
8.776889443397521973e-01
1.000000000000000000e+00
9.949961304664611816e-01
7.974406480789184570e-01
1.000000000000000000e+00
7.413787245750427246e-01
1.000000000000000000e+00
8.551803231239318848e-01
7.435265183448791504e-01
1.000000000000000000e+00
1.000000000000000000e+00
8.358763456344604492e-01
8.815370202064514160e-01
7.255148887634277344e-01
9.572967886924743652e-01
1.000000000000000000e+00
8.279897570610046387e-01
8.896771669387817383e-01
9.972600340843200684e-01
8.732843399047851562e-01
1.000000000000000000e+00
8.924963474273681641e-01
8.439090251922607422e-01
7.810058593750000000e-01
8.201342821121215820e-01
7.004467844963073730e-01
8.721161484718322754e-01
8.561347126960754395e-01
9.997401237487792969e-01
8.392305374145507812e-01
1.000000000000000000e+00
7.057656049728393555e-01
8.469241261482238770e-01
8.111527562141418457e-01
7.207634449005126953e-01
7.742155194282531738e-01
9.998993873596191406e-01
9.974130392074584961e-01
1.000000000000000000e+00
1.000000000000000000e+00
8.085749745368957520e-01
7.452418804168701172e-01
1.000000000000000000e+00
8.028520345687866211e-01
1.000000000000000000e+00
6.944214105606079102e-01
8.202208280563354492e-01
6.591798067092895508e-01
9.346169829368591309e-01
1.000000000000000000e+00
7.564091682434082031e-01
8.841159343719482422e-01
7.205135822296142578e-01
9.147341251373291016e-01
7.812625169754028320e-01
1.000000000000000000e+00
8.219252824783325195e-01
7.979986667633056641e-01
1.000000000000000000e+00
1.000000000000000000e+00
8.291823863983154297e-01
9.350847601890563965e-01
8.632386326789855957e-01
9.227832555770874023e-01
1.000000000000000000e+00
1.000000000000000000e+00
1.000000000000000000e+00
7.993178367614746094e-01
9.999562501907348633e-01
1.000000000000000000e+00
1.000000000000000000e+00
8.934412002563476562e-01
1.000000000000000000e+00
9.886078238487243652e-01
9.518420696258544922e-01
9.879944324493408203e-01
1.000000000000000000e+00
9.272104501724243164e-01
6.670563220977783203e-01
8.412033915519714355e-01
8.996112942695617676e-01
1.000000000000000000e+00
6.931849122047424316e-01
8.604696393013000488e-01
8.838537931442260742e-01
1.000000000000000000e+00
6.891316175460815430e-01
9.578217864036560059e-01
9.997714757919311523e-01
1.000000000000000000e+00
9.078360795974731445e-01
1.000000000000000000e+00
8.049799203872680664e-01
8.961583971977233887e-01
6.942481994628906250e-01
8.199495077133178711e-01
9.052701592445373535e-01
8.035628795623779297e-01
8.577459454536437988e-01
7.574534416198730469e-01
1.000000000000000000e+00
8.275165557861328125e-01
8.049759864807128906e-01
7.573602199554443359e-01
8.016970157623291016e-01
8.258638381958007812e-01
9.957789182662963867e-01
1.000000000000000000e+00
8.952420949935913086e-01
8.429431915283203125e-01
7.747591137886047363e-01
1.000000000000000000e+00
9.519776105880737305e-01
1.000000000000000000e+00
7.650923728942871094e-01
7.811303138732910156e-01
8.372276425361633301e-01
1.000000000000000000e+00
7.952910661697387695e-01
8.284578323364257812e-01
1.000000000000000000e+00
7.581583261489868164e-01
7.702314257621765137e-01
6.900062561035156250e-01
8.784182071685791016e-01
8.825024366378784180e-01
1.000000000000000000e+00
8.070462942123413086e-01
1.000000000000000000e+00
1.000000000000000000e+00
7.710901498794555664e-01
9.452337026596069336e-01
1.000000000000000000e+00
9.412136673927307129e-01
8.990311026573181152e-01
1.000000000000000000e+00
7.652612328529357910e-01
9.971453547477722168e-01
8.074891567230224609e-01
1.000000000000000000e+00
1.000000000000000000e+00
7.445863485336303711e-01
7.922308444976806641e-01
9.119251966476440430e-01
7.763659358024597168e-01
1.000000000000000000e+00
1.000000000000000000e+00
8.003509044647216797e-01
1.000000000000000000e+00
1.000000000000000000e+00
8.563200831413269043e-01
1.000000000000000000e+00
9.988230466842651367e-01
7.916090488433837891e-01
8.318171501159667969e-01
1.000000000000000000e+00
1.000000000000000000e+00
8.790385127067565918e-01
7.832373976707458496e-01
1.000000000000000000e+00
9.998046159744262695e-01
6.906023621559143066e-01
9.004985690116882324e-01
7.315731644630432129e-01
7.661143541336059570e-01
8.178225159645080566e-01
1.000000000000000000e+00
8.955368399620056152e-01
1.000000000000000000e+00
8.872625231742858887e-01
8.331786394119262695e-01
9.960387945175170898e-01
9.998318552970886230e-01
1.000000000000000000e+00
8.137518763542175293e-01
7.663053274154663086e-01
1.000000000000000000e+00
8.189403414726257324e-01
1.000000000000000000e+00
9.999970197677612305e-01
8.312571048736572266e-01
7.976155281066894531e-01
1.000000000000000000e+00
7.670432329177856445e-01
1.000000000000000000e+00
1.000000000000000000e+00
9.999792575836181641e-01
9.976738691329956055e-01
9.988473653793334961e-01
1.000000000000000000e+00
1.000000000000000000e+00
7.211349010467529297e-01
9.869649410247802734e-01
9.408680200576782227e-01
9.999369382858276367e-01
9.999917745590209961e-01
6.816478967666625977e-01
8.904854059219360352e-01
7.636572122573852539e-01
1.000000000000000000e+00
8.689340353012084961e-01
9.998584389686584473e-01
9.492720365524291992e-01
9.634565711021423340e-01
1.000000000000000000e+00
1.000000000000000000e+00
1.000000000000000000e+00
6.958744525909423828e-01
1.000000000000000000e+00
9.217662811279296875e-01
8.829895257949829102e-01
7.687121033668518066e-01
6.696840524673461914e-01
1.000000000000000000e+00
8.476638793945312500e-01
6.872427463531494141e-01
8.717117309570312500e-01
9.052652716636657715e-01
8.334417343139648438e-01
9.325767755508422852e-01
9.892291426658630371e-01
8.050822019577026367e-01
1.000000000000000000e+00
1.000000000000000000e+00
1.000000000000000000e+00
1.000000000000000000e+00
1.000000000000000000e+00
8.309077024459838867e-01
1.000000000000000000e+00
8.941745758056640625e-01
8.326461911201477051e-01
7.554928660392761230e-01
9.575877189636230469e-01
8.223814964294433594e-01
1.000000000000000000e+00
8.400043249130249023e-01
8.854787945747375488e-01
7.447813749313354492e-01
7.105382084846496582e-01
8.665952682495117188e-01
9.999998807907104492e-01
9.214965701103210449e-01
8.731184601783752441e-01
8.788256049156188965e-01
9.489536285400390625e-01
9.285336732864379883e-01
9.875659942626953125e-01
1.000000000000000000e+00
7.432193756103515625e-01
1.000000000000000000e+00
8.666108846664428711e-01
8.157957196235656738e-01
9.021630287170410156e-01
9.919747114181518555e-01
8.396307826042175293e-01
7.606659531593322754e-01
7.435083389282226562e-01
8.788069486618041992e-01
7.435120940208435059e-01
8.001806735992431641e-01
8.245818614959716797e-01
1.000000000000000000e+00
9.663630127906799316e-01
9.995462298393249512e-01
6.827110052108764648e-01
1.000000000000000000e+00
8.238564729690551758e-01
8.006135225296020508e-01
1.000000000000000000e+00
7.591411471366882324e-01
7.815909385681152344e-01
1.000000000000000000e+00
8.545819520950317383e-01
8.237947225570678711e-01
1.000000000000000000e+00
9.460597038269042969e-01
1.000000000000000000e+00
7.209830284118652344e-01
1.000000000000000000e+00
7.666215300559997559e-01
7.871106863021850586e-01
9.004434347152709961e-01
1.000000000000000000e+00
7.205938696861267090e-01
6.923177242279052734e-01
8.333780765533447266e-01
7.755205035209655762e-01
7.822660207748413086e-01
1.000000000000000000e+00
8.852187991142272949e-01
7.112323045730590820e-01
1.000000000000000000e+00
1.000000000000000000e+00
1.000000000000000000e+00
8.293377757072448730e-01
1.000000000000000000e+00
7.864006161689758301e-01
1.000000000000000000e+00
8.748206496238708496e-01
1.000000000000000000e+00
8.316258192062377930e-01
9.996125102043151855e-01
8.835591673851013184e-01
8.333848714828491211e-01
8.905044794082641602e-01
1.000000000000000000e+00
6.843887567520141602e-01
9.973177909851074219e-01
9.335909485816955566e-01
7.551120519638061523e-01
7.927266955375671387e-01
9.285617470741271973e-01
9.997096657752990723e-01
1.000000000000000000e+00
7.009410858154296875e-01
1.000000000000000000e+00
1.000000000000000000e+00
1.000000000000000000e+00
1.000000000000000000e+00
9.970774650573730469e-01
7.873105406761169434e-01
1.000000000000000000e+00
6.756472587585449219e-01
7.622436881065368652e-01
7.862859964370727539e-01
1.000000000000000000e+00
7.759588956832885742e-01
8.525288701057434082e-01
1.000000000000000000e+00
1.000000000000000000e+00
9.970165491104125977e-01
8.540003299713134766e-01
1.000000000000000000e+00
1.000000000000000000e+00
7.952710390090942383e-01
1.000000000000000000e+00
8.795346617698669434e-01
7.982250452041625977e-01
7.181341648101806641e-01
1.000000000000000000e+00
9.774491786956787109e-01
7.671879529953002930e-01
7.762030959129333496e-01
8.056621551513671875e-01
9.992240667343139648e-01
8.589934110641479492e-01
1.000000000000000000e+00
1.000000000000000000e+00
1.000000000000000000e+00
6.800785064697265625e-01
1.000000000000000000e+00
9.926736354827880859e-01
1.000000000000000000e+00
7.502460479736328125e-01
7.372832298278808594e-01
1.000000000000000000e+00
8.856194019317626953e-01
9.990948438644409180e-01
7.376704216003417969e-01
7.688078880310058594e-01
1.000000000000000000e+00
1.000000000000000000e+00
9.997498989105224609e-01
9.973558783531188965e-01
1.000000000000000000e+00
9.335236549377441406e-01
8.068218827247619629e-01
9.168589711189270020e-01
6.782445907592773438e-01
1.000000000000000000e+00
9.412760734558105469e-01
7.549024820327758789e-01
9.266574382781982422e-01
9.776037931442260742e-01
7.902657389640808105e-01
1.000000000000000000e+00
1.000000000000000000e+00
1.000000000000000000e+00
7.643091082572937012e-01
9.061291813850402832e-01
7.760369181632995605e-01
8.292192220687866211e-01
1.000000000000000000e+00
7.603602409362792969e-01
1.000000000000000000e+00
8.017922639846801758e-01
7.625228762626647949e-01
8.214355707168579102e-01
9.436870813369750977e-01
9.468522071838378906e-01
7.958662509918212891e-01
6.955039501190185547e-01
7.697327136993408203e-01
7.905879616737365723e-01
8.505610823631286621e-01
1.000000000000000000e+00
9.036566615104675293e-01
9.975919723510742188e-01
7.589138746261596680e-01
9.569666981697082520e-01
9.999874234199523926e-01
1.000000000000000000e+00
8.764864802360534668e-01
1.000000000000000000e+00
8.867935538291931152e-01
1.000000000000000000e+00
8.035453557968139648e-01
9.451524019241333008e-01
7.917016744613647461e-01
9.383347034454345703e-01
1.000000000000000000e+00
8.117731809616088867e-01
9.999883770942687988e-01
7.735798954963684082e-01
7.222088575363159180e-01
9.996113181114196777e-01
7.617174983024597168e-01
1.000000000000000000e+00
1.000000000000000000e+00
9.986113309860229492e-01
1.000000000000000000e+00
8.563343882560729980e-01
1.000000000000000000e+00
9.996812343597412109e-01
8.616285920143127441e-01
1.000000000000000000e+00
8.864346146583557129e-01
1.000000000000000000e+00
9.427776932716369629e-01
9.996679425239562988e-01
6.786842346191406250e-01
1.000000000000000000e+00
7.541780471801757812e-01
8.685775995254516602e-01
9.989822506904602051e-01
1.000000000000000000e+00
8.083981275558471680e-01
1.000000000000000000e+00
1.000000000000000000e+00
1.000000000000000000e+00
8.674036860466003418e-01
1.000000000000000000e+00
9.999893903732299805e-01
9.462447762489318848e-01
8.375393748283386230e-01
7.934032678604125977e-01
9.999919533729553223e-01
7.400044202804565430e-01
7.723454236984252930e-01
1.000000000000000000e+00
1.000000000000000000e+00
9.999818205833435059e-01
9.997482895851135254e-01
1.000000000000000000e+00
9.570209980010986328e-01
9.997097253799438477e-01
7.689157724380493164e-01
7.246071696281433105e-01
1.000000000000000000e+00
9.997476935386657715e-01
9.999792575836181641e-01
1.000000000000000000e+00
9.988024830818176270e-01
1.000000000000000000e+00
9.998569488525390625e-01
9.980443716049194336e-01
7.254443168640136719e-01
8.132524490356445312e-01
8.063162565231323242e-01
8.376011848449707031e-01
8.399994373321533203e-01
8.424025774002075195e-01
1.000000000000000000e+00
7.347691059112548828e-01
9.166892766952514648e-01
8.432250618934631348e-01
9.994339942932128906e-01
8.695954084396362305e-01
9.044579863548278809e-01
8.516765236854553223e-01
9.776594638824462891e-01
8.337561488151550293e-01
9.224681854248046875e-01
1.000000000000000000e+00
1.000000000000000000e+00
7.844802141189575195e-01
8.110028505325317383e-01
1.000000000000000000e+00
1.000000000000000000e+00
6.990492343902587891e-01
9.471051096916198730e-01
8.016728162765502930e-01
1.000000000000000000e+00
9.072223901748657227e-01
8.591674566268920898e-01
9.581494927406311035e-01
7.714062333106994629e-01
9.978132843971252441e-01
7.662012577056884766e-01
6.730126738548278809e-01
9.994775056838989258e-01
8.627320528030395508e-01
9.994996190071105957e-01
8.477565050125122070e-01
7.541263699531555176e-01
7.754220962524414062e-01
8.936955928802490234e-01
1.000000000000000000e+00
1.000000000000000000e+00
1.000000000000000000e+00
7.752183675765991211e-01
9.399874210357666016e-01
9.989158511161804199e-01
8.011246919631958008e-01
9.748665094375610352e-01
8.541392683982849121e-01
8.765916228294372559e-01
7.796387672424316406e-01
1.000000000000000000e+00
8.468725085258483887e-01
6.726242303848266602e-01
8.132855892181396484e-01
7.431638240814208984e-01
8.197119235992431641e-01
9.997709989547729492e-01
1.000000000000000000e+00
1.000000000000000000e+00
8.949501514434814453e-01
9.715470671653747559e-01
8.836145401000976562e-01
9.995838999748229980e-01
9.430204033851623535e-01
8.863490223884582520e-01
9.999984502792358398e-01
1.000000000000000000e+00
1.000000000000000000e+00
9.996432065963745117e-01
7.248388528823852539e-01
7.649862766265869141e-01
9.967994093894958496e-01
9.959444403648376465e-01
8.370776772499084473e-01
1.000000000000000000e+00
8.839174509048461914e-01
1.000000000000000000e+00
1.000000000000000000e+00
1.000000000000000000e+00
9.504097700119018555e-01
1.000000000000000000e+00
9.982218146324157715e-01
7.702702283859252930e-01
9.944777488708496094e-01
9.999989271163940430e-01
8.584067225456237793e-01
9.999845623970031738e-01
9.997776746749877930e-01
8.352199792861938477e-01
9.616831541061401367e-01
8.241088390350341797e-01
8.661270737648010254e-01
1.000000000000000000e+00
9.104897379875183105e-01
8.308061361312866211e-01
1.000000000000000000e+00
8.853226304054260254e-01
1.000000000000000000e+00
8.164485692977905273e-01
1.000000000000000000e+00
7.788137197494506836e-01
8.982958793640136719e-01
1.000000000000000000e+00
9.746223092079162598e-01
9.036593437194824219e-01
7.619491219520568848e-01
9.996948242187500000e-01
7.908703088760375977e-01
8.458219766616821289e-01
9.998385310173034668e-01
7.137998342514038086e-01
1.000000000000000000e+00
7.578930258750915527e-01
7.719068527221679688e-01
7.038218975067138672e-01
8.910342454910278320e-01
8.256385922431945801e-01
1.000000000000000000e+00
9.569760560989379883e-01
9.914134144783020020e-01
7.808529138565063477e-01
1.000000000000000000e+00
9.040111899375915527e-01
9.993016123771667480e-01
1.000000000000000000e+00
1.000000000000000000e+00
9.805554747581481934e-01
8.990445137023925781e-01
9.990468025207519531e-01
8.927665948867797852e-01
8.992584943771362305e-01
8.519710898399353027e-01
7.679019570350646973e-01
8.805463314056396484e-01
7.603267431259155273e-01
7.497903704643249512e-01
1.000000000000000000e+00
7.955707311630249023e-01
9.998167753219604492e-01
7.890708446502685547e-01
7.958909273147583008e-01
9.997441172599792480e-01
8.128246665000915527e-01
1.000000000000000000e+00
1.000000000000000000e+00
6.998327970504760742e-01
7.789288759231567383e-01
1.000000000000000000e+00
8.932935595512390137e-01
7.594975829124450684e-01
8.337568640708923340e-01
7.562641501426696777e-01
8.852185010910034180e-01
8.023565411567687988e-01
1.000000000000000000e+00
1.000000000000000000e+00
7.443548440933227539e-01
7.888020277023315430e-01
8.183351755142211914e-01
8.897918462753295898e-01
7.600175738334655762e-01
9.562878012657165527e-01
1.000000000000000000e+00
7.624729275703430176e-01
7.219520807266235352e-01
9.998473525047302246e-01
7.605793476104736328e-01
9.970362186431884766e-01
9.346220493316650391e-01
9.996652007102966309e-01
9.524079561233520508e-01
8.967349529266357422e-01
9.967736005783081055e-01
1.000000000000000000e+00
9.029147624969482422e-01
8.142556548118591309e-01
8.102245926856994629e-01
1.000000000000000000e+00
1.000000000000000000e+00
8.741466999053955078e-01
9.996341466903686523e-01
8.141142725944519043e-01
8.937962651252746582e-01
7.716952562332153320e-01
1.000000000000000000e+00
7.874919176101684570e-01
8.105981349945068359e-01
1.000000000000000000e+00
1.000000000000000000e+00
9.999701380729675293e-01
7.545307874679565430e-01
8.894699811935424805e-01
9.179705381393432617e-01
1.000000000000000000e+00
7.620368599891662598e-01
7.938352823257446289e-01
7.764881849288940430e-01
7.313871383666992188e-01
7.996798157691955566e-01
8.295223116874694824e-01
1.000000000000000000e+00
1.000000000000000000e+00
7.948141694068908691e-01
6.682370901107788086e-01
8.646574616432189941e-01
8.599768877029418945e-01
1.000000000000000000e+00
9.937837719917297363e-01
9.997916817665100098e-01
1.000000000000000000e+00
7.459238767623901367e-01
8.228595256805419922e-01
1.000000000000000000e+00
8.528852462768554688e-01
1.000000000000000000e+00
1.000000000000000000e+00
7.553851604461669922e-01
1.000000000000000000e+00
9.074530005455017090e-01
1.000000000000000000e+00
8.794767856597900391e-01
1.000000000000000000e+00
7.096779346466064453e-01
7.604116201400756836e-01
8.894053697586059570e-01
8.343406915664672852e-01
9.373308420181274414e-01
1.000000000000000000e+00
8.064239025115966797e-01
8.237085342407226562e-01
9.377328157424926758e-01
7.255988121032714844e-01
7.410094738006591797e-01
7.288939356803894043e-01
6.665637493133544922e-01
8.437668681144714355e-01
8.553732037544250488e-01
8.922774195671081543e-01
8.655467033386230469e-01
9.996212124824523926e-01
1.000000000000000000e+00
1.000000000000000000e+00
8.372756242752075195e-01
1.000000000000000000e+00
9.937146902084350586e-01
9.057992696762084961e-01
8.301706910133361816e-01
9.166903495788574219e-01
1.000000000000000000e+00
9.972511529922485352e-01
7.709046006202697754e-01
8.593621850013732910e-01
7.667875289916992188e-01
9.999972581863403320e-01
9.146528840065002441e-01
6.897410750389099121e-01
7.778586745262145996e-01
7.027097940444946289e-01
9.999384284019470215e-01
1.000000000000000000e+00
1.000000000000000000e+00
9.916648268699645996e-01
9.997903108596801758e-01
8.648843765258789062e-01
7.473752498626708984e-01
7.821315526962280273e-01
1.000000000000000000e+00
7.661176323890686035e-01
8.386605978012084961e-01
1.000000000000000000e+00
7.886120676994323730e-01
9.155633449554443359e-01
8.517698645591735840e-01
1.000000000000000000e+00
1.000000000000000000e+00
1.000000000000000000e+00
7.461589574813842773e-01
8.558987975120544434e-01
8.377481698989868164e-01
1.000000000000000000e+00
8.950664997100830078e-01
7.052675485610961914e-01
9.519366621971130371e-01
6.469101309776306152e-01
8.322836160659790039e-01
8.145956993103027344e-01
9.223286509513854980e-01
8.562802076339721680e-01
8.239915370941162109e-01
1.000000000000000000e+00
7.320764064788818359e-01
9.998490214347839355e-01
9.995192289352416992e-01
8.960689306259155273e-01
9.468005299568176270e-01
8.526246547698974609e-01
1.000000000000000000e+00
1.000000000000000000e+00
6.933136582374572754e-01
7.836143970489501953e-01
9.995154142379760742e-01
1.000000000000000000e+00
7.444740533828735352e-01
8.450320959091186523e-01
7.400435209274291992e-01
9.999588727951049805e-01
1.000000000000000000e+00
1.000000000000000000e+00
9.654916524887084961e-01
9.146862030029296875e-01
8.236817121505737305e-01
1.000000000000000000e+00
8.400113582611083984e-01
1.000000000000000000e+00
9.999576210975646973e-01
7.018396854400634766e-01
8.194640278816223145e-01
1.000000000000000000e+00
7.713760137557983398e-01
1.000000000000000000e+00
7.944553494453430176e-01
7.951895594596862793e-01
7.857326865196228027e-01
7.754583954811096191e-01
1.000000000000000000e+00
8.929989933967590332e-01
7.787231206893920898e-01
1.000000000000000000e+00
8.060762882232666016e-01
1.000000000000000000e+00
7.994406819343566895e-01
6.606219410896301270e-01
9.637778401374816895e-01
9.212855100631713867e-01
7.857499718666076660e-01
8.253926038742065430e-01
9.000528454780578613e-01
8.234993219375610352e-01
9.827759861946105957e-01
9.967979192733764648e-01
9.999974370002746582e-01
6.747562289237976074e-01
9.031192064285278320e-01
1.000000000000000000e+00
1.000000000000000000e+00
7.612853050231933594e-01
1.000000000000000000e+00
8.833313584327697754e-01
9.881462454795837402e-01
9.580308198928833008e-01
9.307796359062194824e-01
9.996132850646972656e-01
1.000000000000000000e+00
7.607336640357971191e-01
9.977871179580688477e-01
1.000000000000000000e+00
