9.914744496345520020e-01
9.694204330444335938e-01
9.708568453788757324e-01
9.469718933105468750e-01
9.898790121078491211e-01
9.817306399345397949e-01
1.000000000000000000e+00
9.910913705825805664e-01
1.000000000000000000e+00
9.982187151908874512e-01
9.808202981948852539e-01
9.520914554595947266e-01
9.884985089302062988e-01
9.896330833435058594e-01
9.901423454284667969e-01
9.412517547607421875e-01
9.726211428642272949e-01
9.703008532524108887e-01
1.000000000000000000e+00
1.000000000000000000e+00
1.000000000000000000e+00
9.992407560348510742e-01
9.333285689353942871e-01
1.000000000000000000e+00
9.719046354293823242e-01
9.729378819465637207e-01
1.000000000000000000e+00
1.000000000000000000e+00
9.167553782463073730e-01
9.956232905387878418e-01
1.000000000000000000e+00
9.966350793838500977e-01
9.882560372352600098e-01
9.727860093116760254e-01
1.000000000000000000e+00
9.915411472320556641e-01
9.815191626548767090e-01
1.000000000000000000e+00
9.807006120681762695e-01
9.999957680702209473e-01
9.803484678268432617e-01
9.965127110481262207e-01
9.888822436332702637e-01
9.758067131042480469e-01
9.452377557754516602e-01
9.648838639259338379e-01
9.704592823982238770e-01
1.000000000000000000e+00
1.000000000000000000e+00
9.778991937637329102e-01
9.862746596336364746e-01
9.654539227485656738e-01
1.000000000000000000e+00
1.000000000000000000e+00
9.807658195495605469e-01
9.922276735305786133e-01
9.532848596572875977e-01
1.000000000000000000e+00
9.377944469451904297e-01
9.722004532814025879e-01
9.459136724472045898e-01
9.255436062812805176e-01
9.999034404754638672e-01
9.606479406356811523e-01
1.000000000000000000e+00
1.000000000000000000e+00
1.000000000000000000e+00
9.736239314079284668e-01
1.000000000000000000e+00
9.274356365203857422e-01
1.000000000000000000e+00
1.000000000000000000e+00
9.510221481323242188e-01
9.963409304618835449e-01
8.790071010589599609e-01
1.000000000000000000e+00
9.765179753303527832e-01
8.673704862594604492e-01
9.735519289970397949e-01
8.614608049392700195e-01
1.000000000000000000e+00
9.746028184890747070e-01
9.997293949127197266e-01
9.312329292297363281e-01
9.600794911384582520e-01
8.976270556449890137e-01
9.702709913253784180e-01
9.910408854484558105e-01
9.615196585655212402e-01
9.994423985481262207e-01
1.000000000000000000e+00
1.000000000000000000e+00
9.750065803527832031e-01
9.508119821548461914e-01
9.190793037414550781e-01
1.000000000000000000e+00
9.617149829864501953e-01
8.254597783088684082e-01
1.000000000000000000e+00
9.601590037345886230e-01
1.000000000000000000e+00
8.809258937835693359e-01
9.062123298645019531e-01
1.000000000000000000e+00
9.297345280647277832e-01
9.322068095207214355e-01
8.855047821998596191e-01
9.979001283645629883e-01
9.195507764816284180e-01
1.000000000000000000e+00
1.000000000000000000e+00
9.994857311248779297e-01
8.770567178726196289e-01
9.754830002784729004e-01
1.000000000000000000e+00
9.119040966033935547e-01
8.507180809974670410e-01
9.832222461700439453e-01
9.342737793922424316e-01
1.000000000000000000e+00
9.621716737747192383e-01
9.984392523765563965e-01
1.000000000000000000e+00
9.078081846237182617e-01
1.000000000000000000e+00
9.379147291183471680e-01
9.125195741653442383e-01
1.000000000000000000e+00
1.000000000000000000e+00
9.647427797317504883e-01
9.438570141792297363e-01
1.000000000000000000e+00
9.708485603332519531e-01
9.734827280044555664e-01
8.957861065864562988e-01
9.977591633796691895e-01
1.000000000000000000e+00
8.212486505508422852e-01
9.701497554779052734e-01
9.699594378471374512e-01
8.924057483673095703e-01
8.475076556205749512e-01
9.997980594635009766e-01
9.033209681510925293e-01
1.000000000000000000e+00
8.413065671920776367e-01
1.000000000000000000e+00
9.132691025733947754e-01
8.841862082481384277e-01
9.662691950798034668e-01
9.844986200332641602e-01
9.628698229789733887e-01
8.764981031417846680e-01
9.624592661857604980e-01
1.000000000000000000e+00
9.659239649772644043e-01
9.996175169944763184e-01
1.000000000000000000e+00
9.738139510154724121e-01
9.953750967979431152e-01
9.149751663208007812e-01
9.597415924072265625e-01
9.997427463531494141e-01
9.893010258674621582e-01
1.000000000000000000e+00
1.000000000000000000e+00
9.631431698799133301e-01
8.771746754646301270e-01
1.000000000000000000e+00
8.776741623878479004e-01
9.987430572509765625e-01
9.588187336921691895e-01
8.802227973937988281e-01
9.333762526512145996e-01
9.021213650703430176e-01
8.998059034347534180e-01
1.000000000000000000e+00
9.971761107444763184e-01
1.000000000000000000e+00
9.628957509994506836e-01
9.491084218025207520e-01
9.137178659439086914e-01
1.000000000000000000e+00
9.684982895851135254e-01
8.856875300407409668e-01
8.586326241493225098e-01
9.449096918106079102e-01
9.342353343963623047e-01
9.826853871345520020e-01
1.000000000000000000e+00
9.424125552177429199e-01
9.898506402969360352e-01
1.000000000000000000e+00
9.706499576568603516e-01
9.515506625175476074e-01
1.000000000000000000e+00
9.499865174293518066e-01
1.000000000000000000e+00
9.970965981483459473e-01
9.153552651405334473e-01
1.000000000000000000e+00
9.954105615615844727e-01
8.823493123054504395e-01
1.000000000000000000e+00
1.000000000000000000e+00
9.175501465797424316e-01
9.979626536369323730e-01
9.940108060836791992e-01
9.998303651809692383e-01
9.397987723350524902e-01
9.598920345306396484e-01
8.573080301284790039e-01
9.959666132926940918e-01
9.636718034744262695e-01
1.000000000000000000e+00
8.998242616653442383e-01
1.000000000000000000e+00
9.998435378074645996e-01
9.999051690101623535e-01
9.089275002479553223e-01
1.000000000000000000e+00
9.568273425102233887e-01
8.405439257621765137e-01
9.623938798904418945e-01
8.233199119567871094e-01
1.000000000000000000e+00
9.170582294464111328e-01
9.144186973571777344e-01
9.353935122489929199e-01
9.591839909553527832e-01
1.000000000000000000e+00
9.462355971336364746e-01
8.783475756645202637e-01
9.165797829627990723e-01
1.000000000000000000e+00
9.101230502128601074e-01
8.785179257392883301e-01
1.000000000000000000e+00
1.000000000000000000e+00
1.000000000000000000e+00
8.912061452865600586e-01
9.974657297134399414e-01
8.944528698921203613e-01
9.318121671676635742e-01
9.834580421447753906e-01
1.000000000000000000e+00
8.670603036880493164e-01
8.818844556808471680e-01
9.948154091835021973e-01
8.277065753936767578e-01
8.688497543334960938e-01
1.000000000000000000e+00
9.986568093299865723e-01
9.132583141326904297e-01
8.367549180984497070e-01
1.000000000000000000e+00
9.490613937377929688e-01
9.995383620262145996e-01
1.000000000000000000e+00
1.000000000000000000e+00
9.257662296295166016e-01
9.118385910987854004e-01
1.000000000000000000e+00
9.899773597717285156e-01
9.054590463638305664e-01
8.818880319595336914e-01
8.998357653617858887e-01
1.000000000000000000e+00
1.000000000000000000e+00
9.527176618576049805e-01
9.447544217109680176e-01
1.000000000000000000e+00
9.333633184432983398e-01
9.465345144271850586e-01
1.000000000000000000e+00
9.257388710975646973e-01
9.479141831398010254e-01
9.161645174026489258e-01
1.000000000000000000e+00
1.000000000000000000e+00
8.869300484657287598e-01
9.736752510070800781e-01
9.815115332603454590e-01
8.510988354682922363e-01
9.065921306610107422e-01
9.502199292182922363e-01
9.011136293411254883e-01
1.000000000000000000e+00
9.238071441650390625e-01
9.948375821113586426e-01
1.000000000000000000e+00
9.842249751091003418e-01
1.000000000000000000e+00
9.920167922973632812e-01
9.010197520256042480e-01
1.000000000000000000e+00
1.000000000000000000e+00
9.997900724411010742e-01
8.740370869636535645e-01
8.903963565826416016e-01
1.000000000000000000e+00
9.994482398033142090e-01
9.999814629554748535e-01
9.499366283416748047e-01
9.994202256202697754e-01
1.000000000000000000e+00
9.802607893943786621e-01
8.796686530113220215e-01
9.771524667739868164e-01
1.000000000000000000e+00
8.426934480667114258e-01
9.987792968750000000e-01
9.040071368217468262e-01
8.618559837341308594e-01
9.999994635581970215e-01
9.915516376495361328e-01
1.000000000000000000e+00
1.000000000000000000e+00
1.000000000000000000e+00
9.298623204231262207e-01
8.984032273292541504e-01
9.762117862701416016e-01
9.996989965438842773e-01
1.000000000000000000e+00
9.965777397155761719e-01
1.000000000000000000e+00
9.471818804740905762e-01
8.903607130050659180e-01
9.302076101303100586e-01
1.000000000000000000e+00
9.588491916656494141e-01
9.505604505538940430e-01
1.000000000000000000e+00
9.151535630226135254e-01
9.048171043395996094e-01
9.239385724067687988e-01
9.388924837112426758e-01
8.503581285476684570e-01
8.937844038009643555e-01
7.444378137588500977e-01
9.228175878524780273e-01
9.260526895523071289e-01
1.000000000000000000e+00
8.896712660789489746e-01
9.279502630233764648e-01
1.000000000000000000e+00
9.435489177703857422e-01
9.994440674781799316e-01
9.967509508132934570e-01
9.960799813270568848e-01
9.481341838836669922e-01
9.133840203285217285e-01
9.712653160095214844e-01
1.000000000000000000e+00
1.000000000000000000e+00
9.944574236869812012e-01
8.599300980567932129e-01
9.923768639564514160e-01
9.237185716629028320e-01
1.000000000000000000e+00
9.479331970214843750e-01
9.999367594718933105e-01
8.680847287178039551e-01
8.002061843872070312e-01
9.381573200225830078e-01
9.404790997505187988e-01
9.577794671058654785e-01
9.450994133949279785e-01
1.000000000000000000e+00
9.380570650100708008e-01
1.000000000000000000e+00
8.126134276390075684e-01
9.742027521133422852e-01
9.155442714691162109e-01
9.489419460296630859e-01
1.000000000000000000e+00
1.000000000000000000e+00
9.614372849464416504e-01
9.896737933158874512e-01
9.236525893211364746e-01
7.974002957344055176e-01
1.000000000000000000e+00
8.385456204414367676e-01
9.991856217384338379e-01
9.031327962875366211e-01
9.900519251823425293e-01
1.000000000000000000e+00
1.000000000000000000e+00
9.119681119918823242e-01
9.417366385459899902e-01
8.217257857322692871e-01
9.619429111480712891e-01
1.000000000000000000e+00
8.567013740539550781e-01
1.000000000000000000e+00
9.091191291809082031e-01
1.000000000000000000e+00
1.000000000000000000e+00
1.000000000000000000e+00
9.800637960433959961e-01
9.688319563865661621e-01
9.975189566612243652e-01
8.534843921661376953e-01
1.000000000000000000e+00
9.519090652465820312e-01
1.000000000000000000e+00
7.586170434951782227e-01
1.000000000000000000e+00
9.948095679283142090e-01
8.194955587387084961e-01
9.707410335540771484e-01
9.560218453407287598e-01
9.399183392524719238e-01
1.000000000000000000e+00
8.956599831581115723e-01
1.000000000000000000e+00
8.997478485107421875e-01
7.826333642005920410e-01
8.852456808090209961e-01
9.110717773437500000e-01
9.784344434738159180e-01
8.841421008110046387e-01
1.000000000000000000e+00
8.308185338973999023e-01
1.000000000000000000e+00
1.000000000000000000e+00
9.001087546348571777e-01
8.858696222305297852e-01
9.938356280326843262e-01
9.428500533103942871e-01
8.399043083190917969e-01
9.736739993095397949e-01
9.081113934516906738e-01
8.170071840286254883e-01
1.000000000000000000e+00
8.279066085815429688e-01
1.000000000000000000e+00
9.894905090332031250e-01
9.101625084877014160e-01
9.659003615379333496e-01
8.668792843818664551e-01
9.459335207939147949e-01
8.654347658157348633e-01
9.954544305801391602e-01
1.000000000000000000e+00
1.000000000000000000e+00
9.006183743476867676e-01
9.070268869400024414e-01
8.174369335174560547e-01
9.533033370971679688e-01
9.898882508277893066e-01
8.578233718872070312e-01
9.995410442352294922e-01
7.556418180465698242e-01
1.000000000000000000e+00
1.000000000000000000e+00
8.348857760429382324e-01
1.000000000000000000e+00
9.987069964408874512e-01
1.000000000000000000e+00
9.945502877235412598e-01
1.000000000000000000e+00
9.780846834182739258e-01
8.606240749359130859e-01
1.000000000000000000e+00
7.412349581718444824e-01
1.000000000000000000e+00
9.973300695419311523e-01
9.966350793838500977e-01
8.764939904212951660e-01
1.000000000000000000e+00
8.076530098915100098e-01
9.550159573554992676e-01
8.854961395263671875e-01
9.484635591506958008e-01
1.000000000000000000e+00
7.795310020446777344e-01
8.912731409072875977e-01
8.321600556373596191e-01
9.539990425109863281e-01
8.876406550407409668e-01
8.301426172256469727e-01
1.000000000000000000e+00
1.000000000000000000e+00
8.337452411651611328e-01
9.362921714782714844e-01
8.959261178970336914e-01
7.906543016433715820e-01
1.000000000000000000e+00
8.577992916107177734e-01
9.044834375381469727e-01
9.939501285552978516e-01
9.454798698425292969e-01
1.000000000000000000e+00
9.207354784011840820e-01
8.136553168296813965e-01
1.000000000000000000e+00
9.845675826072692871e-01
9.926996827125549316e-01
1.000000000000000000e+00
8.081328868865966797e-01
9.100434780120849609e-01
1.000000000000000000e+00
9.771214127540588379e-01
8.756748437881469727e-01
9.697099924087524414e-01
1.000000000000000000e+00
9.356516599655151367e-01
1.000000000000000000e+00
9.497874975204467773e-01
8.239532709121704102e-01
1.000000000000000000e+00
8.388563394546508789e-01
1.000000000000000000e+00
9.908995628356933594e-01
7.436333894729614258e-01
8.034888505935668945e-01
8.511403799057006836e-01
9.323047399520874023e-01
1.000000000000000000e+00
1.000000000000000000e+00
9.834032654762268066e-01
9.327993392944335938e-01
1.000000000000000000e+00
8.179194331169128418e-01
9.430062770843505859e-01
9.168121814727783203e-01
8.403329253196716309e-01
9.488503336906433105e-01
9.057505130767822266e-01
1.000000000000000000e+00
1.000000000000000000e+00
1.000000000000000000e+00
8.007128238677978516e-01
7.606151103973388672e-01
9.995110630989074707e-01
9.913163781166076660e-01
9.943781495094299316e-01
7.638746500015258789e-01
1.000000000000000000e+00
8.541784882545471191e-01
1.000000000000000000e+00
1.000000000000000000e+00
8.248699903488159180e-01
7.323008775711059570e-01
9.949629306793212891e-01
9.349137544631958008e-01
7.863203883171081543e-01
9.908915758132934570e-01
8.369003534317016602e-01
1.000000000000000000e+00
1.000000000000000000e+00
8.638383746147155762e-01
9.942228794097900391e-01
9.544469118118286133e-01
1.000000000000000000e+00
9.612004756927490234e-01
9.938526153564453125e-01
9.900141358375549316e-01
9.999914765357971191e-01
7.483664751052856445e-01
7.490661144256591797e-01
1.000000000000000000e+00
9.122785925865173340e-01
9.716551303863525391e-01
8.775395154953002930e-01
1.000000000000000000e+00
9.060248136520385742e-01
9.969567656517028809e-01
9.991707801818847656e-01
9.998147487640380859e-01
1.000000000000000000e+00
9.316538572311401367e-01
9.996307492256164551e-01
9.598200917243957520e-01
9.198734760284423828e-01
8.765699267387390137e-01
9.109373092651367188e-01
1.000000000000000000e+00
1.000000000000000000e+00
9.982921481132507324e-01
1.000000000000000000e+00
8.451737761497497559e-01
9.291897416114807129e-01
8.341562747955322266e-01
1.000000000000000000e+00
8.108186721801757812e-01
1.000000000000000000e+00
1.000000000000000000e+00
8.570834398269653320e-01
9.454342722892761230e-01
1.000000000000000000e+00
8.514193296432495117e-01
1.000000000000000000e+00
9.989390373229980469e-01
8.303307294845581055e-01
8.713499903678894043e-01
9.984166026115417480e-01
8.616901636123657227e-01
9.644095301628112793e-01
9.210637807846069336e-01
1.000000000000000000e+00
8.135040998458862305e-01
1.000000000000000000e+00
8.909070491790771484e-01
9.999619722366333008e-01
7.903093695640563965e-01
9.248070716857910156e-01
9.135895371437072754e-01
9.438925385475158691e-01
8.362398147583007812e-01
1.000000000000000000e+00
8.125305771827697754e-01
9.984309077262878418e-01
7.817023992538452148e-01
8.983049392700195312e-01
9.997421503067016602e-01
9.226299524307250977e-01
1.000000000000000000e+00
7.955597639083862305e-01
7.649498581886291504e-01
9.546083211898803711e-01
9.834703803062438965e-01
8.197943568229675293e-01
1.000000000000000000e+00
7.985811829566955566e-01
9.567784070968627930e-01
7.214789390563964844e-01
9.145826101303100586e-01
1.000000000000000000e+00
1.000000000000000000e+00
9.161900877952575684e-01
8.610810637474060059e-01
9.035457372665405273e-01
1.000000000000000000e+00
9.909115433692932129e-01
8.908328413963317871e-01
8.934094309806823730e-01
1.000000000000000000e+00
9.242247343063354492e-01
9.998911619186401367e-01
8.263549804687500000e-01
7.583891153335571289e-01
1.000000000000000000e+00
8.632466793060302734e-01
9.127066731452941895e-01
8.161232471466064453e-01
7.867184281349182129e-01
8.426085114479064941e-01
1.000000000000000000e+00
1.000000000000000000e+00
9.218208193778991699e-01
8.975228071212768555e-01
8.999987244606018066e-01
7.623402476310729980e-01
9.983359575271606445e-01
8.421429395675659180e-01
1.000000000000000000e+00
9.450225830078125000e-01
9.593531489372253418e-01
1.000000000000000000e+00
1.000000000000000000e+00
1.000000000000000000e+00
9.338279366493225098e-01
1.000000000000000000e+00
9.975836277008056641e-01
1.000000000000000000e+00
9.741522669792175293e-01
8.388029336929321289e-01
9.043295979499816895e-01
9.600896835327148438e-01
1.000000000000000000e+00
9.954444766044616699e-01
8.858037590980529785e-01
9.627310633659362793e-01
9.755654931068420410e-01
9.007007479667663574e-01
9.983752369880676270e-01
8.202977776527404785e-01
9.414346814155578613e-01
1.000000000000000000e+00
9.900704026222229004e-01
7.643560171127319336e-01
9.442253708839416504e-01
1.000000000000000000e+00
8.265761137008666992e-01
7.580021619796752930e-01
9.696030616760253906e-01
8.140437602996826172e-01
8.084086179733276367e-01
8.778309226036071777e-01
9.010006189346313477e-01
1.000000000000000000e+00
7.646412849426269531e-01
1.000000000000000000e+00
9.153962135314941406e-01
7.599058747291564941e-01
8.026067018508911133e-01
8.656845092773437500e-01
8.727856278419494629e-01
9.947870373725891113e-01
8.906108736991882324e-01
9.007456898689270020e-01
1.000000000000000000e+00
7.443402409553527832e-01
9.626662135124206543e-01
1.000000000000000000e+00
1.000000000000000000e+00
9.969019293785095215e-01
9.087522625923156738e-01
8.954406976699829102e-01
8.906058073043823242e-01
9.659054279327392578e-01
9.930984377861022949e-01
8.415961861610412598e-01
9.992944002151489258e-01
1.000000000000000000e+00
9.990757703781127930e-01
9.261131286621093750e-01
7.476992607116699219e-01
8.161118030548095703e-01
1.000000000000000000e+00
9.062455892562866211e-01
7.678126692771911621e-01
8.366740942001342773e-01
8.275752067565917969e-01
9.265282154083251953e-01
7.984081506729125977e-01
1.000000000000000000e+00
7.416291236877441406e-01
8.329838514328002930e-01
8.762649297714233398e-01
1.000000000000000000e+00
8.769522905349731445e-01
1.000000000000000000e+00
8.924166560173034668e-01
8.187165856361389160e-01
9.162823557853698730e-01
8.343362808227539062e-01
8.391471505165100098e-01
9.211554527282714844e-01
8.263540267944335938e-01
1.000000000000000000e+00
8.540396690368652344e-01
9.983242154121398926e-01
8.358802795410156250e-01
8.209927082061767578e-01
9.233368635177612305e-01
1.000000000000000000e+00
1.000000000000000000e+00
9.412720799446105957e-01
7.589113712310791016e-01
8.728701472282409668e-01
9.528568983078002930e-01
9.991951584815979004e-01
7.874401211738586426e-01
7.813534736633300781e-01
1.000000000000000000e+00
8.107302784919738770e-01
1.000000000000000000e+00
9.161466360092163086e-01
8.789622187614440918e-01
9.691811800003051758e-01
1.000000000000000000e+00
8.516533374786376953e-01
7.805976867675781250e-01
7.795073390007019043e-01
9.537863135337829590e-01
8.202533125877380371e-01
1.000000000000000000e+00
7.107138633728027344e-01
7.491748332977294922e-01
8.952407240867614746e-01
8.291440010070800781e-01
1.000000000000000000e+00
9.443958997726440430e-01
1.000000000000000000e+00
8.315098881721496582e-01
1.000000000000000000e+00
9.714815020561218262e-01
1.000000000000000000e+00
8.459460735321044922e-01
8.048110604286193848e-01
8.147563934326171875e-01
1.000000000000000000e+00
9.568148255348205566e-01
9.777340888977050781e-01
9.040455818176269531e-01
1.000000000000000000e+00
1.000000000000000000e+00
8.452981710433959961e-01
1.000000000000000000e+00
7.976925969123840332e-01
1.000000000000000000e+00
9.586581587791442871e-01
8.478220105171203613e-01
1.000000000000000000e+00
1.000000000000000000e+00
8.749616742134094238e-01
9.723268151283264160e-01
1.000000000000000000e+00
9.529273509979248047e-01
9.968954920768737793e-01
7.478019595146179199e-01
1.000000000000000000e+00
1.000000000000000000e+00
8.540419340133666992e-01
9.995322227478027344e-01
9.374682903289794922e-01
9.870957136154174805e-01
7.718658447265625000e-01
1.000000000000000000e+00
8.449896574020385742e-01
7.609193921089172363e-01
8.959426283836364746e-01
8.117352724075317383e-01
8.220285177230834961e-01
9.989382624626159668e-01
8.629311919212341309e-01
8.798490762710571289e-01
9.059278368949890137e-01
1.000000000000000000e+00
1.000000000000000000e+00
8.148179054260253906e-01
8.174940347671508789e-01
1.000000000000000000e+00
1.000000000000000000e+00
8.697049617767333984e-01
9.081979990005493164e-01
1.000000000000000000e+00
9.435267448425292969e-01
7.864118814468383789e-01
9.708596467971801758e-01
8.100236058235168457e-01
9.398062825202941895e-01
1.000000000000000000e+00
8.216625452041625977e-01
1.000000000000000000e+00
8.577823638916015625e-01
7.251558303833007812e-01
9.969253540039062500e-01
9.966279268264770508e-01
9.988217949867248535e-01
8.224669098854064941e-01
1.000000000000000000e+00
1.000000000000000000e+00
7.297358512878417969e-01
8.019356727600097656e-01
9.710331559181213379e-01
8.275371789932250977e-01
8.210858702659606934e-01
1.000000000000000000e+00
8.173461556434631348e-01
8.965349197387695312e-01
8.833675384521484375e-01
9.812134504318237305e-01
1.000000000000000000e+00
7.703992128372192383e-01
7.770103812217712402e-01
9.977492690086364746e-01
7.284725904464721680e-01
8.265039920806884766e-01
7.450661063194274902e-01
1.000000000000000000e+00
9.535427093505859375e-01
9.973316192626953125e-01
8.360989093780517578e-01
8.830465674400329590e-01
8.810628056526184082e-01
8.508286476135253906e-01
8.064215779304504395e-01
1.000000000000000000e+00
9.046871066093444824e-01
9.991901516914367676e-01
1.000000000000000000e+00
9.914117455482482910e-01
1.000000000000000000e+00
1.000000000000000000e+00
1.000000000000000000e+00
7.234071493148803711e-01
1.000000000000000000e+00
9.002397060394287109e-01
8.603417277336120605e-01
9.051468372344970703e-01
9.974490404129028320e-01
8.607919216156005859e-01
8.359904885292053223e-01
1.000000000000000000e+00
9.054055213928222656e-01
1.000000000000000000e+00
9.064689874649047852e-01
1.000000000000000000e+00
1.000000000000000000e+00
1.000000000000000000e+00
7.273913621902465820e-01
9.998749494552612305e-01
1.000000000000000000e+00
9.126308560371398926e-01
8.812027573585510254e-01
8.304015994071960449e-01
7.260681390762329102e-01
9.728034138679504395e-01
9.003081917762756348e-01
9.081859588623046875e-01
1.000000000000000000e+00
8.126899003982543945e-01
7.308875322341918945e-01
8.437166810035705566e-01
9.999532699584960938e-01
8.613061308860778809e-01
9.599114060401916504e-01
9.628682732582092285e-01
7.348414063453674316e-01
9.999998807907104492e-01
1.000000000000000000e+00
1.000000000000000000e+00
8.606978654861450195e-01
1.000000000000000000e+00
8.587827682495117188e-01
1.000000000000000000e+00
9.998302459716796875e-01
7.621181607246398926e-01
9.738258719444274902e-01
9.898747801780700684e-01
8.574110865592956543e-01
9.794457554817199707e-01
8.995023965835571289e-01
8.172545433044433594e-01
9.305595755577087402e-01
7.990069985389709473e-01
7.408469915390014648e-01
1.000000000000000000e+00
8.175551891326904297e-01
1.000000000000000000e+00
9.618246555328369141e-01
9.992381930351257324e-01
8.845161199569702148e-01
1.000000000000000000e+00
8.288045525550842285e-01
8.925138115882873535e-01
9.312141537666320801e-01
8.597776889801025391e-01
1.000000000000000000e+00
1.000000000000000000e+00
9.207953214645385742e-01
7.393578290939331055e-01
1.000000000000000000e+00
8.379017710685729980e-01
8.845024108886718750e-01
9.074663519859313965e-01
7.928066253662109375e-01
8.897916078567504883e-01
1.000000000000000000e+00
1.000000000000000000e+00
7.726198434829711914e-01
9.948505759239196777e-01
8.730505704879760742e-01
9.786121249198913574e-01
8.222932815551757812e-01
9.999340772628784180e-01
9.665656685829162598e-01
8.117671012878417969e-01
8.943044543266296387e-01
8.696523904800415039e-01
1.000000000000000000e+00
7.968525290489196777e-01
1.000000000000000000e+00
1.000000000000000000e+00
9.370509386062622070e-01
8.017810583114624023e-01
1.000000000000000000e+00
7.149615287780761719e-01
9.719724059104919434e-01
1.000000000000000000e+00
7.799737453460693359e-01
7.352490425109863281e-01
9.390583038330078125e-01
1.000000000000000000e+00
9.729692339897155762e-01
9.992309212684631348e-01
9.988029599189758301e-01
9.908163547515869141e-01
1.000000000000000000e+00
9.378366470336914062e-01
7.892463207244873047e-01
8.679852485656738281e-01
8.179208040237426758e-01
7.938091754913330078e-01
1.000000000000000000e+00
7.564359307289123535e-01
1.000000000000000000e+00
8.678473234176635742e-01
9.631546139717102051e-01
8.347879052162170410e-01
9.668798446655273438e-01
1.000000000000000000e+00
7.076976299285888672e-01
9.832017421722412109e-01
9.974157810211181641e-01
1.000000000000000000e+00
9.996619820594787598e-01
1.000000000000000000e+00
8.530568480491638184e-01
8.126270174980163574e-01
9.412783980369567871e-01
9.981586933135986328e-01
8.148005008697509766e-01
8.511754274368286133e-01
8.365658521652221680e-01
1.000000000000000000e+00
9.883691668510437012e-01
8.025885820388793945e-01
8.038786053657531738e-01
1.000000000000000000e+00
1.000000000000000000e+00
9.511120319366455078e-01
1.000000000000000000e+00
7.074011564254760742e-01
7.538357973098754883e-01
7.719408273696899414e-01
8.519171476364135742e-01
1.000000000000000000e+00
7.770487070083618164e-01
8.704048395156860352e-01
1.000000000000000000e+00
9.183750748634338379e-01
1.000000000000000000e+00
8.748089075088500977e-01
1.000000000000000000e+00
8.142994046211242676e-01
9.445286989212036133e-01
8.506265878677368164e-01
9.086195826530456543e-01
9.467195868492126465e-01
9.028682112693786621e-01
9.997607469558715820e-01
7.833905220031738281e-01
1.000000000000000000e+00
7.811554074287414551e-01
9.961509108543395996e-01
7.896413803100585938e-01
1.000000000000000000e+00
9.397905468940734863e-01
8.928960561752319336e-01
1.000000000000000000e+00
7.056561708450317383e-01
9.993666410446166992e-01
7.942906022071838379e-01
1.000000000000000000e+00
1.000000000000000000e+00
9.502207040786743164e-01
1.000000000000000000e+00
1.000000000000000000e+00
1.000000000000000000e+00
8.321695327758789062e-01
9.703659415245056152e-01
1.000000000000000000e+00
7.824053764343261719e-01
7.133843898773193359e-01
1.000000000000000000e+00
9.933082461357116699e-01
7.993320822715759277e-01
1.000000000000000000e+00
7.863019108772277832e-01
1.000000000000000000e+00
8.478740453720092773e-01
8.433557748794555664e-01
7.789433002471923828e-01
8.019345998764038086e-01
8.735158443450927734e-01
8.035842776298522949e-01
7.601418495178222656e-01
7.276654243469238281e-01
1.000000000000000000e+00
9.906794428825378418e-01
8.444887995719909668e-01
8.804850578308105469e-01
8.648261427879333496e-01
1.000000000000000000e+00
1.000000000000000000e+00
8.109256029129028320e-01
9.987784028053283691e-01
1.000000000000000000e+00
1.000000000000000000e+00
9.191103577613830566e-01
9.999771714210510254e-01
8.120668530464172363e-01
7.879306077957153320e-01
9.117243885993957520e-01
9.912484884262084961e-01
8.964127898216247559e-01
8.197928667068481445e-01
7.949096560478210449e-01
7.996033430099487305e-01
8.483307361602783203e-01
7.316654920578002930e-01
1.000000000000000000e+00
9.169470071792602539e-01
8.842329382896423340e-01
1.000000000000000000e+00
1.000000000000000000e+00
1.000000000000000000e+00
8.599421977996826172e-01
1.000000000000000000e+00
8.769749402999877930e-01
8.741428852081298828e-01
7.726073265075683594e-01
1.000000000000000000e+00
9.987168312072753906e-01
7.187188267707824707e-01
8.268702030181884766e-01
8.096829056739807129e-01
7.874336838722229004e-01
8.835207223892211914e-01
8.580283522605895996e-01
8.952950239181518555e-01
8.600034117698669434e-01
8.120992183685302734e-01
8.215937614440917969e-01
9.031434059143066406e-01
1.000000000000000000e+00
1.000000000000000000e+00
9.121585488319396973e-01
1.000000000000000000e+00
9.279153943061828613e-01
8.346080780029296875e-01
1.000000000000000000e+00
1.000000000000000000e+00
8.408018350601196289e-01
7.629851698875427246e-01
9.808108806610107422e-01
9.984104633331298828e-01
8.263017535209655762e-01
7.572055459022521973e-01
8.265970945358276367e-01
1.000000000000000000e+00
9.040970802307128906e-01
9.736980795860290527e-01
9.954491257667541504e-01
9.966421723365783691e-01
8.123002052307128906e-01
8.208674192428588867e-01
9.980710148811340332e-01
7.928081750869750977e-01
8.047927618026733398e-01
9.962382316589355469e-01
1.000000000000000000e+00
1.000000000000000000e+00
9.932575225830078125e-01
9.086322188377380371e-01
8.577710390090942383e-01
1.000000000000000000e+00
7.935190796852111816e-01
1.000000000000000000e+00
8.493154644966125488e-01
7.492623329162597656e-01
1.000000000000000000e+00
1.000000000000000000e+00
1.000000000000000000e+00
1.000000000000000000e+00
8.788579702377319336e-01
9.354482293128967285e-01
9.995710849761962891e-01
7.027356028556823730e-01
6.933035850524902344e-01
9.998763203620910645e-01
8.577502369880676270e-01
8.094813823699951172e-01
1.000000000000000000e+00
9.348227977752685547e-01
1.000000000000000000e+00
1.000000000000000000e+00
7.592003345489501953e-01
1.000000000000000000e+00
9.058585762977600098e-01
7.534586191177368164e-01
9.997071623802185059e-01
7.892230153083801270e-01
8.400592803955078125e-01
9.968593716621398926e-01
9.449204206466674805e-01
1.000000000000000000e+00
1.000000000000000000e+00
8.392574787139892578e-01
9.980940222740173340e-01
9.917134046554565430e-01
9.879221320152282715e-01
9.996652603149414062e-01
1.000000000000000000e+00
9.979245066642761230e-01
1.000000000000000000e+00
7.678642272949218750e-01
9.171766042709350586e-01
1.000000000000000000e+00
9.795436859130859375e-01
9.994443058967590332e-01
7.605235576629638672e-01
1.000000000000000000e+00
1.000000000000000000e+00
1.000000000000000000e+00
9.995265007019042969e-01
1.000000000000000000e+00
9.258801937103271484e-01
1.000000000000000000e+00
7.687360048294067383e-01
1.000000000000000000e+00
8.505211472511291504e-01
7.521406412124633789e-01
1.000000000000000000e+00
1.000000000000000000e+00
1.000000000000000000e+00
8.592914938926696777e-01
9.472112655639648438e-01
9.999991059303283691e-01
7.898877859115600586e-01
7.656515836715698242e-01
8.843783140182495117e-01
8.037868738174438477e-01
1.000000000000000000e+00
7.568168044090270996e-01
9.389390945434570312e-01
7.634176015853881836e-01
1.000000000000000000e+00
9.562019109725952148e-01
8.602553606033325195e-01
7.291179299354553223e-01
6.739920377731323242e-01
9.612610936164855957e-01
9.382041692733764648e-01
7.474462985992431641e-01
9.382646083831787109e-01
1.000000000000000000e+00
9.997485280036926270e-01
9.985452294349670410e-01
8.760449886322021484e-01
8.366533517837524414e-01
8.731074929237365723e-01
1.000000000000000000e+00
9.964768290519714355e-01
1.000000000000000000e+00
8.593815565109252930e-01
9.680285453796386719e-01
7.653505802154541016e-01
9.972940087318420410e-01
7.974805235862731934e-01
8.108128309249877930e-01
1.000000000000000000e+00
8.495693206787109375e-01
8.502833843231201172e-01
8.552063703536987305e-01
7.586359977722167969e-01
8.529089689254760742e-01
9.010802507400512695e-01
9.379066228866577148e-01
8.623740077018737793e-01
1.000000000000000000e+00
1.000000000000000000e+00
9.954259395599365234e-01
7.623859643936157227e-01
8.172851800918579102e-01
8.182624578475952148e-01
1.000000000000000000e+00
1.000000000000000000e+00
1.000000000000000000e+00
8.071224093437194824e-01
9.459853172302246094e-01
8.160617351531982422e-01
8.867085576057434082e-01
9.639226198196411133e-01
9.996846914291381836e-01
1.000000000000000000e+00
9.995198845863342285e-01
9.905712008476257324e-01
7.082804441452026367e-01
6.923892498016357422e-01
1.000000000000000000e+00
9.249635934829711914e-01
9.435991048812866211e-01
9.567983150482177734e-01
9.044429659843444824e-01
8.537262082099914551e-01
9.015687704086303711e-01
7.781204581260681152e-01
8.207565546035766602e-01
1.000000000000000000e+00
9.362576603889465332e-01
9.492136240005493164e-01
9.177617430686950684e-01
1.000000000000000000e+00
9.831318855285644531e-01
1.000000000000000000e+00
8.579558134078979492e-01
9.985440969467163086e-01
1.000000000000000000e+00
1.000000000000000000e+00
8.205521702766418457e-01
9.999563097953796387e-01
7.286784648895263672e-01
8.539270758628845215e-01
9.953221082687377930e-01
9.602112174034118652e-01
8.463702797889709473e-01
6.979921460151672363e-01
1.000000000000000000e+00
9.422801136970520020e-01
9.924615025520324707e-01
7.976395487785339355e-01
9.007635116577148438e-01
7.183285951614379883e-01
1.000000000000000000e+00
7.787177562713623047e-01
8.475704789161682129e-01
1.000000000000000000e+00
8.360117077827453613e-01
8.725772500038146973e-01
8.668137192726135254e-01
9.440718889236450195e-01
8.499029278755187988e-01
8.108180761337280273e-01
8.471608161926269531e-01
7.939965724945068359e-01
1.000000000000000000e+00
1.000000000000000000e+00
8.596791625022888184e-01
1.000000000000000000e+00
9.998828768730163574e-01
9.134082198143005371e-01
8.233754634857177734e-01
9.393717646598815918e-01
9.925864338874816895e-01
1.000000000000000000e+00
8.864938020706176758e-01
8.942224383354187012e-01
8.645308613777160645e-01
7.463093400001525879e-01
1.000000000000000000e+00
9.949966669082641602e-01
1.000000000000000000e+00
1.000000000000000000e+00
8.826523423194885254e-01
9.960137605667114258e-01
9.469041824340820312e-01
7.907307147979736328e-01
9.997177720069885254e-01
8.979147672653198242e-01
8.148617744445800781e-01
8.609599471092224121e-01
8.569093942642211914e-01
8.477526903152465820e-01
1.000000000000000000e+00
8.437871932983398438e-01
6.937776207923889160e-01
1.000000000000000000e+00
1.000000000000000000e+00
8.794948458671569824e-01
9.456705451011657715e-01
1.000000000000000000e+00
7.089190483093261719e-01
9.535929560661315918e-01
6.990469694137573242e-01
9.980388283729553223e-01
7.916692495346069336e-01
8.079641461372375488e-01
8.174200654029846191e-01
8.891095519065856934e-01
7.828955650329589844e-01
9.708535671234130859e-01
6.999431848526000977e-01
8.899784684181213379e-01
8.023344874382019043e-01
1.000000000000000000e+00
6.759265661239624023e-01
9.265105724334716797e-01
8.511458039283752441e-01
7.941951751708984375e-01
9.920065999031066895e-01
9.418365359306335449e-01
7.729191780090332031e-01
7.481889724731445312e-01
9.486922621726989746e-01
7.264876365661621094e-01
1.000000000000000000e+00
8.736274242401123047e-01
1.000000000000000000e+00
9.978657364845275879e-01
1.000000000000000000e+00
7.759624123573303223e-01
8.691349625587463379e-01
8.535659909248352051e-01
1.000000000000000000e+00
1.000000000000000000e+00
1.000000000000000000e+00
9.109885096549987793e-01
9.991822242736816406e-01
1.000000000000000000e+00
8.542979955673217773e-01
9.953243732452392578e-01
9.984889030456542969e-01
8.564000725746154785e-01
9.997040033340454102e-01
7.798159122467041016e-01
9.031808376312255859e-01
7.526873946189880371e-01
1.000000000000000000e+00
9.410431981086730957e-01
8.347323536872863770e-01
8.482950329780578613e-01
9.982266426086425781e-01
1.000000000000000000e+00
8.355758786201477051e-01
9.971413612365722656e-01
9.991697072982788086e-01
8.311161398887634277e-01
8.488383293151855469e-01
7.538287639617919922e-01
9.974771738052368164e-01
8.977204561233520508e-01
9.994065761566162109e-01
7.843120098114013672e-01
8.707532882690429688e-01
7.666562795639038086e-01
1.000000000000000000e+00
1.000000000000000000e+00
9.228776097297668457e-01
1.000000000000000000e+00
8.181865215301513672e-01
1.000000000000000000e+00
9.120888710021972656e-01
9.275606870651245117e-01
9.998108148574829102e-01
8.606761693954467773e-01
6.824126839637756348e-01
8.349730372428894043e-01
9.386783838272094727e-01
9.768353700637817383e-01
9.405713081359863281e-01
7.620497941970825195e-01
9.978772997856140137e-01
8.021246194839477539e-01
7.392990589141845703e-01
7.784906029701232910e-01
8.415902853012084961e-01
9.833990335464477539e-01
8.382826447486877441e-01
7.342402935028076172e-01
1.000000000000000000e+00
8.210620880126953125e-01
7.521370649337768555e-01
8.023373484611511230e-01
1.000000000000000000e+00
1.000000000000000000e+00
8.157328963279724121e-01
1.000000000000000000e+00
7.972239851951599121e-01
1.000000000000000000e+00
1.000000000000000000e+00
8.935841321945190430e-01
1.000000000000000000e+00
8.711711764335632324e-01
1.000000000000000000e+00
9.988443255424499512e-01
8.440202474594116211e-01
8.488687872886657715e-01
7.011088132858276367e-01
7.281000614166259766e-01
8.605501651763916016e-01
7.563549280166625977e-01
7.942912578582763672e-01
8.216272592544555664e-01
1.000000000000000000e+00
1.000000000000000000e+00
9.998816847801208496e-01
7.727384567260742188e-01
8.263977766036987305e-01
9.401651620864868164e-01
9.963477253913879395e-01
9.983602166175842285e-01
1.000000000000000000e+00
8.741176724433898926e-01
9.397008419036865234e-01
7.633136510848999023e-01
7.891519665718078613e-01
7.614256143569946289e-01
1.000000000000000000e+00
8.528086543083190918e-01
7.564741373062133789e-01
9.026370048522949219e-01
7.846140861511230469e-01
8.255733847618103027e-01
1.000000000000000000e+00
8.202552795410156250e-01
7.424516677856445312e-01
1.000000000000000000e+00
1.000000000000000000e+00
1.000000000000000000e+00
7.296001315116882324e-01
6.846569776535034180e-01
7.395843267440795898e-01
1.000000000000000000e+00
9.670699834823608398e-01
9.475998878479003906e-01
7.777668237686157227e-01
9.010956287384033203e-01
8.454720973968505859e-01
7.593244314193725586e-01
1.000000000000000000e+00
9.992222785949707031e-01
8.974324464797973633e-01
1.000000000000000000e+00
8.067444562911987305e-01
1.000000000000000000e+00
7.523747682571411133e-01
9.987927079200744629e-01
9.589826464653015137e-01
1.000000000000000000e+00
7.740205526351928711e-01
1.000000000000000000e+00
7.525143027305603027e-01
9.999758005142211914e-01
8.178653717041015625e-01
8.538552522659301758e-01
9.082440733909606934e-01
7.245305776596069336e-01
9.981864690780639648e-01
1.000000000000000000e+00
1.000000000000000000e+00
8.200912475585937500e-01
8.029751777648925781e-01
7.728413939476013184e-01
9.064599871635437012e-01
9.622551202774047852e-01
1.000000000000000000e+00
9.254829883575439453e-01
1.000000000000000000e+00
1.000000000000000000e+00
9.045672416687011719e-01
7.098875045776367188e-01
9.732193946838378906e-01
9.697807431221008301e-01
1.000000000000000000e+00
9.998943805694580078e-01
8.229009509086608887e-01
7.596438527107238770e-01
1.000000000000000000e+00
9.274201393127441406e-01
8.042511940002441406e-01
8.670898675918579102e-01
1.000000000000000000e+00
8.305913209915161133e-01
7.011986970901489258e-01
8.526446223258972168e-01
7.807456851005554199e-01
7.743207216262817383e-01
1.000000000000000000e+00
7.446597814559936523e-01
8.341265916824340820e-01
7.077674865722656250e-01
8.873420357704162598e-01
1.000000000000000000e+00
1.000000000000000000e+00
1.000000000000000000e+00
8.510209321975708008e-01
7.265740036964416504e-01
8.557555675506591797e-01
8.755040764808654785e-01
8.129451274871826172e-01
1.000000000000000000e+00
1.000000000000000000e+00
9.557557106018066406e-01
1.000000000000000000e+00
9.977442622184753418e-01
7.587389945983886719e-01
7.513211965560913086e-01
8.558897376060485840e-01
1.000000000000000000e+00
1.000000000000000000e+00
1.000000000000000000e+00
1.000000000000000000e+00
8.385326862335205078e-01
8.714184761047363281e-01
7.135353088378906250e-01
9.610183835029602051e-01
9.943523406982421875e-01
9.294442534446716309e-01
8.064473867416381836e-01
6.770057082176208496e-01
9.985421299934387207e-01
9.990255236625671387e-01
9.994974732398986816e-01
7.527757883071899414e-01
1.000000000000000000e+00
9.411002993583679199e-01
1.000000000000000000e+00
1.000000000000000000e+00
9.984115362167358398e-01
9.960783720016479492e-01
8.950039148330688477e-01
7.449653744697570801e-01
9.983569979667663574e-01
1.000000000000000000e+00
8.473511338233947754e-01
9.611416459083557129e-01
1.000000000000000000e+00
9.973710179328918457e-01
9.977449178695678711e-01
7.868449687957763672e-01
1.000000000000000000e+00
9.356518387794494629e-01
7.966849803924560547e-01
9.978304505348205566e-01
9.975107312202453613e-01
1.000000000000000000e+00
1.000000000000000000e+00
7.251185178756713867e-01
7.928502559661865234e-01
8.693503141403198242e-01
1.000000000000000000e+00
1.000000000000000000e+00
7.481172084808349609e-01
7.558225393295288086e-01
9.905465841293334961e-01
9.089971184730529785e-01
8.208764195442199707e-01
6.992700695991516113e-01
1.000000000000000000e+00
9.856040477752685547e-01
9.996821284294128418e-01
1.000000000000000000e+00
1.000000000000000000e+00
8.794258236885070801e-01
8.054362535476684570e-01
9.917321801185607910e-01
8.444389104843139648e-01
1.000000000000000000e+00
7.842270135879516602e-01
7.037048339843750000e-01
7.077378034591674805e-01
8.603445291519165039e-01
8.393685221672058105e-01
8.294692039489746094e-01
8.181180953979492188e-01
8.713099956512451172e-01
1.000000000000000000e+00
1.000000000000000000e+00
1.000000000000000000e+00
9.341014027595520020e-01
1.000000000000000000e+00
9.329884052276611328e-01
8.459100723266601562e-01
9.984760880470275879e-01
1.000000000000000000e+00
8.671669363975524902e-01
8.028370141983032227e-01
7.896134853363037109e-01
7.202603816986083984e-01
1.000000000000000000e+00
8.820914626121520996e-01
9.460120201110839844e-01
1.000000000000000000e+00
8.765482902526855469e-01
9.121813178062438965e-01
1.000000000000000000e+00
8.578150272369384766e-01
9.986855387687683105e-01
1.000000000000000000e+00
1.000000000000000000e+00
9.733043313026428223e-01
9.647989869117736816e-01
8.264520168304443359e-01
8.857466578483581543e-01
1.000000000000000000e+00
1.000000000000000000e+00
8.354301452636718750e-01
7.883287668228149414e-01
8.991613388061523438e-01
8.039762377738952637e-01
8.147917389869689941e-01
8.701648712158203125e-01
9.995949268341064453e-01
1.000000000000000000e+00
9.994281530380249023e-01
9.409607648849487305e-01
1.000000000000000000e+00
1.000000000000000000e+00
9.988563656806945801e-01
7.779890298843383789e-01
7.737710475921630859e-01
1.000000000000000000e+00
1.000000000000000000e+00
7.058799266815185547e-01
8.212887644767761230e-01
8.086138367652893066e-01
9.299879670143127441e-01
8.410917520523071289e-01
1.000000000000000000e+00
1.000000000000000000e+00
8.151130080223083496e-01
7.882720828056335449e-01
1.000000000000000000e+00
1.000000000000000000e+00
1.000000000000000000e+00
9.836127758026123047e-01
7.968917489051818848e-01
8.113074898719787598e-01
1.000000000000000000e+00
1.000000000000000000e+00
1.000000000000000000e+00
1.000000000000000000e+00
9.083476066589355469e-01
1.000000000000000000e+00
8.633059263229370117e-01
9.998118281364440918e-01
8.889513015747070312e-01
9.104150533676147461e-01
1.000000000000000000e+00
6.990752220153808594e-01
8.199343681335449219e-01
1.000000000000000000e+00
8.444992303848266602e-01
8.344421982765197754e-01
8.792521953582763672e-01
9.994847774505615234e-01
8.422175645828247070e-01
9.543493986129760742e-01
6.827709674835205078e-01
1.000000000000000000e+00
8.538957834243774414e-01
8.026360273361206055e-01
7.913045883178710938e-01
8.213133215904235840e-01
1.000000000000000000e+00
7.341632246971130371e-01
9.999848008155822754e-01
1.000000000000000000e+00
7.903154492378234863e-01
8.093652129173278809e-01
7.785965800285339355e-01
1.000000000000000000e+00
1.000000000000000000e+00
1.000000000000000000e+00
1.000000000000000000e+00
9.400824308395385742e-01
1.000000000000000000e+00
1.000000000000000000e+00
7.590887546539306641e-01
7.924154996871948242e-01
9.020849466323852539e-01
1.000000000000000000e+00
7.844414710998535156e-01
6.881458163261413574e-01
9.999937415122985840e-01
8.533599376678466797e-01
8.285043835639953613e-01
9.566692113876342773e-01
7.987791299819946289e-01
7.793766260147094727e-01
1.000000000000000000e+00
7.913128137588500977e-01
8.306961059570312500e-01
9.396849870681762695e-01
9.965983629226684570e-01
9.937538504600524902e-01
1.000000000000000000e+00
7.921129465103149414e-01
8.756037950515747070e-01
1.000000000000000000e+00
1.000000000000000000e+00
7.592807412147521973e-01
8.766624331474304199e-01
1.000000000000000000e+00
7.879465222358703613e-01
6.706286668777465820e-01
8.830361366271972656e-01
8.235019445419311523e-01
1.000000000000000000e+00
8.144797086715698242e-01
8.434485197067260742e-01
7.245550155639648438e-01
8.995836377143859863e-01
9.925665259361267090e-01
6.903701424598693848e-01
7.750443220138549805e-01
7.934623956680297852e-01
8.277760744094848633e-01
6.615486741065979004e-01
8.721738457679748535e-01
7.821847796440124512e-01
8.169248700141906738e-01
9.929260015487670898e-01
1.000000000000000000e+00
1.000000000000000000e+00
8.499715924263000488e-01
7.841313481330871582e-01
8.548153638839721680e-01
9.967247247695922852e-01
1.000000000000000000e+00
9.993788003921508789e-01
1.000000000000000000e+00
9.090617895126342773e-01
1.000000000000000000e+00
1.000000000000000000e+00
9.029569625854492188e-01
9.949883222579956055e-01
7.244652509689331055e-01
9.501119256019592285e-01
8.804997801780700684e-01
9.173871278762817383e-01
8.094803094863891602e-01
9.999997019767761230e-01
9.997533559799194336e-01
1.000000000000000000e+00
8.555756211280822754e-01
1.000000000000000000e+00
9.161642193794250488e-01
1.000000000000000000e+00
8.005809187889099121e-01
9.390475749969482422e-01
1.000000000000000000e+00
7.672528028488159180e-01
8.011913299560546875e-01
7.484425306320190430e-01
8.990015983581542969e-01
8.805339336395263672e-01
8.602147102355957031e-01
7.906695604324340820e-01
7.172468900680541992e-01
1.000000000000000000e+00
7.997751235961914062e-01
9.584803581237792969e-01
8.748543858528137207e-01
9.107308387756347656e-01
9.033143520355224609e-01
8.199443221092224121e-01
1.000000000000000000e+00
7.338931560516357422e-01
9.644418954849243164e-01
9.975965619087219238e-01
9.999490380287170410e-01
9.472577571868896484e-01
8.298216462135314941e-01
1.000000000000000000e+00
8.073853254318237305e-01
1.000000000000000000e+00
9.744986891746520996e-01
9.999044537544250488e-01
1.000000000000000000e+00
9.801414608955383301e-01
9.885964393615722656e-01
8.167668581008911133e-01
1.000000000000000000e+00
9.227734208106994629e-01
8.294322490692138672e-01
8.325486779212951660e-01
1.000000000000000000e+00
8.802915215492248535e-01
8.343055248260498047e-01
7.457077503204345703e-01
1.000000000000000000e+00
1.000000000000000000e+00
1.000000000000000000e+00
9.994391798973083496e-01
9.489634037017822266e-01
9.124136567115783691e-01
7.932602763175964355e-01
7.568123936653137207e-01
6.766049861907958984e-01
8.193839788436889648e-01
1.000000000000000000e+00
8.980932831764221191e-01
1.000000000000000000e+00
1.000000000000000000e+00
8.774629831314086914e-01
9.997393488883972168e-01
8.996008038520812988e-01
1.000000000000000000e+00
7.455555200576782227e-01
1.000000000000000000e+00
6.755758523941040039e-01
8.030747175216674805e-01
7.960857152938842773e-01
1.000000000000000000e+00
8.378882408142089844e-01
7.361635565757751465e-01
8.428061604499816895e-01
7.591125965118408203e-01
9.307965040206909180e-01
9.999904632568359375e-01
7.736461162567138672e-01
1.000000000000000000e+00
1.000000000000000000e+00
1.000000000000000000e+00
9.999939799308776855e-01
8.097668886184692383e-01
1.000000000000000000e+00
9.890184998512268066e-01
8.804239630699157715e-01
1.000000000000000000e+00
1.000000000000000000e+00
1.000000000000000000e+00
9.999579787254333496e-01
9.488650560379028320e-01
1.000000000000000000e+00
8.018934726715087891e-01
8.266631364822387695e-01
9.997652173042297363e-01
7.007543444633483887e-01
7.126292586326599121e-01
8.331419825553894043e-01
7.344135046005249023e-01
7.967354059219360352e-01
1.000000000000000000e+00
8.869240880012512207e-01
9.990386366844177246e-01
9.738394021987915039e-01
7.614901065826416016e-01
7.817987203598022461e-01
7.923204898834228516e-01
7.809404730796813965e-01
1.000000000000000000e+00
1.000000000000000000e+00
7.192070484161376953e-01
6.933726072311401367e-01
9.997704625129699707e-01
1.000000000000000000e+00
8.632393479347229004e-01
1.000000000000000000e+00
9.611229300498962402e-01
1.000000000000000000e+00
1.000000000000000000e+00
1.000000000000000000e+00
9.999636411666870117e-01
8.022803664207458496e-01
8.882524967193603516e-01
8.165522217750549316e-01
1.000000000000000000e+00
1.000000000000000000e+00
8.954772949218750000e-01
7.757289409637451172e-01
8.185837268829345703e-01
7.027801275253295898e-01
1.000000000000000000e+00
9.235766530036926270e-01
9.370831847190856934e-01
7.249352931976318359e-01
7.118929028511047363e-01
6.949598193168640137e-01
7.545696496963500977e-01
8.128072619438171387e-01
8.926958441734313965e-01
9.827809333801269531e-01
9.264195561408996582e-01
8.240033984184265137e-01
1.000000000000000000e+00
9.990270733833312988e-01
8.230559825897216797e-01
1.000000000000000000e+00
6.815961599349975586e-01
7.537516355514526367e-01
9.599697589874267578e-01
1.000000000000000000e+00
8.405574560165405273e-01
6.791160106658935547e-01
6.850146055221557617e-01
9.048622846603393555e-01
8.477672338485717773e-01
9.973152279853820801e-01
1.000000000000000000e+00
1.000000000000000000e+00
1.000000000000000000e+00
6.663644313812255859e-01
9.973259568214416504e-01
8.207008838653564453e-01
1.000000000000000000e+00
6.868507862091064453e-01
8.002616763114929199e-01
6.557216644287109375e-01
1.000000000000000000e+00
9.798753261566162109e-01
9.502599835395812988e-01
1.000000000000000000e+00
7.925994992256164551e-01
6.920667886734008789e-01
9.636336565017700195e-01
7.786738276481628418e-01
9.967818856239318848e-01
8.113098144531250000e-01
8.126812577247619629e-01
8.199890851974487305e-01
9.954019188880920410e-01
1.000000000000000000e+00
1.000000000000000000e+00
1.000000000000000000e+00
8.855200409889221191e-01
1.000000000000000000e+00
1.000000000000000000e+00
7.529761791229248047e-01
9.993049502372741699e-01
7.722744941711425781e-01
8.266229629516601562e-01
7.280126810073852539e-01
8.826944828033447266e-01
7.273753881454467773e-01
8.406707644462585449e-01
1.000000000000000000e+00
7.375655174255371094e-01
8.958001136779785156e-01
9.962886571884155273e-01
9.070386886596679688e-01
8.372926115989685059e-01
1.000000000000000000e+00
1.000000000000000000e+00
9.993491768836975098e-01
8.929662704467773438e-01
1.000000000000000000e+00
7.264935970306396484e-01
6.836588978767395020e-01
8.772547245025634766e-01
8.007982969284057617e-01
1.000000000000000000e+00
8.603563904762268066e-01
8.092169165611267090e-01
8.166466951370239258e-01
1.000000000000000000e+00
1.000000000000000000e+00
9.268287420272827148e-01
9.992259740829467773e-01
9.668791294097900391e-01
7.976469993591308594e-01
9.366060495376586914e-01
7.982308268547058105e-01
1.000000000000000000e+00
9.998306035995483398e-01
8.574680089950561523e-01
1.000000000000000000e+00
9.972279667854309082e-01
8.657308220863342285e-01
8.181425333023071289e-01
8.967817425727844238e-01
9.999701380729675293e-01
7.813374996185302734e-01
9.999364614486694336e-01
7.528600096702575684e-01
1.000000000000000000e+00
7.453745603561401367e-01
1.000000000000000000e+00
9.180789589881896973e-01
1.000000000000000000e+00
7.532936334609985352e-01
8.056417703628540039e-01
8.568578362464904785e-01
1.000000000000000000e+00
7.780628204345703125e-01
9.986343383789062500e-01
1.000000000000000000e+00
8.267713785171508789e-01
7.551128864288330078e-01
9.008404612541198730e-01
8.804426789283752441e-01
7.681152820587158203e-01
7.878164649009704590e-01
8.346872329711914062e-01
7.508268356323242188e-01
7.272788286209106445e-01
8.298071026802062988e-01
7.795980572700500488e-01
7.507805824279785156e-01
1.000000000000000000e+00
8.662445545196533203e-01
9.198852777481079102e-01
9.994466304779052734e-01
1.000000000000000000e+00
8.977212905883789062e-01
7.729114890098571777e-01
1.000000000000000000e+00
7.646911740303039551e-01
9.258434176445007324e-01
9.872916340827941895e-01
7.249844074249267578e-01
1.000000000000000000e+00
1.000000000000000000e+00
1.000000000000000000e+00
8.178707361221313477e-01
1.000000000000000000e+00
9.142174124717712402e-01
9.989072680473327637e-01
1.000000000000000000e+00
1.000000000000000000e+00
9.023636579513549805e-01
9.999636411666870117e-01
1.000000000000000000e+00
9.978482127189636230e-01
9.999343156814575195e-01
9.997674226760864258e-01
1.000000000000000000e+00
8.257268667221069336e-01
8.361899852752685547e-01
8.755931854248046875e-01
9.381018877029418945e-01
9.984955191612243652e-01
1.000000000000000000e+00
6.781452894210815430e-01
7.586778402328491211e-01
9.137794971466064453e-01
7.755689620971679688e-01
8.971707820892333984e-01
6.672700643539428711e-01
7.831324338912963867e-01
8.508594036102294922e-01
9.613004326820373535e-01
8.027424216270446777e-01
1.000000000000000000e+00
8.343238234519958496e-01
1.000000000000000000e+00
1.000000000000000000e+00
1.000000000000000000e+00
9.997736215591430664e-01
9.831306934356689453e-01
7.426595091819763184e-01
8.957710862159729004e-01
1.000000000000000000e+00
7.733759880065917969e-01
7.624306678771972656e-01
7.717469334602355957e-01
1.000000000000000000e+00
9.984066486358642578e-01
1.000000000000000000e+00
8.174624443054199219e-01
1.000000000000000000e+00
8.610687851905822754e-01
8.131955265998840332e-01
7.764921188354492188e-01
1.000000000000000000e+00
7.730199098587036133e-01
9.489353895187377930e-01
1.000000000000000000e+00
7.534885406494140625e-01
9.996265172958374023e-01
8.969845175743103027e-01
7.904521226882934570e-01
1.000000000000000000e+00
8.422104716300964355e-01
8.878649473190307617e-01
9.332716464996337891e-01
9.099612236022949219e-01
1.000000000000000000e+00
1.000000000000000000e+00
1.000000000000000000e+00
8.091412186622619629e-01
1.000000000000000000e+00
8.302057981491088867e-01
1.000000000000000000e+00
8.862968087196350098e-01
1.000000000000000000e+00
8.400625586509704590e-01
8.783839344978332520e-01
1.000000000000000000e+00
1.000000000000000000e+00
9.655269384384155273e-01
7.626399993896484375e-01
1.000000000000000000e+00
8.975537419319152832e-01
1.000000000000000000e+00
7.970960140228271484e-01
7.670500874519348145e-01
8.248694539070129395e-01
7.973078489303588867e-01
9.160070419311523438e-01
7.941870689392089844e-01
8.907774090766906738e-01
7.219844460487365723e-01
9.991459846496582031e-01
9.497763514518737793e-01
1.000000000000000000e+00
1.000000000000000000e+00
1.000000000000000000e+00
8.096781373023986816e-01
9.988257288932800293e-01
9.982880353927612305e-01
9.367714524269104004e-01
9.504678249359130859e-01
8.071234822273254395e-01
9.995723366737365723e-01
9.984405040740966797e-01
8.226299285888671875e-01
1.000000000000000000e+00
8.278018236160278320e-01
1.000000000000000000e+00
8.908141851425170898e-01
9.973540306091308594e-01
8.116289377212524414e-01
8.890158534049987793e-01
9.426430463790893555e-01
8.718332648277282715e-01
7.182652950286865234e-01
8.464648723602294922e-01
7.121919989585876465e-01
8.145347833633422852e-01
9.999051094055175781e-01
1.000000000000000000e+00
7.686040401458740234e-01
7.801976203918457031e-01
7.722641229629516602e-01
8.619052171707153320e-01
7.591152191162109375e-01
9.685142636299133301e-01
9.946030974388122559e-01
1.000000000000000000e+00
8.751211166381835938e-01
9.217508435249328613e-01
9.356752038002014160e-01
9.995735883712768555e-01
1.000000000000000000e+00
7.557555437088012695e-01
1.000000000000000000e+00
9.765290617942810059e-01
9.072381258010864258e-01
8.028943538665771484e-01
7.459220886230468750e-01
9.992606043815612793e-01
8.724104762077331543e-01
6.874749660491943359e-01
7.317137718200683594e-01
9.409834742546081543e-01
7.861598134040832520e-01
7.933225035667419434e-01
7.733516097068786621e-01
9.998540878295898438e-01
9.997469186782836914e-01
9.957337975502014160e-01
1.000000000000000000e+00
7.626487016677856445e-01
9.372816085815429688e-01
1.000000000000000000e+00
8.737993240356445312e-01
8.958422541618347168e-01
9.930949211120605469e-01
1.000000000000000000e+00
7.825306057929992676e-01
1.000000000000000000e+00
1.000000000000000000e+00
1.000000000000000000e+00
7.246746420860290527e-01
1.000000000000000000e+00
7.658634185791015625e-01
1.000000000000000000e+00
1.000000000000000000e+00
9.945491552352905273e-01
1.000000000000000000e+00
9.982817769050598145e-01
9.171150922775268555e-01
1.000000000000000000e+00
9.972913861274719238e-01
1.000000000000000000e+00
1.000000000000000000e+00
7.790988683700561523e-01
9.678686261177062988e-01
1.000000000000000000e+00
6.847442388534545898e-01
9.397179484367370605e-01
1.000000000000000000e+00
1.000000000000000000e+00
9.714922904968261719e-01
9.870561361312866211e-01
1.000000000000000000e+00
7.468558549880981445e-01
8.233858346939086914e-01
8.600984811782836914e-01
9.364437460899353027e-01
8.301527500152587891e-01
9.033094644546508789e-01
1.000000000000000000e+00
9.401948451995849609e-01
1.000000000000000000e+00
8.301992416381835938e-01
8.513908982276916504e-01
9.456706643104553223e-01
1.000000000000000000e+00
9.649418592453002930e-01
8.143707513809204102e-01
1.000000000000000000e+00
7.917898893356323242e-01
7.001793384552001953e-01
7.907438278198242188e-01
9.547913074493408203e-01
9.992521405220031738e-01
1.000000000000000000e+00
9.998570084571838379e-01
6.958249211311340332e-01
8.327168226242065430e-01
1.000000000000000000e+00
1.000000000000000000e+00
8.516942262649536133e-01
1.000000000000000000e+00
8.455038070678710938e-01
8.922393918037414551e-01
9.659205675125122070e-01
9.972509741783142090e-01
1.000000000000000000e+00
1.000000000000000000e+00
1.000000000000000000e+00
1.000000000000000000e+00
1.000000000000000000e+00
9.977940917015075684e-01
8.141740560531616211e-01
1.000000000000000000e+00
1.000000000000000000e+00
9.944518804550170898e-01
1.000000000000000000e+00
9.999887943267822266e-01
1.000000000000000000e+00
9.817019701004028320e-01
1.000000000000000000e+00
8.729576468467712402e-01
1.000000000000000000e+00
6.890599727630615234e-01
1.000000000000000000e+00
9.066861867904663086e-01
8.726760149002075195e-01
8.478657603263854980e-01
7.573973536491394043e-01
8.511402010917663574e-01
1.000000000000000000e+00
7.686547636985778809e-01
1.000000000000000000e+00
1.000000000000000000e+00
8.914240598678588867e-01
7.956678867340087891e-01
9.352171421051025391e-01
7.726475596427917480e-01
7.269111871719360352e-01
1.000000000000000000e+00
1.000000000000000000e+00
7.707077860832214355e-01
7.377253770828247070e-01
1.000000000000000000e+00
7.764139175415039062e-01
1.000000000000000000e+00
7.015158534049987793e-01
8.165951371192932129e-01
8.491420745849609375e-01
1.000000000000000000e+00
8.821270465850830078e-01
1.000000000000000000e+00
1.000000000000000000e+00
9.375740289688110352e-01
6.899272203445434570e-01
8.285496234893798828e-01
9.366397261619567871e-01
1.000000000000000000e+00
7.320871353149414062e-01
7.321357727050781250e-01
1.000000000000000000e+00
7.738378643989562988e-01
9.996755719184875488e-01
7.942467927932739258e-01
1.000000000000000000e+00
9.152723550796508789e-01
8.257992267608642578e-01
1.000000000000000000e+00
8.522348403930664062e-01
8.611121177673339844e-01
7.681946754455566406e-01
1.000000000000000000e+00
8.706746101379394531e-01
8.041589260101318359e-01
8.653106689453125000e-01
1.000000000000000000e+00
9.930356144905090332e-01
7.191978693008422852e-01
1.000000000000000000e+00
7.993917465209960938e-01
1.000000000000000000e+00
9.908959865570068359e-01
8.447251319885253906e-01
1.000000000000000000e+00
7.737567424774169922e-01
1.000000000000000000e+00
1.000000000000000000e+00
1.000000000000000000e+00
7.484366893768310547e-01
8.799129128456115723e-01
8.697240352630615234e-01
8.277032375335693359e-01
1.000000000000000000e+00
8.293180465698242188e-01
8.449028730392456055e-01
9.982912540435791016e-01
7.024946212768554688e-01
8.134658336639404297e-01
7.733616828918457031e-01
9.708459973335266113e-01
9.291591644287109375e-01
9.999997615814208984e-01
1.000000000000000000e+00
1.000000000000000000e+00
9.578515887260437012e-01
7.731021046638488770e-01
9.477171301841735840e-01
7.932233810424804688e-01
7.845362424850463867e-01
8.661097288131713867e-01
8.672086000442504883e-01
8.526924252510070801e-01
6.931014060974121094e-01
1.000000000000000000e+00
9.244068264961242676e-01
8.810100555419921875e-01
1.000000000000000000e+00
7.848609685897827148e-01
8.129590749740600586e-01
9.500624537467956543e-01
8.892399668693542480e-01
9.232399463653564453e-01
7.474651932716369629e-01
8.119351267814636230e-01
9.525538086891174316e-01
7.114802598953247070e-01
1.000000000000000000e+00
1.000000000000000000e+00
9.999557733535766602e-01
9.914758205413818359e-01
8.230718970298767090e-01
7.631268501281738281e-01
9.418478608131408691e-01
1.000000000000000000e+00
1.000000000000000000e+00
1.000000000000000000e+00
1.000000000000000000e+00
1.000000000000000000e+00
7.877730727195739746e-01
1.000000000000000000e+00
8.285678625106811523e-01
8.162285089492797852e-01
1.000000000000000000e+00
1.000000000000000000e+00
9.898294806480407715e-01
8.431431055068969727e-01
8.006677627563476562e-01
7.478091120719909668e-01
9.567577838897705078e-01
1.000000000000000000e+00
8.383074402809143066e-01
1.000000000000000000e+00
9.347424507141113281e-01
7.363072037696838379e-01
8.456909060478210449e-01
7.028373479843139648e-01
9.740358591079711914e-01
7.918266654014587402e-01
9.622775316238403320e-01
7.791795134544372559e-01
9.032874703407287598e-01
8.407704830169677734e-01
1.000000000000000000e+00
1.000000000000000000e+00
9.990560412406921387e-01
7.136367559432983398e-01
9.579063653945922852e-01
9.570142626762390137e-01
8.096946477890014648e-01
8.290283679962158203e-01
9.975515604019165039e-01
7.804922461509704590e-01
8.715102076530456543e-01
7.126232385635375977e-01
9.436082243919372559e-01
1.000000000000000000e+00
9.337093234062194824e-01
8.600268363952636719e-01
1.000000000000000000e+00
7.786450386047363281e-01
9.812961816787719727e-01
8.761275410652160645e-01
7.968004345893859863e-01
8.373013734817504883e-01
6.463375091552734375e-01
7.983660101890563965e-01
8.560459613800048828e-01
8.138400912284851074e-01
1.000000000000000000e+00
9.266777038574218750e-01
8.392677307128906250e-01
8.119158148765563965e-01
7.307099699974060059e-01
8.261550664901733398e-01
8.906109333038330078e-01
1.000000000000000000e+00
9.192870855331420898e-01
7.472361326217651367e-01
8.440226912498474121e-01
9.078882336616516113e-01
1.000000000000000000e+00
9.893873929977416992e-01
1.000000000000000000e+00
9.998995661735534668e-01
8.204325437545776367e-01
8.380590081214904785e-01
6.921877264976501465e-01
1.000000000000000000e+00
8.196038007736206055e-01
1.000000000000000000e+00
1.000000000000000000e+00
9.322975277900695801e-01
8.659655451774597168e-01
9.999709725379943848e-01
7.842417955398559570e-01
8.150219917297363281e-01
9.221047163009643555e-01
9.832907319068908691e-01
7.014732956886291504e-01
7.153565883636474609e-01
9.452369809150695801e-01
7.000800371170043945e-01
7.236114740371704102e-01
1.000000000000000000e+00
7.703254818916320801e-01
7.443450689315795898e-01
9.999449849128723145e-01
1.000000000000000000e+00
1.000000000000000000e+00
7.824975252151489258e-01
9.540781974792480469e-01
9.433810710906982422e-01
8.641234636306762695e-01
7.491391301155090332e-01
9.388053417205810547e-01
9.030724763870239258e-01
1.000000000000000000e+00
1.000000000000000000e+00
7.377235889434814453e-01
8.112969398498535156e-01
8.543982505798339844e-01
8.674540519714355469e-01
6.729304790496826172e-01
1.000000000000000000e+00
9.255805015563964844e-01
9.814528226852416992e-01
7.733883261680603027e-01
9.284339547157287598e-01
8.430402278900146484e-01
8.249917030334472656e-01
9.999607801437377930e-01
1.000000000000000000e+00
8.927777409553527832e-01
1.000000000000000000e+00
6.754918694496154785e-01
1.000000000000000000e+00
8.858010768890380859e-01
8.135027289390563965e-01
8.130302429199218750e-01
1.000000000000000000e+00
9.781148433685302734e-01
1.000000000000000000e+00
9.192159771919250488e-01
6.812746524810791016e-01
9.071449637413024902e-01
7.770624160766601562e-01
9.850561618804931641e-01
9.264795780181884766e-01
7.585697174072265625e-01
9.999118447303771973e-01
1.000000000000000000e+00
9.916630983352661133e-01
7.622862458229064941e-01
1.000000000000000000e+00
8.137523531913757324e-01
7.718331813812255859e-01
8.777032494544982910e-01
9.019025564193725586e-01
7.494461536407470703e-01
8.336965441703796387e-01
1.000000000000000000e+00
1.000000000000000000e+00
9.274870157241821289e-01
8.008273243904113770e-01
1.000000000000000000e+00
7.966760396957397461e-01
9.822791218757629395e-01
8.295019865036010742e-01
7.579063773155212402e-01
1.000000000000000000e+00
7.830289602279663086e-01
7.324479818344116211e-01
9.950914978981018066e-01
7.571326494216918945e-01
1.000000000000000000e+00
8.693524003028869629e-01
9.950527548789978027e-01
1.000000000000000000e+00
8.303754329681396484e-01
9.594129920005798340e-01
1.000000000000000000e+00
9.928005933761596680e-01
9.969732165336608887e-01
1.000000000000000000e+00
7.895007729530334473e-01
8.206182718276977539e-01
9.381002187728881836e-01
1.000000000000000000e+00
9.152469635009765625e-01
7.445564866065979004e-01
1.000000000000000000e+00
8.818978071212768555e-01
7.109173536300659180e-01
8.078951835632324219e-01
8.636927008628845215e-01
9.370582699775695801e-01
1.000000000000000000e+00
1.000000000000000000e+00
7.710369229316711426e-01
9.453390836715698242e-01
9.987667798995971680e-01
1.000000000000000000e+00
8.323354721069335938e-01
1.000000000000000000e+00
6.479644775390625000e-01
1.000000000000000000e+00
7.678928971290588379e-01
7.382353544235229492e-01
9.980511665344238281e-01
1.000000000000000000e+00
1.000000000000000000e+00
8.125299215316772461e-01
7.175935506820678711e-01
1.000000000000000000e+00
9.999479651451110840e-01
7.805211544036865234e-01
1.000000000000000000e+00
9.947680234909057617e-01
7.502535581588745117e-01
9.978551268577575684e-01
7.961263060569763184e-01
6.722636222839355469e-01
8.776213526725769043e-01
1.000000000000000000e+00
1.000000000000000000e+00
1.000000000000000000e+00
7.200557589530944824e-01
9.346907138824462891e-01
1.000000000000000000e+00
1.000000000000000000e+00
1.000000000000000000e+00
8.711966872215270996e-01
1.000000000000000000e+00
1.000000000000000000e+00
9.931250214576721191e-01
9.059189558029174805e-01
1.000000000000000000e+00
9.983152151107788086e-01
9.987784624099731445e-01
1.000000000000000000e+00
7.357696294784545898e-01
7.836643457412719727e-01
1.000000000000000000e+00
7.178440093994140625e-01
8.037427067756652832e-01
7.140105962753295898e-01
1.000000000000000000e+00
9.984155297279357910e-01
8.056257963180541992e-01
6.776733994483947754e-01
7.327939271926879883e-01
7.922920584678649902e-01
9.776055216789245605e-01
1.000000000000000000e+00
9.408065676689147949e-01
8.141318559646606445e-01
7.175650000572204590e-01
9.030562043190002441e-01
8.868133425712585449e-01
9.985081553459167480e-01
1.000000000000000000e+00
1.000000000000000000e+00
7.331538200378417969e-01
6.484163999557495117e-01
8.167572021484375000e-01
1.000000000000000000e+00
1.000000000000000000e+00
8.110092282295227051e-01
7.982969284057617188e-01
9.997135996818542480e-01
7.083128690719604492e-01
8.539495468139648438e-01
6.787080168724060059e-01
9.746356606483459473e-01
1.000000000000000000e+00
8.158620595932006836e-01
7.322607040405273438e-01
1.000000000000000000e+00
1.000000000000000000e+00
7.739044427871704102e-01
8.428385257720947266e-01
1.000000000000000000e+00
1.000000000000000000e+00
9.999937415122985840e-01
8.443289995193481445e-01
7.967389822006225586e-01
1.000000000000000000e+00
1.000000000000000000e+00
8.243570923805236816e-01
6.917172074317932129e-01
8.445847034454345703e-01
8.169488310813903809e-01
7.989268898963928223e-01
1.000000000000000000e+00
9.880037903785705566e-01
9.999800920486450195e-01
6.946516036987304688e-01
9.766539335250854492e-01
7.808941006660461426e-01
1.000000000000000000e+00
8.709084987640380859e-01
9.829121828079223633e-01
8.605752587318420410e-01
9.956694245338439941e-01
9.939679503440856934e-01
7.792103290557861328e-01
9.993659257888793945e-01
8.100075125694274902e-01
8.668770790100097656e-01
1.000000000000000000e+00
8.262390494346618652e-01
7.441851496696472168e-01
8.071185946464538574e-01
8.100703954696655273e-01
8.852052688598632812e-01
1.000000000000000000e+00
7.909120321273803711e-01
7.541831135749816895e-01
9.723550081253051758e-01
6.696388125419616699e-01
7.542170882225036621e-01
1.000000000000000000e+00
9.752092957496643066e-01
9.877681732177734375e-01
7.969833612442016602e-01
9.253504276275634766e-01
9.978013634681701660e-01
7.251904010772705078e-01
1.000000000000000000e+00
7.265253067016601562e-01
9.875268936157226562e-01
6.749642491340637207e-01
8.966852426528930664e-01
1.000000000000000000e+00
7.597590684890747070e-01
8.517694473266601562e-01
9.997071623802185059e-01
9.108115434646606445e-01
8.199998140335083008e-01
7.956828474998474121e-01
7.578033804893493652e-01
9.186472892761230469e-01
9.977926611900329590e-01
7.509983181953430176e-01
9.994393587112426758e-01
8.677340149879455566e-01
9.075143337249755859e-01
1.000000000000000000e+00
1.000000000000000000e+00
7.273466587066650391e-01
7.443490028381347656e-01
7.059246301651000977e-01
1.000000000000000000e+00
9.993863105773925781e-01
1.000000000000000000e+00
9.987020492553710938e-01
9.095572233200073242e-01
6.928490400314331055e-01
7.819555997848510742e-01
7.624175548553466797e-01
9.431205987930297852e-01
9.988895058631896973e-01
7.942144870758056641e-01
1.000000000000000000e+00
6.756840944290161133e-01
7.500500679016113281e-01
1.000000000000000000e+00
9.419388771057128906e-01
1.000000000000000000e+00
8.332006335258483887e-01
1.000000000000000000e+00
1.000000000000000000e+00
1.000000000000000000e+00
9.965222477912902832e-01
1.000000000000000000e+00
9.249910116195678711e-01
8.277128934860229492e-01
7.855008244514465332e-01
9.999783635139465332e-01
9.740768671035766602e-01
7.973331212997436523e-01
1.000000000000000000e+00
9.990047812461853027e-01
9.226953983306884766e-01
6.790778636932373047e-01
7.880579233169555664e-01
9.999923706054687500e-01
1.000000000000000000e+00
8.306888341903686523e-01
9.297378659248352051e-01
6.923466920852661133e-01
9.057171940803527832e-01
8.363097906112670898e-01
1.000000000000000000e+00
1.000000000000000000e+00
1.000000000000000000e+00
9.338600635528564453e-01
1.000000000000000000e+00
7.972506880760192871e-01
7.315673232078552246e-01
7.997629046440124512e-01
1.000000000000000000e+00
1.000000000000000000e+00
8.716087341308593750e-01
6.692405939102172852e-01
6.851447820663452148e-01
8.438780307769775391e-01
7.725582718849182129e-01
7.938259243965148926e-01
9.790384173393249512e-01
7.240790724754333496e-01
1.000000000000000000e+00
1.000000000000000000e+00
9.958454370498657227e-01
8.106460571289062500e-01
1.000000000000000000e+00
9.985320568084716797e-01
9.526125788688659668e-01
1.000000000000000000e+00
7.327649593353271484e-01
7.001788616180419922e-01
8.921563029289245605e-01
7.507362961769104004e-01
7.766890525817871094e-01
9.988529086112976074e-01
8.404316306114196777e-01
8.525253534317016602e-01
8.206308484077453613e-01
7.638986110687255859e-01
1.000000000000000000e+00
1.000000000000000000e+00
1.000000000000000000e+00
1.000000000000000000e+00
9.060529470443725586e-01
7.286398410797119141e-01
1.000000000000000000e+00
8.090339899063110352e-01
8.895547389984130859e-01
1.000000000000000000e+00
1.000000000000000000e+00
8.033335804939270020e-01
7.416099309921264648e-01
7.769843935966491699e-01
6.724497079849243164e-01
8.126249313354492188e-01
1.000000000000000000e+00
9.325926303863525391e-01
9.558342695236206055e-01
9.994333982467651367e-01
1.000000000000000000e+00
7.872725725173950195e-01
8.785132169723510742e-01
1.000000000000000000e+00
7.684426307678222656e-01
8.708607554435729980e-01
7.929281592369079590e-01
8.006011247634887695e-01
9.985695481300354004e-01
9.405132532119750977e-01
8.033708930015563965e-01
9.999974966049194336e-01
7.054339051246643066e-01
9.995772242546081543e-01
7.546730041503906250e-01
8.456321358680725098e-01
9.402512311935424805e-01
1.000000000000000000e+00
6.964284181594848633e-01
9.990528225898742676e-01
9.853135347366333008e-01
6.710494756698608398e-01
8.015534281730651855e-01
7.642095088958740234e-01
7.653554677963256836e-01
1.000000000000000000e+00
8.542264103889465332e-01
7.811604142189025879e-01
8.865558505058288574e-01
9.225168228149414062e-01
7.939794063568115234e-01
1.000000000000000000e+00
8.574159145355224609e-01
1.000000000000000000e+00
9.153640866279602051e-01
9.966770410537719727e-01
9.964302778244018555e-01
7.929893136024475098e-01
9.878882169723510742e-01
9.646027684211730957e-01
7.709094882011413574e-01
8.009054660797119141e-01
9.994713068008422852e-01
8.157846331596374512e-01
8.449465036392211914e-01
8.986949920654296875e-01
6.704069375991821289e-01
9.978291988372802734e-01
1.000000000000000000e+00
9.999118447303771973e-01
1.000000000000000000e+00
7.861736416816711426e-01
7.865380644798278809e-01
8.335482478141784668e-01
9.761624336242675781e-01
1.000000000000000000e+00
7.453089952468872070e-01
9.137031435966491699e-01
7.861062884330749512e-01
1.000000000000000000e+00
1.000000000000000000e+00
1.000000000000000000e+00
7.772552371025085449e-01
7.155100107192993164e-01
7.205681800842285156e-01
8.071150779724121094e-01
7.320022583007812500e-01
9.671051502227783203e-01
1.000000000000000000e+00
1.000000000000000000e+00
6.903674602508544922e-01
1.000000000000000000e+00
1.000000000000000000e+00
1.000000000000000000e+00
7.580355405807495117e-01
9.207990169525146484e-01
1.000000000000000000e+00
8.599410057067871094e-01
9.999418854713439941e-01
7.958686351776123047e-01
9.462233185768127441e-01
1.000000000000000000e+00
9.098398089408874512e-01
7.278041839599609375e-01
8.627284765243530273e-01
9.908903241157531738e-01
1.000000000000000000e+00
7.063578367233276367e-01
9.157782196998596191e-01
1.000000000000000000e+00
7.087639570236206055e-01
1.000000000000000000e+00
8.269175887107849121e-01
7.266337871551513672e-01
7.135065793991088867e-01
9.245389103889465332e-01
7.865019440650939941e-01
9.985966682434082031e-01
1.000000000000000000e+00
7.996761798858642578e-01
1.000000000000000000e+00
1.000000000000000000e+00
8.038904070854187012e-01
1.000000000000000000e+00
1.000000000000000000e+00
1.000000000000000000e+00
7.753210067749023438e-01
6.968849897384643555e-01
1.000000000000000000e+00
9.933646917343139648e-01
8.137600421905517578e-01
7.188462615013122559e-01
7.167223691940307617e-01
9.945758581161499023e-01
8.065512776374816895e-01
1.000000000000000000e+00
8.163154125213623047e-01
8.990888595581054688e-01
9.333915710449218750e-01
8.006945848464965820e-01
7.890260815620422363e-01
1.000000000000000000e+00
9.837035536766052246e-01
1.000000000000000000e+00
7.627871632575988770e-01
1.000000000000000000e+00
7.925204038619995117e-01
6.872754096984863281e-01
1.000000000000000000e+00
7.505354285240173340e-01
1.000000000000000000e+00
9.994757771492004395e-01
1.000000000000000000e+00
7.221163511276245117e-01
7.625001072883605957e-01
9.219526052474975586e-01
8.729723095893859863e-01
1.000000000000000000e+00
8.550431728363037109e-01
1.000000000000000000e+00
