9.931979775428771973e-01
9.995569586753845215e-01
9.981275796890258789e-01
9.879937767982482910e-01
9.989071488380432129e-01
9.990661144256591797e-01
1.000000000000000000e+00
9.956544637680053711e-01
9.981153011322021484e-01
9.850687980651855469e-01
9.916138052940368652e-01
1.000000000000000000e+00
9.769693613052368164e-01
9.475695490837097168e-01
9.865970611572265625e-01
9.239224195480346680e-01
9.520254135131835938e-01
9.843984246253967285e-01
9.671358466148376465e-01
9.843421578407287598e-01
9.452680349349975586e-01
9.131859540939331055e-01
9.751804471015930176e-01
9.884477853775024414e-01
9.294428825378417969e-01
1.000000000000000000e+00
9.998291730880737305e-01
9.864806532859802246e-01
9.722207784652709961e-01
9.506444931030273438e-01
9.410884976387023926e-01
1.000000000000000000e+00
1.000000000000000000e+00
8.737393617630004883e-01
9.044129252433776855e-01
1.000000000000000000e+00
9.704761505126953125e-01
1.000000000000000000e+00
9.947740435600280762e-01
8.712135553359985352e-01
9.680250287055969238e-01
9.779545664787292480e-01
9.553573131561279297e-01
9.400084614753723145e-01
1.000000000000000000e+00
9.010427594184875488e-01
9.039903879165649414e-01
9.596850872039794922e-01
9.822990298271179199e-01
9.659910202026367188e-01
9.783955216407775879e-01
9.078179001808166504e-01
9.329199790954589844e-01
1.000000000000000000e+00
9.283772706985473633e-01
9.456660747528076172e-01
1.000000000000000000e+00
9.942954182624816895e-01
9.150111079216003418e-01
9.998582005500793457e-01
8.448030948638916016e-01
1.000000000000000000e+00
9.115717411041259766e-01
9.390746355056762695e-01
9.010815620422363281e-01
1.000000000000000000e+00
1.000000000000000000e+00
9.755993485450744629e-01
1.000000000000000000e+00
9.103227853775024414e-01
8.645944595336914062e-01
9.162114858627319336e-01
8.857021331787109375e-01
8.130314350128173828e-01
8.880743384361267090e-01
1.000000000000000000e+00
9.341134428977966309e-01
9.768123030662536621e-01
9.962074160575866699e-01
1.000000000000000000e+00
1.000000000000000000e+00
9.299852848052978516e-01
1.000000000000000000e+00
9.565421342849731445e-01
9.364739656448364258e-01
9.766431450843811035e-01
8.378812074661254883e-01
1.000000000000000000e+00
9.445257186889648438e-01
1.000000000000000000e+00
9.986283183097839355e-01
8.519837856292724609e-01
9.986252188682556152e-01
1.000000000000000000e+00
9.575503468513488770e-01
9.586448669433593750e-01
1.000000000000000000e+00
9.260923266410827637e-01
8.551974296569824219e-01
8.694157600402832031e-01
9.458488821983337402e-01
1.000000000000000000e+00
1.000000000000000000e+00
9.040515422821044922e-01
1.000000000000000000e+00
9.764778614044189453e-01
9.904847741127014160e-01
1.000000000000000000e+00
7.497295737266540527e-01
9.546890854835510254e-01
9.908357262611389160e-01
9.638396501541137695e-01
1.000000000000000000e+00
9.486416578292846680e-01
1.000000000000000000e+00
8.689715862274169922e-01
9.374973177909851074e-01
9.916014671325683594e-01
1.000000000000000000e+00
9.562428593635559082e-01
9.503300786018371582e-01
8.827434778213500977e-01
9.988542795181274414e-01
8.490166068077087402e-01
8.648000359535217285e-01
8.753414750099182129e-01
1.000000000000000000e+00
1.000000000000000000e+00
9.601463675498962402e-01
9.285395145416259766e-01
9.176614880561828613e-01
9.957595467567443848e-01
8.689733743667602539e-01
8.968134522438049316e-01
8.404109477996826172e-01
8.607561588287353516e-01
9.862402677536010742e-01
9.975329637527465820e-01
7.597334384918212891e-01
8.384733796119689941e-01
8.542566895484924316e-01
9.112697243690490723e-01
8.031470179557800293e-01
9.990998506546020508e-01
1.000000000000000000e+00
9.989264011383056641e-01
1.000000000000000000e+00
9.764589071273803711e-01
1.000000000000000000e+00
9.854473471641540527e-01
9.066567420959472656e-01
9.528638720512390137e-01
9.353634119033813477e-01
8.967251777648925781e-01
9.103273749351501465e-01
7.731943130493164062e-01
1.000000000000000000e+00
8.177860975265502930e-01
8.772532343864440918e-01
9.316972494125366211e-01
9.285070896148681641e-01
9.994075298309326172e-01
8.384004831314086914e-01
9.106642603874206543e-01
1.000000000000000000e+00
1.000000000000000000e+00
9.969296455383300781e-01
8.336670398712158203e-01
9.274141788482666016e-01
7.998256683349609375e-01
9.050861001014709473e-01
9.004057645797729492e-01
1.000000000000000000e+00
9.924411177635192871e-01
9.948314428329467773e-01
8.961249589920043945e-01
9.999865889549255371e-01
9.311048984527587891e-01
1.000000000000000000e+00
1.000000000000000000e+00
8.937925100326538086e-01
8.270632624626159668e-01
1.000000000000000000e+00
7.805852890014648438e-01
8.064667582511901855e-01
8.872205615043640137e-01
8.489111065864562988e-01
8.866880536079406738e-01
7.488990426063537598e-01
9.554598927497863770e-01
8.676233887672424316e-01
9.999425411224365234e-01
9.232844114303588867e-01
1.000000000000000000e+00
7.216001749038696289e-01
8.827661275863647461e-01
7.897891998291015625e-01
9.033595323562622070e-01
9.122530221939086914e-01
8.598471283912658691e-01
8.959519267082214355e-01
7.883924841880798340e-01
8.930675983428955078e-01
8.694906234741210938e-01
9.709230065345764160e-01
1.000000000000000000e+00
7.437890768051147461e-01
8.665847778320312500e-01
8.387898206710815430e-01
7.108665108680725098e-01
9.929984807968139648e-01
1.000000000000000000e+00
9.999670386314392090e-01
1.000000000000000000e+00
1.000000000000000000e+00
8.464663028717041016e-01
7.990370988845825195e-01
1.000000000000000000e+00
8.917009830474853516e-01
1.000000000000000000e+00
8.727697730064392090e-01
8.527954816818237305e-01
7.941851615905761719e-01
9.280104637145996094e-01
8.707902431488037109e-01
9.384660720825195312e-01
1.000000000000000000e+00
1.000000000000000000e+00
8.462410569190979004e-01
8.574602603912353516e-01
8.607653379440307617e-01
7.707695364952087402e-01
1.000000000000000000e+00
1.000000000000000000e+00
1.000000000000000000e+00
1.000000000000000000e+00
8.510806560516357422e-01
7.095633745193481445e-01
1.000000000000000000e+00
8.972975611686706543e-01
8.947721123695373535e-01
8.318102359771728516e-01
8.894388675689697266e-01
1.000000000000000000e+00
1.000000000000000000e+00
8.333828449249267578e-01
8.182140588760375977e-01
9.030731916427612305e-01
1.000000000000000000e+00
9.986423850059509277e-01
1.000000000000000000e+00
8.491367101669311523e-01
9.992528557777404785e-01
1.000000000000000000e+00
8.845028877258300781e-01
1.000000000000000000e+00
8.281943798065185547e-01
1.000000000000000000e+00
7.563006877899169922e-01
9.975664615631103516e-01
8.200159072875976562e-01
8.008590936660766602e-01
9.979754090309143066e-01
8.620527982711791992e-01
1.000000000000000000e+00
7.818125486373901367e-01
1.000000000000000000e+00
7.904791235923767090e-01
1.000000000000000000e+00
8.128574490547180176e-01
1.000000000000000000e+00
1.000000000000000000e+00
1.000000000000000000e+00
9.207868576049804688e-01
9.000616073608398438e-01
1.000000000000000000e+00
8.156521320343017578e-01
8.586081266403198242e-01
8.159540891647338867e-01
8.444208502769470215e-01
7.851397991180419922e-01
1.000000000000000000e+00
8.591997623443603516e-01
9.991751313209533691e-01
8.538571000099182129e-01
7.964197993278503418e-01
1.000000000000000000e+00
8.168553113937377930e-01
9.241893887519836426e-01
7.716400623321533203e-01
9.955346584320068359e-01
9.999520182609558105e-01
8.395088911056518555e-01
1.000000000000000000e+00
9.518305659294128418e-01
8.307488560676574707e-01
1.000000000000000000e+00
1.000000000000000000e+00
9.985687732696533203e-01
9.996190667152404785e-01
9.873026013374328613e-01
1.000000000000000000e+00
8.278494477272033691e-01
9.938585162162780762e-01
1.000000000000000000e+00
8.497872352600097656e-01
1.000000000000000000e+00
7.799218893051147461e-01
9.264339804649353027e-01
1.000000000000000000e+00
8.507158756256103516e-01
8.375030159950256348e-01
1.000000000000000000e+00
1.000000000000000000e+00
8.253748416900634766e-01
8.572702407836914062e-01
9.233968257904052734e-01
8.805304169654846191e-01
9.650092124938964844e-01
1.000000000000000000e+00
1.000000000000000000e+00
1.000000000000000000e+00
9.502906799316406250e-01
8.207383751869201660e-01
1.000000000000000000e+00
1.000000000000000000e+00
8.793407082557678223e-01
1.000000000000000000e+00
1.000000000000000000e+00
1.000000000000000000e+00
8.832992911338806152e-01
8.632166981697082520e-01
1.000000000000000000e+00
8.054704070091247559e-01
1.000000000000000000e+00
7.398146390914916992e-01
1.000000000000000000e+00
8.748440146446228027e-01
1.000000000000000000e+00
9.999293684959411621e-01
7.871201038360595703e-01
1.000000000000000000e+00
8.366066217422485352e-01
7.957550287246704102e-01
9.697048664093017578e-01
9.563418626785278320e-01
1.000000000000000000e+00
8.080451488494873047e-01
7.658476829528808594e-01
7.382081151008605957e-01
9.426681399345397949e-01
1.000000000000000000e+00
8.122375011444091797e-01
1.000000000000000000e+00
8.110494017601013184e-01
1.000000000000000000e+00
8.467131853103637695e-01
9.371895194053649902e-01
8.019175529479980469e-01
8.228783607482910156e-01
1.000000000000000000e+00
9.052991867065429688e-01
8.821407556533813477e-01
9.998884201049804688e-01
8.728197813034057617e-01
7.109792828559875488e-01
1.000000000000000000e+00
1.000000000000000000e+00
9.999531507492065430e-01
7.502176761627197266e-01
8.376415967941284180e-01
1.000000000000000000e+00
9.067368507385253906e-01
1.000000000000000000e+00
1.000000000000000000e+00
1.000000000000000000e+00
8.103888034820556641e-01
1.000000000000000000e+00
1.000000000000000000e+00
8.401561975479125977e-01
1.000000000000000000e+00
8.985636830329895020e-01
1.000000000000000000e+00
7.248077988624572754e-01
8.789938688278198242e-01
8.491176962852478027e-01
8.717315196990966797e-01
8.809702396392822266e-01
7.984301447868347168e-01
7.374995946884155273e-01
8.486577272415161133e-01
9.735889434814453125e-01
1.000000000000000000e+00
7.790215015411376953e-01
7.301466464996337891e-01
8.235008716583251953e-01
9.991016983985900879e-01
8.037447929382324219e-01
7.234946489334106445e-01
7.855620384216308594e-01
7.934673428535461426e-01
1.000000000000000000e+00
8.955526947975158691e-01
8.086621761322021484e-01
8.638987541198730469e-01
1.000000000000000000e+00
7.476752996444702148e-01
1.000000000000000000e+00
1.000000000000000000e+00
7.544289231300354004e-01
1.000000000000000000e+00
9.197319746017456055e-01
8.788971304893493652e-01
6.863361597061157227e-01
7.818601727485656738e-01
8.846452236175537109e-01
8.702749013900756836e-01
1.000000000000000000e+00
8.401428461074829102e-01
8.584136366844177246e-01
7.657260894775390625e-01
7.814538478851318359e-01
8.385446667671203613e-01
8.334875106811523438e-01
9.411162734031677246e-01
1.000000000000000000e+00
1.000000000000000000e+00
8.864516019821166992e-01
9.430316090583801270e-01
9.693250060081481934e-01
1.000000000000000000e+00
1.000000000000000000e+00
1.000000000000000000e+00
6.453170776367187500e-01
1.000000000000000000e+00
8.478651642799377441e-01
8.427543044090270996e-01
1.000000000000000000e+00
8.514766693115234375e-01
7.883591651916503906e-01
9.712270498275756836e-01
1.000000000000000000e+00
8.827784657478332520e-01
1.000000000000000000e+00
9.859842061996459961e-01
7.357813119888305664e-01
8.445836305618286133e-01
7.706857919692993164e-01
9.154322147369384766e-01
8.306666016578674316e-01
8.160020112991333008e-01
7.381639480590820312e-01
1.000000000000000000e+00
9.855310916900634766e-01
9.962155818939208984e-01
1.000000000000000000e+00
8.130080699920654297e-01
1.000000000000000000e+00
1.000000000000000000e+00
8.603803515434265137e-01
7.042237520217895508e-01
1.000000000000000000e+00
8.111373782157897949e-01
8.168637752532958984e-01
1.000000000000000000e+00
1.000000000000000000e+00
8.838693499565124512e-01
1.000000000000000000e+00
7.174419760704040527e-01
7.964982390403747559e-01
7.044262886047363281e-01
9.551556110382080078e-01
8.318505287170410156e-01
8.559072613716125488e-01
9.999437928199768066e-01
8.432894945144653320e-01
9.964972138404846191e-01
1.000000000000000000e+00
8.170471191406250000e-01
8.670544624328613281e-01
1.000000000000000000e+00
1.000000000000000000e+00
9.799431562423706055e-01
9.351626038551330566e-01
7.069097161293029785e-01
7.287242412567138672e-01
9.995725154876708984e-01
8.444489240646362305e-01
9.354922175407409668e-01
1.000000000000000000e+00
7.663065791130065918e-01
7.998012304306030273e-01
8.750874400138854980e-01
8.561518192291259766e-01
1.000000000000000000e+00
1.000000000000000000e+00
7.583289742469787598e-01
1.000000000000000000e+00
1.000000000000000000e+00
1.000000000000000000e+00
8.438732624053955078e-01
8.339691162109375000e-01
9.902486801147460938e-01
8.623778820037841797e-01
9.986842870712280273e-01
8.308761119842529297e-01
8.669099211692810059e-01
7.552937269210815430e-01
9.986673593521118164e-01
8.175574541091918945e-01
1.000000000000000000e+00
8.084428906440734863e-01
9.999096393585205078e-01
7.176529765129089355e-01
1.000000000000000000e+00
9.547513723373413086e-01
7.986662387847900391e-01
1.000000000000000000e+00
1.000000000000000000e+00
7.883980274200439453e-01
1.000000000000000000e+00
1.000000000000000000e+00
9.182239174842834473e-01
8.145989775657653809e-01
1.000000000000000000e+00
8.726415038108825684e-01
1.000000000000000000e+00
1.000000000000000000e+00
8.319356441497802734e-01
8.443832397460937500e-01
8.753647208213806152e-01
7.385717630386352539e-01
7.038542032241821289e-01
1.000000000000000000e+00
8.236318826675415039e-01
8.786600232124328613e-01
8.001675605773925781e-01
9.958882927894592285e-01
7.848077416419982910e-01
7.868148684501647949e-01
7.737388610839843750e-01
7.662462592124938965e-01
9.526507258415222168e-01
9.998157024383544922e-01
1.000000000000000000e+00
9.343187808990478516e-01
1.000000000000000000e+00
7.629626393318176270e-01
8.925435543060302734e-01
1.000000000000000000e+00
7.405562400817871094e-01
9.996446371078491211e-01
8.236735463142395020e-01
1.000000000000000000e+00
7.662723660469055176e-01
7.929830551147460938e-01
9.923558235168457031e-01
8.824775218963623047e-01
8.189468979835510254e-01
1.000000000000000000e+00
9.642736315727233887e-01
1.000000000000000000e+00
7.981069087982177734e-01
9.362359046936035156e-01
7.641167640686035156e-01
6.560904383659362793e-01
8.090981245040893555e-01
8.050032854080200195e-01
8.633848428726196289e-01
7.815071940422058105e-01
9.808756113052368164e-01
8.226832151412963867e-01
8.649640083312988281e-01
1.000000000000000000e+00
9.959454536437988281e-01
8.007937669754028320e-01
6.726120710372924805e-01
7.442731857299804688e-01
7.469253540039062500e-01
9.981310367584228516e-01
8.661534190177917480e-01
1.000000000000000000e+00
1.000000000000000000e+00
7.885109186172485352e-01
7.892943620681762695e-01
7.676600217819213867e-01
9.794332981109619141e-01
9.999985694885253906e-01
9.987185597419738770e-01
9.738363623619079590e-01
8.818510770797729492e-01
7.986367940902709961e-01
1.000000000000000000e+00
8.770735263824462891e-01
1.000000000000000000e+00
9.214332699775695801e-01
8.182479143142700195e-01
8.561085462570190430e-01
9.866890907287597656e-01
9.671208262443542480e-01
9.999668002128601074e-01
1.000000000000000000e+00
9.994503855705261230e-01
9.945451617240905762e-01
1.000000000000000000e+00
7.818210124969482422e-01
7.527192831039428711e-01
8.168385624885559082e-01
7.662292718887329102e-01
1.000000000000000000e+00
1.000000000000000000e+00
8.572025895118713379e-01
1.000000000000000000e+00
8.841268420219421387e-01
1.000000000000000000e+00
8.464689254760742188e-01
7.925680875778198242e-01
7.552372217178344727e-01
7.902475595474243164e-01
8.521554470062255859e-01
8.022593259811401367e-01
8.737826943397521973e-01
1.000000000000000000e+00
7.541122436523437500e-01
8.351738452911376953e-01
9.997215867042541504e-01
8.813812136650085449e-01
9.063275456428527832e-01
1.000000000000000000e+00
8.344762325286865234e-01
7.827581167221069336e-01
8.455928564071655273e-01
9.969528913497924805e-01
8.665452599525451660e-01
1.000000000000000000e+00
1.000000000000000000e+00
9.996531009674072266e-01
8.523358702659606934e-01
1.000000000000000000e+00
8.169152140617370605e-01
8.520140647888183594e-01
8.198459148406982422e-01
9.999997019767761230e-01
9.212312698364257812e-01
9.109531641006469727e-01
9.456902742385864258e-01
8.967959880828857422e-01
8.800675868988037109e-01
7.835375070571899414e-01
8.196319937705993652e-01
8.196760416030883789e-01
7.619585990905761719e-01
7.562104463577270508e-01
1.000000000000000000e+00
1.000000000000000000e+00
1.000000000000000000e+00
9.965309500694274902e-01
1.000000000000000000e+00
7.745535969734191895e-01
9.188537597656250000e-01
7.647235393524169922e-01
1.000000000000000000e+00
6.912990808486938477e-01
1.000000000000000000e+00
7.248978614807128906e-01
1.000000000000000000e+00
1.000000000000000000e+00
7.522262930870056152e-01
1.000000000000000000e+00
9.968124628067016602e-01
1.000000000000000000e+00
9.263428449630737305e-01
8.284817934036254883e-01
7.263066172599792480e-01
8.169223070144653320e-01
9.995740652084350586e-01
7.215909957885742188e-01
8.344412446022033691e-01
7.365691661834716797e-01
1.000000000000000000e+00
9.995431900024414062e-01
8.740500211715698242e-01
8.464812040328979492e-01
7.502934932708740234e-01
1.000000000000000000e+00
1.000000000000000000e+00
8.662717342376708984e-01
8.008205890655517578e-01
1.000000000000000000e+00
7.413318157196044922e-01
7.312718629837036133e-01
8.096483945846557617e-01
7.324837446212768555e-01
7.663161158561706543e-01
1.000000000000000000e+00
9.190961122512817383e-01
8.316751718521118164e-01
1.000000000000000000e+00
1.000000000000000000e+00
9.994531869888305664e-01
1.000000000000000000e+00
1.000000000000000000e+00
8.580858111381530762e-01
8.356934785842895508e-01
7.013159394264221191e-01
7.992464303970336914e-01
7.238917350769042969e-01
8.754540681838989258e-01
1.000000000000000000e+00
8.665264844894409180e-01
8.827932476997375488e-01
6.814931631088256836e-01
7.359629869461059570e-01
7.446840405464172363e-01
9.103069901466369629e-01
8.513512015342712402e-01
1.000000000000000000e+00
9.987624287605285645e-01
1.000000000000000000e+00
9.997632503509521484e-01
1.000000000000000000e+00
8.712812662124633789e-01
7.223816514015197754e-01
8.010944128036499023e-01
8.278253078460693359e-01
7.674155831336975098e-01
1.000000000000000000e+00
7.841558456420898438e-01
8.494268655776977539e-01
9.976924061775207520e-01
1.000000000000000000e+00
9.561159014701843262e-01
9.592515826225280762e-01
9.602860212326049805e-01
9.999659061431884766e-01
7.625800371170043945e-01
8.480257987976074219e-01
8.341528177261352539e-01
8.752720952033996582e-01
7.864519953727722168e-01
8.526267409324645996e-01
8.887739181518554688e-01
7.358406782150268555e-01
9.996054172515869141e-01
7.658976316452026367e-01
7.778682112693786621e-01
8.774498105049133301e-01
9.530805349349975586e-01
1.000000000000000000e+00
1.000000000000000000e+00
6.818645000457763672e-01
9.868312478065490723e-01
1.000000000000000000e+00
7.971168160438537598e-01
1.000000000000000000e+00
9.998620748519897461e-01
7.333996295928955078e-01
9.050893783569335938e-01
8.812591433525085449e-01
7.632901668548583984e-01
9.424239397048950195e-01
1.000000000000000000e+00
1.000000000000000000e+00
6.784374713897705078e-01
9.832689762115478516e-01
8.162062764167785645e-01
8.811796307563781738e-01
8.445962071418762207e-01
8.636376857757568359e-01
7.596490383148193359e-01
9.475809335708618164e-01
9.999668598175048828e-01
1.000000000000000000e+00
1.000000000000000000e+00
7.694778442382812500e-01
9.999442696571350098e-01
1.000000000000000000e+00
8.221400380134582520e-01
8.901162147521972656e-01
7.072137594223022461e-01
1.000000000000000000e+00
1.000000000000000000e+00
1.000000000000000000e+00
7.642279863357543945e-01
7.656004428863525391e-01
8.434860110282897949e-01
9.984738826751708984e-01
7.288193106651306152e-01
1.000000000000000000e+00
8.939138650894165039e-01
6.956355571746826172e-01
7.276086807250976562e-01
7.034057378768920898e-01
8.293117284774780273e-01
8.066655993461608887e-01
1.000000000000000000e+00
8.960742354393005371e-01
6.957031488418579102e-01
9.807513952255249023e-01
8.638690710067749023e-01
1.000000000000000000e+00
1.000000000000000000e+00
9.154575467109680176e-01
1.000000000000000000e+00
8.673324584960937500e-01
7.955362796783447266e-01
9.968296289443969727e-01
1.000000000000000000e+00
8.051370978355407715e-01
7.691375017166137695e-01
1.000000000000000000e+00
7.378640174865722656e-01
7.871173620223999023e-01
7.794854640960693359e-01
9.997556805610656738e-01
1.000000000000000000e+00
8.688717484474182129e-01
1.000000000000000000e+00
8.686969876289367676e-01
9.999214410781860352e-01
7.190494537353515625e-01
9.467644691467285156e-01
7.949094176292419434e-01
8.242764472961425781e-01
7.095830440521240234e-01
1.000000000000000000e+00
8.098900914192199707e-01
1.000000000000000000e+00
7.765936255455017090e-01
9.671443700790405273e-01
9.735476374626159668e-01
1.000000000000000000e+00
8.772900104522705078e-01
7.319248914718627930e-01
9.991146326065063477e-01
8.202284574508666992e-01
1.000000000000000000e+00
1.000000000000000000e+00
7.752313613891601562e-01
9.294981360435485840e-01
8.197433352470397949e-01
7.333885431289672852e-01
6.836344003677368164e-01
8.905122280120849609e-01
9.998298883438110352e-01
1.000000000000000000e+00
1.000000000000000000e+00
1.000000000000000000e+00
7.788175940513610840e-01
8.707793951034545898e-01
9.940150976181030273e-01
1.000000000000000000e+00
9.472828507423400879e-01
8.595131635665893555e-01
8.169536590576171875e-01
9.995373487472534180e-01
1.000000000000000000e+00
7.605089545249938965e-01
9.467937350273132324e-01
9.965278506278991699e-01
9.994937181472778320e-01
8.551235795021057129e-01
8.213480710983276367e-01
1.000000000000000000e+00
8.796188235282897949e-01
8.171364068984985352e-01
8.243129253387451172e-01
9.558997154235839844e-01
7.264332175254821777e-01
9.961547851562500000e-01
7.360568046569824219e-01
8.840472102165222168e-01
8.201459050178527832e-01
9.375840425491333008e-01
9.999542832374572754e-01
7.532096505165100098e-01
7.272071242332458496e-01
8.620201945304870605e-01
8.463697433471679688e-01
6.569077372550964355e-01
8.163931369781494141e-01
9.861707091331481934e-01
1.000000000000000000e+00
1.000000000000000000e+00
1.000000000000000000e+00
1.000000000000000000e+00
6.962596774101257324e-01
1.000000000000000000e+00
9.986375570297241211e-01
7.743086814880371094e-01
7.281841635704040527e-01
9.999448657035827637e-01
7.043612599372863770e-01
9.999994039535522461e-01
1.000000000000000000e+00
9.326797723770141602e-01
1.000000000000000000e+00
8.232287764549255371e-01
8.080568313598632812e-01
1.000000000000000000e+00
8.536796569824218750e-01
1.000000000000000000e+00
1.000000000000000000e+00
9.238068461418151855e-01
9.979118704795837402e-01
8.086599111557006836e-01
9.809014201164245605e-01
7.721135616302490234e-01
8.877840638160705566e-01
9.997311830520629883e-01
9.920396208763122559e-01
9.946458935737609863e-01
1.000000000000000000e+00
7.721045017242431641e-01
1.000000000000000000e+00
1.000000000000000000e+00
1.000000000000000000e+00
8.950256705284118652e-01
7.566817998886108398e-01
9.030323624610900879e-01
7.628842592239379883e-01
8.600177764892578125e-01
9.995936751365661621e-01
1.000000000000000000e+00
7.453025579452514648e-01
9.987443089485168457e-01
1.000000000000000000e+00
7.944296598434448242e-01
8.578619956970214844e-01
7.332286834716796875e-01
1.000000000000000000e+00
9.996030330657958984e-01
1.000000000000000000e+00
7.353333830833435059e-01
9.200699925422668457e-01
8.721258640289306641e-01
9.706047177314758301e-01
1.000000000000000000e+00
9.062476158142089844e-01
7.348979711532592773e-01
7.458606958389282227e-01
8.616892099380493164e-01
8.788864016532897949e-01
1.000000000000000000e+00
7.670414447784423828e-01
9.991807937622070312e-01
8.358719348907470703e-01
7.690047621726989746e-01
8.193166851997375488e-01
7.605121731758117676e-01
6.781201362609863281e-01
8.108157515525817871e-01
1.000000000000000000e+00
1.000000000000000000e+00
7.461081743240356445e-01
7.586078643798828125e-01
7.858361601829528809e-01
7.783374786376953125e-01
1.000000000000000000e+00
8.931405544281005859e-01
9.995327591896057129e-01
9.213506579399108887e-01
1.000000000000000000e+00
7.684107422828674316e-01
8.285444378852844238e-01
1.000000000000000000e+00
7.884953618049621582e-01
7.866498231887817383e-01
9.909772872924804688e-01
8.183002471923828125e-01
6.448079347610473633e-01
1.000000000000000000e+00
9.963198304176330566e-01
1.000000000000000000e+00
8.820049762725830078e-01
7.992073893547058105e-01
7.716767191886901855e-01
7.662137150764465332e-01
8.284968733787536621e-01
1.000000000000000000e+00
1.000000000000000000e+00
1.000000000000000000e+00
1.000000000000000000e+00
1.000000000000000000e+00
8.494989871978759766e-01
8.886560797691345215e-01
7.410515546798706055e-01
9.147243499755859375e-01
7.721503973007202148e-01
1.000000000000000000e+00
1.000000000000000000e+00
9.331918358802795410e-01
7.435055971145629883e-01
8.604959249496459961e-01
9.684402346611022949e-01
1.000000000000000000e+00
9.994789958000183105e-01
9.958295822143554688e-01
7.496223449707031250e-01
8.173917531967163086e-01
9.875503182411193848e-01
7.384762763977050781e-01
1.000000000000000000e+00
1.000000000000000000e+00
1.000000000000000000e+00
7.841911911964416504e-01
1.000000000000000000e+00
7.707068324089050293e-01
9.113568663597106934e-01
8.789243698120117188e-01
1.000000000000000000e+00
7.614964842796325684e-01
8.300613164901733398e-01
9.654897451400756836e-01
1.000000000000000000e+00
8.329665064811706543e-01
7.901151180267333984e-01
8.752439618110656738e-01
1.000000000000000000e+00
7.345187664031982422e-01
9.997097253799438477e-01
7.550010085105895996e-01
1.000000000000000000e+00
7.923433780670166016e-01
9.534808397293090820e-01
8.655571341514587402e-01
9.927628636360168457e-01
1.000000000000000000e+00
9.573490619659423828e-01
1.000000000000000000e+00
1.000000000000000000e+00
7.616084814071655273e-01
8.100187778472900391e-01
8.763317465782165527e-01
1.000000000000000000e+00
8.621574640274047852e-01
9.993137717247009277e-01
9.571161866188049316e-01
1.000000000000000000e+00
8.576816320419311523e-01
7.244496345520019531e-01
8.772661685943603516e-01
8.213298320770263672e-01
9.999917149543762207e-01
8.775454163551330566e-01
8.344051837921142578e-01
9.999896883964538574e-01
8.374649286270141602e-01
8.110284805297851562e-01
1.000000000000000000e+00
1.000000000000000000e+00
8.006669282913208008e-01
8.052359223365783691e-01
1.000000000000000000e+00
7.984201908111572266e-01
7.854229807853698730e-01
9.253422021865844727e-01
8.009233474731445312e-01
1.000000000000000000e+00
9.520141482353210449e-01
1.000000000000000000e+00
1.000000000000000000e+00
1.000000000000000000e+00
1.000000000000000000e+00
1.000000000000000000e+00
8.873285055160522461e-01
6.893641948699951172e-01
7.658972740173339844e-01
1.000000000000000000e+00
8.625755310058593750e-01
8.394424915313720703e-01
1.000000000000000000e+00
7.840662598609924316e-01
8.741359710693359375e-01
9.114338159561157227e-01
1.000000000000000000e+00
7.384395599365234375e-01
8.139071464538574219e-01
9.460959434509277344e-01
9.274812936782836914e-01
1.000000000000000000e+00
6.930795907974243164e-01
9.418571591377258301e-01
8.084175586700439453e-01
8.056873679161071777e-01
8.004747629165649414e-01
9.007068872451782227e-01
1.000000000000000000e+00
9.743270874023437500e-01
9.989494085311889648e-01
8.258221745491027832e-01
8.577926754951477051e-01
9.986818432807922363e-01
7.576923370361328125e-01
7.659636139869689941e-01
7.053031325340270996e-01
1.000000000000000000e+00
7.510926127433776855e-01
9.971730113029479980e-01
1.000000000000000000e+00
7.569236755371093750e-01
1.000000000000000000e+00
9.997112751007080078e-01
7.540463805198669434e-01
1.000000000000000000e+00
8.513919115066528320e-01
1.000000000000000000e+00
1.000000000000000000e+00
8.320000171661376953e-01
1.000000000000000000e+00
1.000000000000000000e+00
9.998147487640380859e-01
8.323888778686523438e-01
7.989345788955688477e-01
8.263965845108032227e-01
7.527585029602050781e-01
1.000000000000000000e+00
8.827993869781494141e-01
8.910501003265380859e-01
1.000000000000000000e+00
8.502575159072875977e-01
1.000000000000000000e+00
8.544287681579589844e-01
7.636161446571350098e-01
9.997038841247558594e-01
7.842075824737548828e-01
9.997334480285644531e-01
1.000000000000000000e+00
8.713180422782897949e-01
9.091253876686096191e-01
8.587888479232788086e-01
1.000000000000000000e+00
9.925257563591003418e-01
7.200437784194946289e-01
1.000000000000000000e+00
7.381031513214111328e-01
8.504983782768249512e-01
1.000000000000000000e+00
7.918687462806701660e-01
7.966841459274291992e-01
8.977032303810119629e-01
9.278245568275451660e-01
7.912592887878417969e-01
9.421697854995727539e-01
8.005627393722534180e-01
1.000000000000000000e+00
1.000000000000000000e+00
8.549433946609497070e-01
7.575690746307373047e-01
6.810327768325805664e-01
8.532341718673706055e-01
9.976060986518859863e-01
6.886202096939086914e-01
7.295799255371093750e-01
1.000000000000000000e+00
6.784877777099609375e-01
1.000000000000000000e+00
8.343077898025512695e-01
6.210243105888366699e-01
6.798380017280578613e-01
1.000000000000000000e+00
7.270950078964233398e-01
1.000000000000000000e+00
8.874983787536621094e-01
7.537062764167785645e-01
9.353950023651123047e-01
7.866546511650085449e-01
7.375869750976562500e-01
7.929903864860534668e-01
9.989368915557861328e-01
8.427222967147827148e-01
8.244645595550537109e-01
9.925181865692138672e-01
1.000000000000000000e+00
7.561872005462646484e-01
8.545672893524169922e-01
1.000000000000000000e+00
7.383519411087036133e-01
9.999570250511169434e-01
1.000000000000000000e+00
1.000000000000000000e+00
7.677527666091918945e-01
6.884813308715820312e-01
8.143570423126220703e-01
1.000000000000000000e+00
1.000000000000000000e+00
6.833157539367675781e-01
9.375032186508178711e-01
1.000000000000000000e+00
6.994038820266723633e-01
8.545003533363342285e-01
9.984759092330932617e-01
8.677415847778320312e-01
1.000000000000000000e+00
1.000000000000000000e+00
1.000000000000000000e+00
7.693896293640136719e-01
8.047401905059814453e-01
8.633254766464233398e-01
7.402046918869018555e-01
9.085743427276611328e-01
7.595133781433105469e-01
1.000000000000000000e+00
1.000000000000000000e+00
1.000000000000000000e+00
1.000000000000000000e+00
1.000000000000000000e+00
8.586660027503967285e-01
7.198293209075927734e-01
1.000000000000000000e+00
1.000000000000000000e+00
7.779732346534729004e-01
1.000000000000000000e+00
8.044475913047790527e-01
6.529765129089355469e-01
7.511883974075317383e-01
7.491120696067810059e-01
1.000000000000000000e+00
9.150028824806213379e-01
9.190777540206909180e-01
8.859557509422302246e-01
1.000000000000000000e+00
1.000000000000000000e+00
9.999840259552001953e-01
7.941624522209167480e-01
1.000000000000000000e+00
8.856527209281921387e-01
8.686500191688537598e-01
1.000000000000000000e+00
8.557692170143127441e-01
8.762793540954589844e-01
7.246086597442626953e-01
1.000000000000000000e+00
8.727327585220336914e-01
1.000000000000000000e+00
8.566983342170715332e-01
9.541767835617065430e-01
8.802857398986816406e-01
1.000000000000000000e+00
9.379453659057617188e-01
7.507586479187011719e-01
8.647205233573913574e-01
6.713216304779052734e-01
7.435947656631469727e-01
6.561636328697204590e-01
9.592528343200683594e-01
9.089953899383544922e-01
1.000000000000000000e+00
1.000000000000000000e+00
8.219881057739257812e-01
8.111647367477416992e-01
9.357507228851318359e-01
7.613675594329833984e-01
8.064666390419006348e-01
8.349261283874511719e-01
8.045641779899597168e-01
1.000000000000000000e+00
6.705858707427978516e-01
8.146632313728332520e-01
1.000000000000000000e+00
7.676728367805480957e-01
9.429341554641723633e-01
9.996365308761596680e-01
8.412465453147888184e-01
1.000000000000000000e+00
9.800385832786560059e-01
7.309683561325073242e-01
7.847712635993957520e-01
9.076675772666931152e-01
8.686220645904541016e-01
9.143292903900146484e-01
7.679486274719238281e-01
8.291062116622924805e-01
1.000000000000000000e+00
7.734116315841674805e-01
8.592348694801330566e-01
7.985407114028930664e-01
9.999985694885253906e-01
9.690815210342407227e-01
1.000000000000000000e+00
6.722260713577270508e-01
8.206546902656555176e-01
9.614492058753967285e-01
1.000000000000000000e+00
9.993929266929626465e-01
1.000000000000000000e+00
7.610025405883789062e-01
9.999975562095642090e-01
8.806028962135314941e-01
7.277233004570007324e-01
7.929143309593200684e-01
7.990201711654663086e-01
7.457831501960754395e-01
9.337673187255859375e-01
8.019462823867797852e-01
7.457233667373657227e-01
9.250722527503967285e-01
8.090068101882934570e-01
9.999919533729553223e-01
8.772493600845336914e-01
1.000000000000000000e+00
1.000000000000000000e+00
1.000000000000000000e+00
9.996855258941650391e-01
1.000000000000000000e+00
8.374537825584411621e-01
1.000000000000000000e+00
7.309947013854980469e-01
9.998741745948791504e-01
1.000000000000000000e+00
9.981384873390197754e-01
7.518585324287414551e-01
6.919654607772827148e-01
1.000000000000000000e+00
8.242048025131225586e-01
9.999139904975891113e-01
9.995646476745605469e-01
7.634330391883850098e-01
7.615378499031066895e-01
1.000000000000000000e+00
8.591828346252441406e-01
9.998504519462585449e-01
7.288498878479003906e-01
1.000000000000000000e+00
9.996826052665710449e-01
1.000000000000000000e+00
9.223349094390869141e-01
1.000000000000000000e+00
1.000000000000000000e+00
7.897807359695434570e-01
8.227782249450683594e-01
7.992360591888427734e-01
1.000000000000000000e+00
7.897572517395019531e-01
7.627583146095275879e-01
9.328345656394958496e-01
7.992315292358398438e-01
1.000000000000000000e+00
1.000000000000000000e+00
9.765254259109497070e-01
1.000000000000000000e+00
8.650595545768737793e-01
8.378406763076782227e-01
1.000000000000000000e+00
8.324932456016540527e-01
9.930617809295654297e-01
8.174857497215270996e-01
9.995031952857971191e-01
6.667312383651733398e-01
8.642919063568115234e-01
1.000000000000000000e+00
8.408737182617187500e-01
9.382244944572448730e-01
1.000000000000000000e+00
1.000000000000000000e+00
8.403421640396118164e-01
1.000000000000000000e+00
7.559981346130371094e-01
8.642153143882751465e-01
1.000000000000000000e+00
9.997889399528503418e-01
7.111840248107910156e-01
7.806664705276489258e-01
7.362639904022216797e-01
7.829965353012084961e-01
7.421230673789978027e-01
1.000000000000000000e+00
8.448126912117004395e-01
1.000000000000000000e+00
7.853695750236511230e-01
1.000000000000000000e+00
9.979923963546752930e-01
7.076992988586425781e-01
7.095828056335449219e-01
9.935022592544555664e-01
1.000000000000000000e+00
8.138983249664306641e-01
1.000000000000000000e+00
1.000000000000000000e+00
8.553578853607177734e-01
8.868529200553894043e-01
8.439214229583740234e-01
8.181420564651489258e-01
7.192268371582031250e-01
1.000000000000000000e+00
1.000000000000000000e+00
9.998550415039062500e-01
9.999743700027465820e-01
7.538495659828186035e-01
1.000000000000000000e+00
1.000000000000000000e+00
9.998872876167297363e-01
8.207308053970336914e-01
9.803584814071655273e-01
8.245878815650939941e-01
1.000000000000000000e+00
8.365304470062255859e-01
9.088341593742370605e-01
7.757344841957092285e-01
1.000000000000000000e+00
6.998842358589172363e-01
6.994518041610717773e-01
8.511703610420227051e-01
8.790128827095031738e-01
1.000000000000000000e+00
8.209220170974731445e-01
9.015284180641174316e-01
9.978457093238830566e-01
1.000000000000000000e+00
8.709331750869750977e-01
7.593446969985961914e-01
8.481383323669433594e-01
1.000000000000000000e+00
7.290735244750976562e-01
9.989771842956542969e-01
1.000000000000000000e+00
8.470127582550048828e-01
9.006904959678649902e-01
6.454787254333496094e-01
7.881220579147338867e-01
1.000000000000000000e+00
9.474169611930847168e-01
9.995889663696289062e-01
1.000000000000000000e+00
7.621882557868957520e-01
8.741968274116516113e-01
7.071515321731567383e-01
1.000000000000000000e+00
7.758474349975585938e-01
9.995661973953247070e-01
8.768767714500427246e-01
7.834653258323669434e-01
8.299554586410522461e-01
7.015568017959594727e-01
9.834484457969665527e-01
9.979610443115234375e-01
7.474631071090698242e-01
9.301792383193969727e-01
1.000000000000000000e+00
7.953724861145019531e-01
1.000000000000000000e+00
9.998549222946166992e-01
1.000000000000000000e+00
7.840982675552368164e-01
1.000000000000000000e+00
8.461276292800903320e-01
7.446024417877197266e-01
7.381051778793334961e-01
7.543169856071472168e-01
9.977630972862243652e-01
8.128176331520080566e-01
9.494071006774902344e-01
9.327390193939208984e-01
7.700904607772827148e-01
1.000000000000000000e+00
8.590948581695556641e-01
1.000000000000000000e+00
8.117282390594482422e-01
7.645665407180786133e-01
9.999736547470092773e-01
7.428629398345947266e-01
9.312947392463684082e-01
8.455186486244201660e-01
6.935037374496459961e-01
9.224793910980224609e-01
8.939346671104431152e-01
7.929503917694091797e-01
8.729587793350219727e-01
8.074536919593811035e-01
6.863858699798583984e-01
8.112639188766479492e-01
8.855344057083129883e-01
6.513009071350097656e-01
7.484035491943359375e-01
1.000000000000000000e+00
1.000000000000000000e+00
9.663133025169372559e-01
8.528977632522583008e-01
8.103086948394775391e-01
7.798212766647338867e-01
6.617227792739868164e-01
9.999086260795593262e-01
7.977580428123474121e-01
7.994887232780456543e-01
9.809114933013916016e-01
8.256250619888305664e-01
1.000000000000000000e+00
8.104601502418518066e-01
9.994226098060607910e-01
8.534162044525146484e-01
8.860592842102050781e-01
1.000000000000000000e+00
8.975756168365478516e-01
9.930750131607055664e-01
9.164838790893554688e-01
1.000000000000000000e+00
9.999785423278808594e-01
9.273945093154907227e-01
8.551841378211975098e-01
7.749161720275878906e-01
6.831887960433959961e-01
8.110117316246032715e-01
1.000000000000000000e+00
8.667469024658203125e-01
7.427494525909423828e-01
7.709349393844604492e-01
9.995520710945129395e-01
9.101526141166687012e-01
9.993975162506103516e-01
1.000000000000000000e+00
1.000000000000000000e+00
8.236708641052246094e-01
8.216679096221923828e-01
7.902612686157226562e-01
7.442125082015991211e-01
7.982020974159240723e-01
8.230512142181396484e-01
9.184252023696899414e-01
1.000000000000000000e+00
8.941767811775207520e-01
8.422328233718872070e-01
9.555729031562805176e-01
7.863267660140991211e-01
1.000000000000000000e+00
1.000000000000000000e+00
7.442831993103027344e-01
1.000000000000000000e+00
8.000030517578125000e-01
8.477572798728942871e-01
7.568310499191284180e-01
9.999678730964660645e-01
9.479876160621643066e-01
8.542325496673583984e-01
7.320212125778198242e-01
8.419234156608581543e-01
8.641206026077270508e-01
1.000000000000000000e+00
7.537376880645751953e-01
1.000000000000000000e+00
9.997587800025939941e-01
9.367668628692626953e-01
9.999855160713195801e-01
8.563159704208374023e-01
9.720067381858825684e-01
8.344808816909790039e-01
9.999597072601318359e-01
8.054699897766113281e-01
7.389636039733886719e-01
6.847091913223266602e-01
1.000000000000000000e+00
1.000000000000000000e+00
7.642070651054382324e-01
7.508233785629272461e-01
1.000000000000000000e+00
7.661074399948120117e-01
9.755157232284545898e-01
6.849664449691772461e-01
8.906623125076293945e-01
9.487561583518981934e-01
8.946392536163330078e-01
7.992573976516723633e-01
8.796104192733764648e-01
9.991301298141479492e-01
1.000000000000000000e+00
1.000000000000000000e+00
7.128223180770874023e-01
9.999686479568481445e-01
8.371884822845458984e-01
1.000000000000000000e+00
1.000000000000000000e+00
1.000000000000000000e+00
9.999738931655883789e-01
7.991666197776794434e-01
7.671823501586914062e-01
8.047252893447875977e-01
1.000000000000000000e+00
1.000000000000000000e+00
1.000000000000000000e+00
8.481199145317077637e-01
7.945953607559204102e-01
7.483874559402465820e-01
9.992847442626953125e-01
1.000000000000000000e+00
9.176290035247802734e-01
9.993625283241271973e-01
7.305504083633422852e-01
7.259991168975830078e-01
7.814913988113403320e-01
7.188249230384826660e-01
1.000000000000000000e+00
9.344115853309631348e-01
9.987223148345947266e-01
1.000000000000000000e+00
7.034649848937988281e-01
9.985288381576538086e-01
7.475225925445556641e-01
9.121677875518798828e-01
7.261929512023925781e-01
1.000000000000000000e+00
7.487434148788452148e-01
8.006453514099121094e-01
1.000000000000000000e+00
8.919684290885925293e-01
7.817638516426086426e-01
6.796709299087524414e-01
8.957651257514953613e-01
7.629855871200561523e-01
1.000000000000000000e+00
8.039315938949584961e-01
9.630475640296936035e-01
7.318286895751953125e-01
1.000000000000000000e+00
9.379198551177978516e-01
1.000000000000000000e+00
8.592354655265808105e-01
9.853296875953674316e-01
1.000000000000000000e+00
1.000000000000000000e+00
8.016061186790466309e-01
8.420479297637939453e-01
9.998873472213745117e-01
8.106738924980163574e-01
7.484867572784423828e-01
1.000000000000000000e+00
1.000000000000000000e+00
9.942589998245239258e-01
7.251952290534973145e-01
8.226071000099182129e-01
7.676607966423034668e-01
6.858913898468017578e-01
9.206720590591430664e-01
7.935831546783447266e-01
1.000000000000000000e+00
7.605390548706054688e-01
8.714855313301086426e-01
1.000000000000000000e+00
7.536350488662719727e-01
8.557093143463134766e-01
1.000000000000000000e+00
9.133886098861694336e-01
6.783705949783325195e-01
8.908869028091430664e-01
8.425660133361816406e-01
8.093034029006958008e-01
7.992545962333679199e-01
8.628146648406982422e-01
1.000000000000000000e+00
7.706959247589111328e-01
1.000000000000000000e+00
7.284122705459594727e-01
8.789925575256347656e-01
8.041602373123168945e-01
8.322401046752929688e-01
8.385276794433593750e-01
7.205518484115600586e-01
1.000000000000000000e+00
1.000000000000000000e+00
1.000000000000000000e+00
7.728120088577270508e-01
9.980161190032958984e-01
7.577078938484191895e-01
9.998896718025207520e-01
7.311439514160156250e-01
8.277267813682556152e-01
1.000000000000000000e+00
1.000000000000000000e+00
7.963484525680541992e-01
1.000000000000000000e+00
7.676925659179687500e-01
7.986222505569458008e-01
1.000000000000000000e+00
9.996762275695800781e-01
7.941023111343383789e-01
9.998955726623535156e-01
7.516126632690429688e-01
1.000000000000000000e+00
9.001315236091613770e-01
8.563966751098632812e-01
9.629043936729431152e-01
1.000000000000000000e+00
1.000000000000000000e+00
1.000000000000000000e+00
7.108539342880249023e-01
7.220317125320434570e-01
9.998686909675598145e-01
8.120755553245544434e-01
1.000000000000000000e+00
7.797679305076599121e-01
6.918603777885437012e-01
1.000000000000000000e+00
8.174020051956176758e-01
8.474375605583190918e-01
8.902899622917175293e-01
1.000000000000000000e+00
8.214479088783264160e-01
8.537061810493469238e-01
7.724042534828186035e-01
8.686866164207458496e-01
1.000000000000000000e+00
8.149056434631347656e-01
7.941396236419677734e-01
9.996614456176757812e-01
1.000000000000000000e+00
8.528224229812622070e-01
1.000000000000000000e+00
7.784273624420166016e-01
8.694476485252380371e-01
1.000000000000000000e+00
7.414643764495849609e-01
7.830246686935424805e-01
8.090644478797912598e-01
8.171502947807312012e-01
7.313889861106872559e-01
6.720492243766784668e-01
1.000000000000000000e+00
9.875823259353637695e-01
9.374409914016723633e-01
9.904643297195434570e-01
9.687667489051818848e-01
1.000000000000000000e+00
7.731161713600158691e-01
1.000000000000000000e+00
7.037160396575927734e-01
8.982203006744384766e-01
1.000000000000000000e+00
7.675389051437377930e-01
1.000000000000000000e+00
6.691870093345642090e-01
8.513477444648742676e-01
1.000000000000000000e+00
1.000000000000000000e+00
1.000000000000000000e+00
1.000000000000000000e+00
8.772174119949340820e-01
7.513626217842102051e-01
9.989790916442871094e-01
9.976760149002075195e-01
1.000000000000000000e+00
7.005478143692016602e-01
9.998279809951782227e-01
8.531634211540222168e-01
8.226135373115539551e-01
1.000000000000000000e+00
8.552001118659973145e-01
9.980839490890502930e-01
9.993209838867187500e-01
1.000000000000000000e+00
7.367779016494750977e-01
7.260137796401977539e-01
8.195822238922119141e-01
9.999982118606567383e-01
1.000000000000000000e+00
7.712519168853759766e-01
1.000000000000000000e+00
1.000000000000000000e+00
7.797203660011291504e-01
1.000000000000000000e+00
9.825863838195800781e-01
9.132555723190307617e-01
1.000000000000000000e+00
7.811124920845031738e-01
7.631196975708007812e-01
7.529634833335876465e-01
1.000000000000000000e+00
1.000000000000000000e+00
6.283572316169738770e-01
9.485630393028259277e-01
1.000000000000000000e+00
1.000000000000000000e+00
9.998969435691833496e-01
7.394908666610717773e-01
6.408673524856567383e-01
7.840969562530517578e-01
8.616192340850830078e-01
8.013046979904174805e-01
7.020133137702941895e-01
7.663680911064147949e-01
9.422902464866638184e-01
7.192189693450927734e-01
8.301331996917724609e-01
1.000000000000000000e+00
8.943345546722412109e-01
7.206401824951171875e-01
1.000000000000000000e+00
7.968209981918334961e-01
6.580164432525634766e-01
7.889456152915954590e-01
9.999830722808837891e-01
9.102020263671875000e-01
7.162044048309326172e-01
8.853131532669067383e-01
7.465658783912658691e-01
1.000000000000000000e+00
9.986932873725891113e-01
1.000000000000000000e+00
7.083883285522460938e-01
7.365588545799255371e-01
8.616908788681030273e-01
1.000000000000000000e+00
7.606445550918579102e-01
1.000000000000000000e+00
9.999218583106994629e-01
9.477978348731994629e-01
9.997209906578063965e-01
1.000000000000000000e+00
1.000000000000000000e+00
7.282656431198120117e-01
6.984939575195312500e-01
1.000000000000000000e+00
1.000000000000000000e+00
9.879652261734008789e-01
7.121733427047729492e-01
8.339039087295532227e-01
1.000000000000000000e+00
8.223528861999511719e-01
7.695435285568237305e-01
7.667062878608703613e-01
8.046908974647521973e-01
1.000000000000000000e+00
1.000000000000000000e+00
1.000000000000000000e+00
9.242535233497619629e-01
8.497745990753173828e-01
8.878849744796752930e-01
9.201071262359619141e-01
8.548162579536437988e-01
7.503111362457275391e-01
8.859198093414306641e-01
8.599703311920166016e-01
6.518363952636718750e-01
1.000000000000000000e+00
7.713496685028076172e-01
9.999961256980895996e-01
1.000000000000000000e+00
7.445491552352905273e-01
8.617264628410339355e-01
1.000000000000000000e+00
9.999910593032836914e-01
8.024437427520751953e-01
1.000000000000000000e+00
9.888945221900939941e-01
9.127701520919799805e-01
6.316024065017700195e-01
1.000000000000000000e+00
8.745508790016174316e-01
6.476859450340270996e-01
1.000000000000000000e+00
8.125386834144592285e-01
1.000000000000000000e+00
6.829609870910644531e-01
1.000000000000000000e+00
1.000000000000000000e+00
9.999437332153320312e-01
8.362232446670532227e-01
9.886907339096069336e-01
9.723743200302124023e-01
1.000000000000000000e+00
8.433932662010192871e-01
1.000000000000000000e+00
9.988398551940917969e-01
1.000000000000000000e+00
7.216218709945678711e-01
7.274699211120605469e-01
1.000000000000000000e+00
9.407208561897277832e-01
1.000000000000000000e+00
8.028874993324279785e-01
1.000000000000000000e+00
8.255853652954101562e-01
9.455995559692382812e-01
9.406037330627441406e-01
7.217230796813964844e-01
1.000000000000000000e+00
7.862251996994018555e-01
1.000000000000000000e+00
1.000000000000000000e+00
6.521248817443847656e-01
1.000000000000000000e+00
9.536496996879577637e-01
1.000000000000000000e+00
7.552412748336791992e-01
8.735944032669067383e-01
7.673679590225219727e-01
7.519983053207397461e-01
9.017554521560668945e-01
1.000000000000000000e+00
8.048480153083801270e-01
7.624704837799072266e-01
1.000000000000000000e+00
8.655843734741210938e-01
9.289940595626831055e-01
7.528927922248840332e-01
7.209066152572631836e-01
8.294063210487365723e-01
6.591856479644775391e-01
1.000000000000000000e+00
7.218404412269592285e-01
6.579904556274414062e-01
9.783139824867248535e-01
6.860266923904418945e-01
1.000000000000000000e+00
8.909780979156494141e-01
1.000000000000000000e+00
6.700302362442016602e-01
1.000000000000000000e+00
7.425383329391479492e-01
7.149642705917358398e-01
9.995756745338439941e-01
9.995583891868591309e-01
9.731789231300354004e-01
8.965003490447998047e-01
1.000000000000000000e+00
6.455577015876770020e-01
8.021531105041503906e-01
8.179509043693542480e-01
6.771242618560791016e-01
1.000000000000000000e+00
9.998120665550231934e-01
9.987843036651611328e-01
7.650816440582275391e-01
9.999758005142211914e-01
1.000000000000000000e+00
6.831424236297607422e-01
9.978955984115600586e-01
6.511825323104858398e-01
1.000000000000000000e+00
8.048695325851440430e-01
1.000000000000000000e+00
1.000000000000000000e+00
6.237330436706542969e-01
6.843281984329223633e-01
7.710220813751220703e-01
7.185370326042175293e-01
9.999534487724304199e-01
8.913624286651611328e-01
8.359975814819335938e-01
1.000000000000000000e+00
9.999727010726928711e-01
8.099897503852844238e-01
1.000000000000000000e+00
7.939505577087402344e-01
1.000000000000000000e+00
6.593286991119384766e-01
8.997949957847595215e-01
1.000000000000000000e+00
7.374485731124877930e-01
7.410064935684204102e-01
9.990227222442626953e-01
8.022300004959106445e-01
1.000000000000000000e+00
1.000000000000000000e+00
7.426304817199707031e-01
1.000000000000000000e+00
1.000000000000000000e+00
6.770772933959960938e-01
1.000000000000000000e+00
1.000000000000000000e+00
1.000000000000000000e+00
1.000000000000000000e+00
8.487409353256225586e-01
8.551704883575439453e-01
6.746835708618164062e-01
8.250016570091247559e-01
1.000000000000000000e+00
8.480187654495239258e-01
6.707114577293395996e-01
6.738810539245605469e-01
8.057906627655029297e-01
9.873995780944824219e-01
8.745137453079223633e-01
7.570517063140869141e-01
7.559056878089904785e-01
9.999884366989135742e-01
8.646405935287475586e-01
8.355865478515625000e-01
9.998570084571838379e-01
9.483290910720825195e-01
6.365263462066650391e-01
7.985638380050659180e-01
7.776426672935485840e-01
7.315428256988525391e-01
6.232227087020874023e-01
7.340985536575317383e-01
7.750437855720520020e-01
1.000000000000000000e+00
1.000000000000000000e+00
8.228007555007934570e-01
7.018375396728515625e-01
8.664343953132629395e-01
1.000000000000000000e+00
7.316275835037231445e-01
9.995788335800170898e-01
9.095996618270874023e-01
1.000000000000000000e+00
1.000000000000000000e+00
1.000000000000000000e+00
1.000000000000000000e+00
8.516375422477722168e-01
9.162168502807617188e-01
9.223450422286987305e-01
8.059023618698120117e-01
9.625660181045532227e-01
7.405295968055725098e-01
6.664176583290100098e-01
7.337288260459899902e-01
7.733055949211120605e-01
7.614517211914062500e-01
7.671082019805908203e-01
7.943553328514099121e-01
9.289143085479736328e-01
1.000000000000000000e+00
7.745801806449890137e-01
8.333645462989807129e-01
1.000000000000000000e+00
1.000000000000000000e+00
1.000000000000000000e+00
9.998670220375061035e-01
1.000000000000000000e+00
7.652816772460937500e-01
6.801924705505371094e-01
7.728605866432189941e-01
1.000000000000000000e+00
1.000000000000000000e+00
1.000000000000000000e+00
8.025525212287902832e-01
9.723177552223205566e-01
8.595399856567382812e-01
1.000000000000000000e+00
6.943192481994628906e-01
7.934380769729614258e-01
7.893225550651550293e-01
9.846901297569274902e-01
8.554150462150573730e-01
1.000000000000000000e+00
6.831790804862976074e-01
1.000000000000000000e+00
7.254350185394287109e-01
6.938866376876831055e-01
7.794214487075805664e-01
9.317402839660644531e-01
1.000000000000000000e+00
7.862307429313659668e-01
7.591971755027770996e-01
1.000000000000000000e+00
1.000000000000000000e+00
6.522700786590576172e-01
1.000000000000000000e+00
7.317422032356262207e-01
9.021922349929809570e-01
7.561743855476379395e-01
9.999465346336364746e-01
7.811098098754882812e-01
9.966469407081604004e-01
7.875839471817016602e-01
1.000000000000000000e+00
9.491769671440124512e-01
1.000000000000000000e+00
8.094508051872253418e-01
9.921587705612182617e-01
1.000000000000000000e+00
1.000000000000000000e+00
7.969592213630676270e-01
1.000000000000000000e+00
8.352218866348266602e-01
7.487897872924804688e-01
7.871453166007995605e-01
8.440409898757934570e-01
7.361218929290771484e-01
7.470084428787231445e-01
7.890930175781250000e-01
7.132318019866943359e-01
1.000000000000000000e+00
6.352385282516479492e-01
8.333751559257507324e-01
1.000000000000000000e+00
8.676306605339050293e-01
1.000000000000000000e+00
8.384404182434082031e-01
1.000000000000000000e+00
7.511034607887268066e-01
9.476010203361511230e-01
9.993717074394226074e-01
7.532886862754821777e-01
7.215727567672729492e-01
1.000000000000000000e+00
6.582971215248107910e-01
7.579655647277832031e-01
7.133910655975341797e-01
1.000000000000000000e+00
8.189858198165893555e-01
8.010762333869934082e-01
6.768282651901245117e-01
6.749329566955566406e-01
1.000000000000000000e+00
8.916227817535400391e-01
7.306029796600341797e-01
8.430501222610473633e-01
1.000000000000000000e+00
1.000000000000000000e+00
8.486146330833435059e-01
8.116809129714965820e-01
9.998118281364440918e-01
8.930197358131408691e-01
1.000000000000000000e+00
1.000000000000000000e+00
9.999927282333374023e-01
6.401491165161132812e-01
7.238742113113403320e-01
1.000000000000000000e+00
8.815773725509643555e-01
8.382190465927124023e-01
1.000000000000000000e+00
1.000000000000000000e+00
7.725796699523925781e-01
8.299490213394165039e-01
8.253837227821350098e-01
9.178876280784606934e-01
7.862771749496459961e-01
8.906387686729431152e-01
1.000000000000000000e+00
1.000000000000000000e+00
9.878941178321838379e-01
8.142412304878234863e-01
9.990873336791992188e-01
7.149702310562133789e-01
9.999587535858154297e-01
7.242251038551330566e-01
1.000000000000000000e+00
6.616016626358032227e-01
8.626587390899658203e-01
6.597431898117065430e-01
7.070560455322265625e-01
1.000000000000000000e+00
6.789587140083312988e-01
7.812305688858032227e-01
6.149857044219970703e-01
1.000000000000000000e+00
1.000000000000000000e+00
6.812783479690551758e-01
7.692267894744873047e-01
6.742700934410095215e-01
1.000000000000000000e+00
7.301812767982482910e-01
7.888553142547607422e-01
7.075762152671813965e-01
6.859154701232910156e-01
9.230618476867675781e-01
7.619122862815856934e-01
6.598034501075744629e-01
9.988365173339843750e-01
8.993764519691467285e-01
7.255312800407409668e-01
1.000000000000000000e+00
7.826043963432312012e-01
9.894902706146240234e-01
8.010283708572387695e-01
8.523504137992858887e-01
7.321892380714416504e-01
7.765117287635803223e-01
7.679722309112548828e-01
9.230926036834716797e-01
9.987103939056396484e-01
6.992644071578979492e-01
8.166254758834838867e-01
7.548263072967529297e-01
6.058027744293212891e-01
1.000000000000000000e+00
6.768260002136230469e-01
1.000000000000000000e+00
6.414599418640136719e-01
1.000000000000000000e+00
7.652170062065124512e-01
7.931160926818847656e-01
7.544418573379516602e-01
8.538058400154113770e-01
9.933797717094421387e-01
9.999915361404418945e-01
8.870732784271240234e-01
9.986951947212219238e-01
7.440972328186035156e-01
8.388903141021728516e-01
6.962897777557373047e-01
1.000000000000000000e+00
9.574058055877685547e-01
7.951638698577880859e-01
9.987850785255432129e-01
9.978926777839660645e-01
1.000000000000000000e+00
9.999274611473083496e-01
7.628381252288818359e-01
7.218961715698242188e-01
6.796957254409790039e-01
8.007007837295532227e-01
9.999315738677978516e-01
7.771612405776977539e-01
1.000000000000000000e+00
1.000000000000000000e+00
7.933919429779052734e-01
7.727154493331909180e-01
9.340109229087829590e-01
7.253526449203491211e-01
1.000000000000000000e+00
9.993122816085815430e-01
1.000000000000000000e+00
7.327731251716613770e-01
7.827238440513610840e-01
8.296746015548706055e-01
6.965363025665283203e-01
9.998742341995239258e-01
1.000000000000000000e+00
7.317724227905273438e-01
9.999092817306518555e-01
1.000000000000000000e+00
9.552150368690490723e-01
1.000000000000000000e+00
7.030380368232727051e-01
7.836074233055114746e-01
9.017750024795532227e-01
1.000000000000000000e+00
1.000000000000000000e+00
7.992481589317321777e-01
7.186760902404785156e-01
1.000000000000000000e+00
7.642623782157897949e-01
1.000000000000000000e+00
1.000000000000000000e+00
1.000000000000000000e+00
9.999547600746154785e-01
1.000000000000000000e+00
9.987902045249938965e-01
9.997464418411254883e-01
9.856481552124023438e-01
8.142663240432739258e-01
6.586236357688903809e-01
8.587725162506103516e-01
7.601255774497985840e-01
6.408313512802124023e-01
9.999546408653259277e-01
1.000000000000000000e+00
7.758985161781311035e-01
6.013820767402648926e-01
1.000000000000000000e+00
1.000000000000000000e+00
1.000000000000000000e+00
7.238399386405944824e-01
7.895269989967346191e-01
8.256822228431701660e-01
1.000000000000000000e+00
8.197908401489257812e-01
7.558199167251586914e-01
1.000000000000000000e+00
1.000000000000000000e+00
8.694316744804382324e-01
8.181440830230712891e-01
1.000000000000000000e+00
1.000000000000000000e+00
7.958393096923828125e-01
1.000000000000000000e+00
1.000000000000000000e+00
8.351507782936096191e-01
7.407888174057006836e-01
8.183108568191528320e-01
7.462735176086425781e-01
6.860109567642211914e-01
7.463053464889526367e-01
9.999966025352478027e-01
1.000000000000000000e+00
9.994579553604125977e-01
8.790960907936096191e-01
7.485957145690917969e-01
9.999321699142456055e-01
9.955191016197204590e-01
1.000000000000000000e+00
9.606129527091979980e-01
6.864757537841796875e-01
6.831028461456298828e-01
8.720685243606567383e-01
7.398200035095214844e-01
8.829521536827087402e-01
7.669129371643066406e-01
7.059991359710693359e-01
9.993072152137756348e-01
7.337225675582885742e-01
9.002477526664733887e-01
6.682733297348022461e-01
6.800111532211303711e-01
9.745624661445617676e-01
8.087115287780761719e-01
7.896355986595153809e-01
7.629026174545288086e-01
1.000000000000000000e+00
6.705386638641357422e-01
9.875742197036743164e-01
9.999669790267944336e-01
8.940477371215820312e-01
8.591628074645996094e-01
1.000000000000000000e+00
1.000000000000000000e+00
9.999940395355224609e-01
8.627818226814270020e-01
1.000000000000000000e+00
1.000000000000000000e+00
7.921904921531677246e-01
7.325437068939208984e-01
6.823186278343200684e-01
1.000000000000000000e+00
8.550110459327697754e-01
1.000000000000000000e+00
8.597447276115417480e-01
7.275696992874145508e-01
1.000000000000000000e+00
6.752681732177734375e-01
8.292639255523681641e-01
8.977345228195190430e-01
8.502606749534606934e-01
6.648402810096740723e-01
6.544898748397827148e-01
1.000000000000000000e+00
9.500576853752136230e-01
7.587271928787231445e-01
9.970964789390563965e-01
1.000000000000000000e+00
1.000000000000000000e+00
1.000000000000000000e+00
6.670075654983520508e-01
8.621009588241577148e-01
9.999334812164306641e-01
8.709372282028198242e-01
8.231763243675231934e-01
1.000000000000000000e+00
1.000000000000000000e+00
9.998830556869506836e-01
8.944541215896606445e-01
9.569112658500671387e-01
9.258924722671508789e-01
7.107635736465454102e-01
6.099435091018676758e-01
1.000000000000000000e+00
9.992402195930480957e-01
9.912325739860534668e-01
7.839716076850891113e-01
8.119242191314697266e-01
8.714247941970825195e-01
7.933902144432067871e-01
9.999434351921081543e-01
1.000000000000000000e+00
7.982068061828613281e-01
1.000000000000000000e+00
7.386864423751831055e-01
6.980752348899841309e-01
8.066474199295043945e-01
1.000000000000000000e+00
7.801758050918579102e-01
9.999997019767761230e-01
9.996839761734008789e-01
9.288895726203918457e-01
1.000000000000000000e+00
1.000000000000000000e+00
8.739237189292907715e-01
6.647106409072875977e-01
8.208893537521362305e-01
8.121154904365539551e-01
9.856451749801635742e-01
1.000000000000000000e+00
7.484260201454162598e-01
7.461335659027099609e-01
1.000000000000000000e+00
7.807417511940002441e-01
8.554345369338989258e-01
6.543439626693725586e-01
7.103764414787292480e-01
6.332033872604370117e-01
7.208075523376464844e-01
1.000000000000000000e+00
9.155812263488769531e-01
7.207666635513305664e-01
1.000000000000000000e+00
1.000000000000000000e+00
9.949674606323242188e-01
1.000000000000000000e+00
1.000000000000000000e+00
8.634644150733947754e-01
7.953497767448425293e-01
9.982175827026367188e-01
6.258125305175781250e-01
1.000000000000000000e+00
1.000000000000000000e+00
7.928761243820190430e-01
8.130804300308227539e-01
7.175558805465698242e-01
7.479505538940429688e-01
8.365998268127441406e-01
7.512396574020385742e-01
8.341511487960815430e-01
8.421919941902160645e-01
8.475245237350463867e-01
9.295631647109985352e-01
8.166614770889282227e-01
7.938923239707946777e-01
6.731088161468505859e-01
9.293707013130187988e-01
9.996711015701293945e-01
7.515196204185485840e-01
9.999908208847045898e-01
1.000000000000000000e+00
7.864509820938110352e-01
6.444324254989624023e-01
9.091914296150207520e-01
1.000000000000000000e+00
8.572666645050048828e-01
8.271663188934326172e-01
1.000000000000000000e+00
1.000000000000000000e+00
7.618808746337890625e-01
8.365038633346557617e-01
9.211516380310058594e-01
1.000000000000000000e+00
7.793838977813720703e-01
9.035793542861938477e-01
9.082500338554382324e-01
7.372145652770996094e-01
7.132939100265502930e-01
6.689956188201904297e-01
8.777249455451965332e-01
6.592525243759155273e-01
1.000000000000000000e+00
8.424693346023559570e-01
1.000000000000000000e+00
7.643724679946899414e-01
6.287426948547363281e-01
9.728117585182189941e-01
6.411219835281372070e-01
1.000000000000000000e+00
8.290753364562988281e-01
6.487705707550048828e-01
1.000000000000000000e+00
1.000000000000000000e+00
8.353357315063476562e-01
6.617468595504760742e-01
9.899951219558715820e-01
1.000000000000000000e+00
9.995151758193969727e-01
6.148279309272766113e-01
1.000000000000000000e+00
9.406984448432922363e-01
9.951516389846801758e-01
9.572379589080810547e-01
7.307643890380859375e-01
9.379689097404479980e-01
6.391542553901672363e-01
7.220621109008789062e-01
8.542034626007080078e-01
9.999989867210388184e-01
1.000000000000000000e+00
6.407970786094665527e-01
9.999020695686340332e-01
8.163724541664123535e-01
6.528325676918029785e-01
1.000000000000000000e+00
9.996652603149414062e-01
9.594019651412963867e-01
9.605386853218078613e-01
7.388294935226440430e-01
6.323128938674926758e-01
7.339947819709777832e-01
7.444647550582885742e-01
9.993217587471008301e-01
9.762446284294128418e-01
9.722382426261901855e-01
1.000000000000000000e+00
6.912294030189514160e-01
9.992428421974182129e-01
9.564727544784545898e-01
1.000000000000000000e+00
8.476309776306152344e-01
1.000000000000000000e+00
1.000000000000000000e+00
7.226930856704711914e-01
9.999818801879882812e-01
1.000000000000000000e+00
8.277835845947265625e-01
1.000000000000000000e+00
7.361063957214355469e-01
7.692729234695434570e-01
8.100560903549194336e-01
7.891905903816223145e-01
8.135535717010498047e-01
9.322562813758850098e-01
8.234941959381103516e-01
9.509713649749755859e-01
8.852918744087219238e-01
1.000000000000000000e+00
9.998012185096740723e-01
8.742189407348632812e-01
7.749138474464416504e-01
9.316463470458984375e-01
8.712286949157714844e-01
1.000000000000000000e+00
1.000000000000000000e+00
1.000000000000000000e+00
1.000000000000000000e+00
9.691305160522460938e-01
9.998636841773986816e-01
6.480919122695922852e-01
9.996190667152404785e-01
9.999750852584838867e-01
7.764263749122619629e-01
1.000000000000000000e+00
7.290946841239929199e-01
7.471758723258972168e-01
7.443100214004516602e-01
8.468537926673889160e-01
7.908468246459960938e-01
1.000000000000000000e+00
9.999993443489074707e-01
7.046091556549072266e-01
9.999638199806213379e-01
8.583709001541137695e-01
7.284742593765258789e-01
9.996221661567687988e-01
1.000000000000000000e+00
7.816671133041381836e-01
8.851252794265747070e-01
6.502869725227355957e-01
9.514276981353759766e-01
7.495564818382263184e-01
1.000000000000000000e+00
6.466270685195922852e-01
1.000000000000000000e+00
8.459591865539550781e-01
6.660475730895996094e-01
7.476756572723388672e-01
9.999607801437377930e-01
1.000000000000000000e+00
7.560871839523315430e-01
9.126736521720886230e-01
1.000000000000000000e+00
8.488950133323669434e-01
8.892672657966613770e-01
1.000000000000000000e+00
7.672524452209472656e-01
9.157410860061645508e-01
6.507173776626586914e-01
1.000000000000000000e+00
8.562855720520019531e-01
8.238397836685180664e-01
7.841780781745910645e-01
7.867051362991333008e-01
9.054088592529296875e-01
7.288738489151000977e-01
1.000000000000000000e+00
7.072721719741821289e-01
7.790158390998840332e-01
1.000000000000000000e+00
1.000000000000000000e+00
7.999635338783264160e-01
1.000000000000000000e+00
1.000000000000000000e+00
7.789973020553588867e-01
9.073629379272460938e-01
9.898082017898559570e-01
6.651921272277832031e-01
5.984240770339965820e-01
8.496371507644653320e-01
5.951957702636718750e-01
9.483415484428405762e-01
1.000000000000000000e+00
1.000000000000000000e+00
9.252634644508361816e-01
6.527752876281738281e-01
1.000000000000000000e+00
9.840148687362670898e-01
6.809116601943969727e-01
8.211416602134704590e-01
8.971877694129943848e-01
6.965179443359375000e-01
7.416646480560302734e-01
7.862489223480224609e-01
8.114912509918212891e-01
7.039784193038940430e-01
7.180638313293457031e-01
6.864364147186279297e-01
6.466209888458251953e-01
1.000000000000000000e+00
8.418906331062316895e-01
9.318901300430297852e-01
9.980826973915100098e-01
7.996594905853271484e-01
9.944766759872436523e-01
9.873974323272705078e-01
1.000000000000000000e+00
9.443184733390808105e-01
1.000000000000000000e+00
9.998438358306884766e-01
1.000000000000000000e+00
1.000000000000000000e+00
7.921998500823974609e-01
1.000000000000000000e+00
1.000000000000000000e+00
1.000000000000000000e+00
9.998671412467956543e-01
1.000000000000000000e+00
7.247452735900878906e-01
7.770082950592041016e-01
8.641864061355590820e-01
9.998909235000610352e-01
8.279662728309631348e-01
8.255882263183593750e-01
9.239341616630554199e-01
9.994301795959472656e-01
9.995929002761840820e-01
9.992185831069946289e-01
9.999324083328247070e-01
1.000000000000000000e+00
6.086488962173461914e-01
1.000000000000000000e+00
9.872538447380065918e-01
7.843559980392456055e-01
1.000000000000000000e+00
8.489227294921875000e-01
1.000000000000000000e+00
6.835911273956298828e-01
7.279925942420959473e-01
7.014394402503967285e-01
1.000000000000000000e+00
7.622066736221313477e-01
9.985060691833496094e-01
1.000000000000000000e+00
1.000000000000000000e+00
1.000000000000000000e+00
7.309957742691040039e-01
8.332256078720092773e-01
9.688820838928222656e-01
1.000000000000000000e+00
7.686254978179931641e-01
1.000000000000000000e+00
1.000000000000000000e+00
7.905289530754089355e-01
9.998933672904968262e-01
9.219023585319519043e-01
8.527942895889282227e-01
8.890519142150878906e-01
1.000000000000000000e+00
6.977955698966979980e-01
1.000000000000000000e+00
8.319627046585083008e-01
7.708775997161865234e-01
7.967346906661987305e-01
7.903919219970703125e-01
6.959977746009826660e-01
6.859778165817260742e-01
8.009099960327148438e-01
7.025276422500610352e-01
9.946134686470031738e-01
6.621607542037963867e-01
9.000319242477416992e-01
1.000000000000000000e+00
6.568343639373779297e-01
9.111615419387817383e-01
8.893711566925048828e-01
8.370103240013122559e-01
9.349895715713500977e-01
1.000000000000000000e+00
6.455732583999633789e-01
6.497778892517089844e-01
7.668433785438537598e-01
1.000000000000000000e+00
1.000000000000000000e+00
1.000000000000000000e+00
8.682736158370971680e-01
7.746968269348144531e-01
7.338510751724243164e-01
1.000000000000000000e+00
1.000000000000000000e+00
8.998187780380249023e-01
1.000000000000000000e+00
7.291567325592041016e-01
8.791765570640563965e-01
7.564525604248046875e-01
1.000000000000000000e+00
1.000000000000000000e+00
7.966122031211853027e-01
1.000000000000000000e+00
8.010129928588867188e-01
8.891738653182983398e-01
7.577484846115112305e-01
8.080374002456665039e-01
1.000000000000000000e+00
1.000000000000000000e+00
7.506241202354431152e-01
5.750153064727783203e-01
1.000000000000000000e+00
8.674553036689758301e-01
7.962841987609863281e-01
8.589651584625244141e-01
8.445709347724914551e-01
7.856831550598144531e-01
7.424139380455017090e-01
1.000000000000000000e+00
7.725451588630676270e-01
8.860872387886047363e-01
6.959086656570434570e-01
7.180162668228149414e-01
8.970122933387756348e-01
1.000000000000000000e+00
9.999439120292663574e-01
8.314313888549804688e-01
7.076472640037536621e-01
8.348307609558105469e-01
7.268600463867187500e-01
1.000000000000000000e+00
1.000000000000000000e+00
1.000000000000000000e+00
1.000000000000000000e+00
1.000000000000000000e+00
8.238984346389770508e-01
8.535765409469604492e-01
7.778181433677673340e-01
9.990280866622924805e-01
7.076561450958251953e-01
1.000000000000000000e+00
6.801058053970336914e-01
8.024215102195739746e-01
8.932051062583923340e-01
8.218151330947875977e-01
1.000000000000000000e+00
1.000000000000000000e+00
1.000000000000000000e+00
9.091022610664367676e-01
8.432213664054870605e-01
9.985057711601257324e-01
6.221997141838073730e-01
9.416083097457885742e-01
9.978992342948913574e-01
8.109610676765441895e-01
9.999844431877136230e-01
8.375966548919677734e-01
7.174779772758483887e-01
8.715134263038635254e-01
7.126591205596923828e-01
7.934978604316711426e-01
7.135922908782958984e-01
7.003676891326904297e-01
1.000000000000000000e+00
6.043558120727539062e-01
9.999319911003112793e-01
9.998747706413269043e-01
1.000000000000000000e+00
1.000000000000000000e+00
7.368513345718383789e-01
8.755697011947631836e-01
7.854880094528198242e-01
7.091715931892395020e-01
1.000000000000000000e+00
1.000000000000000000e+00
9.992236495018005371e-01
1.000000000000000000e+00
7.897030711174011230e-01
9.999930858612060547e-01
7.408584356307983398e-01
1.000000000000000000e+00
8.532534837722778320e-01
8.733184933662414551e-01
7.920008301734924316e-01
1.000000000000000000e+00
6.590296030044555664e-01
8.802609443664550781e-01
1.000000000000000000e+00
7.963880896568298340e-01
7.181558609008789062e-01
7.366751432418823242e-01
1.000000000000000000e+00
1.000000000000000000e+00
7.782788872718811035e-01
1.000000000000000000e+00
7.035207152366638184e-01
6.968533992767333984e-01
7.143821716308593750e-01
9.985674023628234863e-01
8.918585181236267090e-01
6.512137651443481445e-01
6.807874441146850586e-01
1.000000000000000000e+00
6.968271732330322266e-01
7.446688413619995117e-01
7.658829092979431152e-01
6.942309141159057617e-01
1.000000000000000000e+00
1.000000000000000000e+00
9.079396128654479980e-01
7.361137270927429199e-01
6.750656366348266602e-01
7.652096748352050781e-01
9.999035000801086426e-01
1.000000000000000000e+00
8.357037901878356934e-01
8.781185150146484375e-01
7.897880673408508301e-01
1.000000000000000000e+00
7.616540789604187012e-01
8.644175529479980469e-01
7.367981076240539551e-01
1.000000000000000000e+00
1.000000000000000000e+00
1.000000000000000000e+00
6.462367773056030273e-01
9.190629124641418457e-01
6.287748813629150391e-01
9.921075105667114258e-01
9.992167949676513672e-01
7.595279216766357422e-01
1.000000000000000000e+00
9.191465973854064941e-01
8.810273408889770508e-01
7.416753172874450684e-01
8.536942601203918457e-01
1.000000000000000000e+00
1.000000000000000000e+00
8.965950608253479004e-01
6.842962503433227539e-01
7.843664288520812988e-01
6.633479595184326172e-01
7.500024437904357910e-01
1.000000000000000000e+00
7.462321519851684570e-01
7.102738618850708008e-01
1.000000000000000000e+00
8.438853025436401367e-01
6.416581869125366211e-01
1.000000000000000000e+00
9.998290538787841797e-01
1.000000000000000000e+00
9.223316907882690430e-01
7.450147271156311035e-01
9.515259861946105957e-01
6.063420772552490234e-01
1.000000000000000000e+00
7.174847126007080078e-01
9.997568726539611816e-01
6.610336303710937500e-01
8.284616470336914062e-01
7.404745221138000488e-01
8.940625190734863281e-01
9.719653725624084473e-01
7.512961626052856445e-01
1.000000000000000000e+00
6.725859045982360840e-01
8.064283728599548340e-01
7.441723942756652832e-01
7.843539714813232422e-01
8.428243994712829590e-01
7.956182360649108887e-01
1.000000000000000000e+00
9.999892711639404297e-01
9.320889711380004883e-01
6.562316417694091797e-01
8.332744836807250977e-01
5.728481411933898926e-01
9.738240838050842285e-01
8.447057008743286133e-01
7.503043413162231445e-01
6.085308194160461426e-01
8.455649018287658691e-01
8.127795457839965820e-01
8.483968973159790039e-01
9.436917901039123535e-01
7.680815458297729492e-01
8.141182661056518555e-01
1.000000000000000000e+00
1.000000000000000000e+00
1.000000000000000000e+00
9.997912645339965820e-01
1.000000000000000000e+00
9.998641014099121094e-01
7.032169699668884277e-01
1.000000000000000000e+00
8.719643354415893555e-01
9.980102777481079102e-01
7.537192702293395996e-01
9.995589256286621094e-01
7.057384252548217773e-01
7.726874947547912598e-01
1.000000000000000000e+00
6.521762609481811523e-01
6.788840889930725098e-01
1.000000000000000000e+00
9.127839207649230957e-01
9.090185165405273438e-01
8.140698075294494629e-01
7.149863243103027344e-01
7.848599553108215332e-01
1.000000000000000000e+00
7.452857494354248047e-01
9.996226429939270020e-01
1.000000000000000000e+00
8.661345839500427246e-01
1.000000000000000000e+00
6.663298606872558594e-01
7.938469648361206055e-01
7.492091655731201172e-01
1.000000000000000000e+00
8.004114031791687012e-01
8.553532361984252930e-01
1.000000000000000000e+00
7.931945323944091797e-01
1.000000000000000000e+00
1.000000000000000000e+00
1.000000000000000000e+00
1.000000000000000000e+00
8.151276111602783203e-01
7.631449699401855469e-01
7.562434077262878418e-01
9.594870805740356445e-01
9.754229784011840820e-01
1.000000000000000000e+00
1.000000000000000000e+00
7.534984946250915527e-01
1.000000000000000000e+00
8.302223682403564453e-01
6.682325601577758789e-01
6.875528097152709961e-01
1.000000000000000000e+00
7.956851720809936523e-01
9.177658557891845703e-01
7.458043694496154785e-01
7.826111316680908203e-01
1.000000000000000000e+00
6.556514501571655273e-01
6.924003362655639648e-01
9.436700344085693359e-01
9.990673065185546875e-01
6.611939072608947754e-01
8.631493449211120605e-01
1.000000000000000000e+00
7.391740083694458008e-01
6.711088418960571289e-01
9.999691247940063477e-01
8.665348291397094727e-01
1.000000000000000000e+00
7.740832567214965820e-01
9.997303485870361328e-01
1.000000000000000000e+00
1.000000000000000000e+00
7.062046527862548828e-01
7.328674793243408203e-01
7.105140089988708496e-01
1.000000000000000000e+00
1.000000000000000000e+00
6.431246995925903320e-01
8.724023103713989258e-01
8.892996907234191895e-01
1.000000000000000000e+00
9.997534751892089844e-01
7.755846381187438965e-01
8.865889310836791992e-01
1.000000000000000000e+00
7.481380701065063477e-01
7.995083928108215332e-01
1.000000000000000000e+00
1.000000000000000000e+00
9.903628826141357422e-01
1.000000000000000000e+00
1.000000000000000000e+00
9.975009560585021973e-01
9.999943971633911133e-01
7.962927818298339844e-01
8.100496530532836914e-01
8.842193484306335449e-01
8.563686609268188477e-01
1.000000000000000000e+00
1.000000000000000000e+00
9.999983310699462891e-01
6.464441418647766113e-01
7.996898889541625977e-01
1.000000000000000000e+00
7.737059593200683594e-01
1.000000000000000000e+00
1.000000000000000000e+00
7.109140157699584961e-01
6.799800395965576172e-01
1.000000000000000000e+00
8.092275857925415039e-01
1.000000000000000000e+00
8.943428397178649902e-01
1.000000000000000000e+00
1.000000000000000000e+00
1.000000000000000000e+00
6.678123474121093750e-01
1.000000000000000000e+00
8.130127191543579102e-01
7.658172845840454102e-01
8.398523926734924316e-01
7.839111089706420898e-01
6.464139223098754883e-01
7.247341275215148926e-01
7.176439166069030762e-01
8.602406978607177734e-01
9.999077320098876953e-01
1.000000000000000000e+00
6.109533309936523438e-01
