1.000000000000000000e+00
9.703451395034790039e-01
9.480382800102233887e-01
1.000000000000000000e+00
9.924090504646301270e-01
9.726577997207641602e-01
1.000000000000000000e+00
1.000000000000000000e+00
1.000000000000000000e+00
9.893328547477722168e-01
9.890301823616027832e-01
9.741461277008056641e-01
9.303340911865234375e-01
1.000000000000000000e+00
9.581093788146972656e-01
9.568302035331726074e-01
9.880617856979370117e-01
1.000000000000000000e+00
9.906331896781921387e-01
1.000000000000000000e+00
9.780707359313964844e-01
1.000000000000000000e+00
9.911949634552001953e-01
9.999670982360839844e-01
9.874421954154968262e-01
9.082042574882507324e-01
1.000000000000000000e+00
1.000000000000000000e+00
9.999983310699462891e-01
1.000000000000000000e+00
9.691902995109558105e-01
9.899780750274658203e-01
1.000000000000000000e+00
8.901374340057373047e-01
1.000000000000000000e+00
9.752333164215087891e-01
1.000000000000000000e+00
9.982618093490600586e-01
9.310731291770935059e-01
1.000000000000000000e+00
9.995540976524353027e-01
9.684749841690063477e-01
9.984391927719116211e-01
9.362378716468811035e-01
1.000000000000000000e+00
9.718177318572998047e-01
1.000000000000000000e+00
1.000000000000000000e+00
9.997470378875732422e-01
1.000000000000000000e+00
9.174520373344421387e-01
9.421955943107604980e-01
1.000000000000000000e+00
9.760770797729492188e-01
9.887592196464538574e-01
1.000000000000000000e+00
1.000000000000000000e+00
8.451076149940490723e-01
9.792479872703552246e-01
9.917583465576171875e-01
9.317046403884887695e-01
9.202433824539184570e-01
9.849173426628112793e-01
9.268292188644409180e-01
8.940159082412719727e-01
9.056569933891296387e-01
9.755593538284301758e-01
9.512423276901245117e-01
1.000000000000000000e+00
9.956792593002319336e-01
9.627298116683959961e-01
9.780253171920776367e-01
9.459387660026550293e-01
9.665328860282897949e-01
9.600107669830322266e-01
9.995397925376892090e-01
9.987834692001342773e-01
9.938508272171020508e-01
9.593198895454406738e-01
9.143199324607849121e-01
9.512745141983032227e-01
9.511807560920715332e-01
9.608452916145324707e-01
1.000000000000000000e+00
9.663869142532348633e-01
1.000000000000000000e+00
9.970067143440246582e-01
9.686064124107360840e-01
9.729782342910766602e-01
9.619169831275939941e-01
9.441894888877868652e-01
9.822487235069274902e-01
9.046706557273864746e-01
1.000000000000000000e+00
1.000000000000000000e+00
8.793079853057861328e-01
1.000000000000000000e+00
9.494093656539916992e-01
1.000000000000000000e+00
9.703209996223449707e-01
9.594640731811523438e-01
9.538523554801940918e-01
1.000000000000000000e+00
1.000000000000000000e+00
9.529008269309997559e-01
9.544736146926879883e-01
9.597687125205993652e-01
8.861576318740844727e-01
9.377707839012145996e-01
9.004349112510681152e-01
9.775693416595458984e-01
9.251651167869567871e-01
1.000000000000000000e+00
1.000000000000000000e+00
9.908036589622497559e-01
9.994146227836608887e-01
8.518642187118530273e-01
9.609385132789611816e-01
9.722878932952880859e-01
8.796895742416381836e-01
9.339376688003540039e-01
9.517849683761596680e-01
1.000000000000000000e+00
8.081345558166503906e-01
8.470520377159118652e-01
8.207577466964721680e-01
1.000000000000000000e+00
8.492249250411987305e-01
9.842660427093505859e-01
9.823402762413024902e-01
9.911221861839294434e-01
9.068595767021179199e-01
9.570150971412658691e-01
1.000000000000000000e+00
1.000000000000000000e+00
9.310384988784790039e-01
1.000000000000000000e+00
1.000000000000000000e+00
9.523235559463500977e-01
1.000000000000000000e+00
9.914414286613464355e-01
9.997842907905578613e-01
1.000000000000000000e+00
1.000000000000000000e+00
1.000000000000000000e+00
9.999005198478698730e-01
1.000000000000000000e+00
9.561395049095153809e-01
9.327440261840820312e-01
8.961313962936401367e-01
9.872493743896484375e-01
9.047102332115173340e-01
1.000000000000000000e+00
1.000000000000000000e+00
9.446877241134643555e-01
9.813494682312011719e-01
1.000000000000000000e+00
9.574850797653198242e-01
9.221662282943725586e-01
8.474233150482177734e-01
9.625916481018066406e-01
1.000000000000000000e+00
1.000000000000000000e+00
9.542335271835327148e-01
9.897401928901672363e-01
9.995558261871337891e-01
1.000000000000000000e+00
7.917417883872985840e-01
8.235576748847961426e-01
1.000000000000000000e+00
9.227942228317260742e-01
9.618331789970397949e-01
9.983372092247009277e-01
9.564046859741210938e-01
9.800214171409606934e-01
9.417495131492614746e-01
9.266852140426635742e-01
1.000000000000000000e+00
8.852017521858215332e-01
1.000000000000000000e+00
1.000000000000000000e+00
9.592819213867187500e-01
9.833397865295410156e-01
8.881019949913024902e-01
9.433816671371459961e-01
9.453557729721069336e-01
9.134123325347900391e-01
9.217063784599304199e-01
1.000000000000000000e+00
9.952245354652404785e-01
9.324772357940673828e-01
9.752436280250549316e-01
1.000000000000000000e+00
1.000000000000000000e+00
9.758091568946838379e-01
9.871245026588439941e-01
9.799686670303344727e-01
8.478301763534545898e-01
9.943780303001403809e-01
9.213346242904663086e-01
1.000000000000000000e+00
1.000000000000000000e+00
8.653155565261840820e-01
9.554299712181091309e-01
9.985526204109191895e-01
8.537175655364990234e-01
9.981288313865661621e-01
1.000000000000000000e+00
9.281615018844604492e-01
9.999355673789978027e-01
1.000000000000000000e+00
9.267835021018981934e-01
9.520877003669738770e-01
9.714877605438232422e-01
9.265547990798950195e-01
9.965131878852844238e-01
8.913931250572204590e-01
1.000000000000000000e+00
1.000000000000000000e+00
1.000000000000000000e+00
9.016389250755310059e-01
9.658889770507812500e-01
8.709554672241210938e-01
8.883990049362182617e-01
1.000000000000000000e+00
8.962224125862121582e-01
9.247660040855407715e-01
9.313372373580932617e-01
1.000000000000000000e+00
9.634234905242919922e-01
9.996114373207092285e-01
9.974259138107299805e-01
9.757347106933593750e-01
9.694594144821166992e-01
9.914854168891906738e-01
8.353401422500610352e-01
9.974207878112792969e-01
1.000000000000000000e+00
8.849169015884399414e-01
1.000000000000000000e+00
1.000000000000000000e+00
8.719506263732910156e-01
1.000000000000000000e+00
9.340810179710388184e-01
1.000000000000000000e+00
1.000000000000000000e+00
8.317018747329711914e-01
9.932360053062438965e-01
9.416820406913757324e-01
9.609310030937194824e-01
8.852481842041015625e-01
8.049844503402709961e-01
9.163527488708496094e-01
9.989940524101257324e-01
9.377650022506713867e-01
1.000000000000000000e+00
1.000000000000000000e+00
9.618535041809082031e-01
9.038432836532592773e-01
9.529807567596435547e-01
9.397560358047485352e-01
9.536330699920654297e-01
1.000000000000000000e+00
1.000000000000000000e+00
1.000000000000000000e+00
8.817135691642761230e-01
8.328826427459716797e-01
8.225244283676147461e-01
9.995265603065490723e-01
9.360031485557556152e-01
8.550567626953125000e-01
1.000000000000000000e+00
1.000000000000000000e+00
8.183631896972656250e-01
8.481354713439941406e-01
9.152898788452148438e-01
8.748005628585815430e-01
9.003520607948303223e-01
9.363323450088500977e-01
9.998391270637512207e-01
9.356251358985900879e-01
9.667778015136718750e-01
1.000000000000000000e+00
9.196852445602416992e-01
1.000000000000000000e+00
1.000000000000000000e+00
9.329530596733093262e-01
8.497716784477233887e-01
8.544977307319641113e-01
9.475688338279724121e-01
1.000000000000000000e+00
9.350082874298095703e-01
1.000000000000000000e+00
8.414875268936157227e-01
9.483036994934082031e-01
9.999219775199890137e-01
8.570981621742248535e-01
9.290698766708374023e-01
9.103635549545288086e-01
9.372875690460205078e-01
7.797079086303710938e-01
9.456794857978820801e-01
9.146735668182373047e-01
9.959266185760498047e-01
1.000000000000000000e+00
8.963116407394409180e-01
9.870703220367431641e-01
1.000000000000000000e+00
9.081799983978271484e-01
9.537197351455688477e-01
1.000000000000000000e+00
1.000000000000000000e+00
9.969905614852905273e-01
9.895784854888916016e-01
8.331303596496582031e-01
8.945676684379577637e-01
7.859623432159423828e-01
7.760598659515380859e-01
7.891049385070800781e-01
8.827805519104003906e-01
7.612398862838745117e-01
1.000000000000000000e+00
7.873597741127014160e-01
9.998772144317626953e-01
9.996297359466552734e-01
8.701683282852172852e-01
9.877706766128540039e-01
9.980993866920471191e-01
8.469772338867187500e-01
9.101604819297790527e-01
1.000000000000000000e+00
1.000000000000000000e+00
9.818471074104309082e-01
9.997362494468688965e-01
1.000000000000000000e+00
1.000000000000000000e+00
8.911880254745483398e-01
9.964937567710876465e-01
9.950857758522033691e-01
1.000000000000000000e+00
9.366639256477355957e-01
9.993559122085571289e-01
9.934992194175720215e-01
1.000000000000000000e+00
1.000000000000000000e+00
9.961431622505187988e-01
1.000000000000000000e+00
8.332443237304687500e-01
9.337291717529296875e-01
9.255747795104980469e-01
9.849879145622253418e-01
8.738286495208740234e-01
9.992512464523315430e-01
1.000000000000000000e+00
8.196727633476257324e-01
8.800927400588989258e-01
7.642157673835754395e-01
1.000000000000000000e+00
8.452175259590148926e-01
1.000000000000000000e+00
9.996499419212341309e-01
9.945169687271118164e-01
8.183845281600952148e-01
9.586914777755737305e-01
9.233459234237670898e-01
9.071015119552612305e-01
9.466264247894287109e-01
9.580086469650268555e-01
1.000000000000000000e+00
9.393779635429382324e-01
8.560765385627746582e-01
8.605410456657409668e-01
1.000000000000000000e+00
1.000000000000000000e+00
9.942997694015502930e-01
9.026182889938354492e-01
1.000000000000000000e+00
8.543744087219238281e-01
8.775724768638610840e-01
1.000000000000000000e+00
1.000000000000000000e+00
1.000000000000000000e+00
8.887829780578613281e-01
8.786596059799194336e-01
1.000000000000000000e+00
1.000000000000000000e+00
1.000000000000000000e+00
8.463441729545593262e-01
1.000000000000000000e+00
1.000000000000000000e+00
9.734843969345092773e-01
1.000000000000000000e+00
1.000000000000000000e+00
9.394607543945312500e-01
1.000000000000000000e+00
9.171969294548034668e-01
8.784021735191345215e-01
1.000000000000000000e+00
1.000000000000000000e+00
9.705770611763000488e-01
9.902134537696838379e-01
8.872829079627990723e-01
1.000000000000000000e+00
1.000000000000000000e+00
8.505081534385681152e-01
9.939385652542114258e-01
9.315014481544494629e-01
9.887459874153137207e-01
1.000000000000000000e+00
1.000000000000000000e+00
9.918282628059387207e-01
9.611513614654541016e-01
9.722045660018920898e-01
9.042162895202636719e-01
8.673050403594970703e-01
1.000000000000000000e+00
1.000000000000000000e+00
9.358953237533569336e-01
8.625307083129882812e-01
1.000000000000000000e+00
8.936251401901245117e-01
9.471427202224731445e-01
9.852120876312255859e-01
9.259877204895019531e-01
8.687762022018432617e-01
9.987779855728149414e-01
1.000000000000000000e+00
9.550842642784118652e-01
9.298312067985534668e-01
1.000000000000000000e+00
8.338057398796081543e-01
9.955613613128662109e-01
1.000000000000000000e+00
1.000000000000000000e+00
9.914331436157226562e-01
8.130745291709899902e-01
1.000000000000000000e+00
9.942793846130371094e-01
8.565424680709838867e-01
8.908032774925231934e-01
6.943833827972412109e-01
1.000000000000000000e+00
1.000000000000000000e+00
9.047774672508239746e-01
8.327631354331970215e-01
9.164685606956481934e-01
9.371032118797302246e-01
9.254573583602905273e-01
8.783509135246276855e-01
9.898543357849121094e-01
9.995577931404113770e-01
8.467022776603698730e-01
9.135658740997314453e-01
1.000000000000000000e+00
1.000000000000000000e+00
8.486700057983398438e-01
8.235290050506591797e-01
8.610407114028930664e-01
1.000000000000000000e+00
8.870442509651184082e-01
9.666912555694580078e-01
9.996228814125061035e-01
7.460397481918334961e-01
8.331698775291442871e-01
8.519545793533325195e-01
1.000000000000000000e+00
1.000000000000000000e+00
1.000000000000000000e+00
9.995026588439941406e-01
1.000000000000000000e+00
8.827050924301147461e-01
9.119966030120849609e-01
1.000000000000000000e+00
9.003970623016357422e-01
9.987183809280395508e-01
8.536513447761535645e-01
9.446849822998046875e-01
9.875234961509704590e-01
7.510353326797485352e-01
9.660760760307312012e-01
9.188756346702575684e-01
8.723738193511962891e-01
9.389110803604125977e-01
9.103666543960571289e-01
9.168649911880493164e-01
1.000000000000000000e+00
1.000000000000000000e+00
8.789505362510681152e-01
8.895996212959289551e-01
9.994754791259765625e-01
1.000000000000000000e+00
9.243620038032531738e-01
7.713248133659362793e-01
9.114582538604736328e-01
1.000000000000000000e+00
1.000000000000000000e+00
8.644204139709472656e-01
9.853201508522033691e-01
9.372036457061767578e-01
1.000000000000000000e+00
7.955220937728881836e-01
1.000000000000000000e+00
7.877664566040039062e-01
7.514447569847106934e-01
9.996401667594909668e-01
9.995511770248413086e-01
7.611835598945617676e-01
1.000000000000000000e+00
1.000000000000000000e+00
8.802777528762817383e-01
8.023465871810913086e-01
9.533234834671020508e-01
7.945702672004699707e-01
8.759647011756896973e-01
1.000000000000000000e+00
9.202913045883178711e-01
1.000000000000000000e+00
1.000000000000000000e+00
9.206404089927673340e-01
1.000000000000000000e+00
8.731585741043090820e-01
1.000000000000000000e+00
1.000000000000000000e+00
1.000000000000000000e+00
9.952862858772277832e-01
1.000000000000000000e+00
9.995486736297607422e-01
7.908068299293518066e-01
9.527576565742492676e-01
1.000000000000000000e+00
9.801392555236816406e-01
9.174028038978576660e-01
1.000000000000000000e+00
9.951759576797485352e-01
9.135032296180725098e-01
9.956592321395874023e-01
9.942758679389953613e-01
1.000000000000000000e+00
1.000000000000000000e+00
1.000000000000000000e+00
1.000000000000000000e+00
9.657840728759765625e-01
9.986666440963745117e-01
9.937635660171508789e-01
8.916916847229003906e-01
8.404800295829772949e-01
8.309356570243835449e-01
1.000000000000000000e+00
9.973589777946472168e-01
8.987928628921508789e-01
1.000000000000000000e+00
9.555960297584533691e-01
1.000000000000000000e+00
1.000000000000000000e+00
1.000000000000000000e+00
1.000000000000000000e+00
8.169947862625122070e-01
7.679281234741210938e-01
8.773304820060729980e-01
8.204916715621948242e-01
9.985688924789428711e-01
8.279242515563964844e-01
7.422163486480712891e-01
8.190715312957763672e-01
8.049719333648681641e-01
1.000000000000000000e+00
8.747245073318481445e-01
9.060827493667602539e-01
8.118932247161865234e-01
1.000000000000000000e+00
8.962793350219726562e-01
7.620595097541809082e-01
1.000000000000000000e+00
8.173930048942565918e-01
7.508283257484436035e-01
8.100165128707885742e-01
1.000000000000000000e+00
8.049788475036621094e-01
1.000000000000000000e+00
1.000000000000000000e+00
1.000000000000000000e+00
7.522836923599243164e-01
1.000000000000000000e+00
9.179239869117736816e-01
9.558346867561340332e-01
8.906137347221374512e-01
7.863621115684509277e-01
1.000000000000000000e+00
1.000000000000000000e+00
7.516037821769714355e-01
1.000000000000000000e+00
8.786766529083251953e-01
8.582624793052673340e-01
1.000000000000000000e+00
9.050005674362182617e-01
8.409357070922851562e-01
8.749358654022216797e-01
7.686647176742553711e-01
8.332824707031250000e-01
8.808263540267944336e-01
7.458606958389282227e-01
8.029839992523193359e-01
9.596351981163024902e-01
9.970389008522033691e-01
9.999928474426269531e-01
9.279919862747192383e-01
8.263252973556518555e-01
8.513499498367309570e-01
1.000000000000000000e+00
8.637530207633972168e-01
9.248133897781372070e-01
8.758809566497802734e-01
9.489703178405761719e-01
8.594157695770263672e-01
1.000000000000000000e+00
7.569895982742309570e-01
7.604297995567321777e-01
9.061809778213500977e-01
8.452816009521484375e-01
8.175101876258850098e-01
8.790279626846313477e-01
8.657266497611999512e-01
8.050636053085327148e-01
1.000000000000000000e+00
8.825274705886840820e-01
8.494625091552734375e-01
8.381295204162597656e-01
9.071615934371948242e-01
8.831498026847839355e-01
8.705490827560424805e-01
9.963417053222656250e-01
9.360780715942382812e-01
1.000000000000000000e+00
7.799198031425476074e-01
1.000000000000000000e+00
1.000000000000000000e+00
8.745339512825012207e-01
9.993210434913635254e-01
9.151964187622070312e-01
8.713182210922241211e-01
1.000000000000000000e+00
8.440846204757690430e-01
8.936561346054077148e-01
1.000000000000000000e+00
1.000000000000000000e+00
1.000000000000000000e+00
1.000000000000000000e+00
1.000000000000000000e+00
1.000000000000000000e+00
1.000000000000000000e+00
1.000000000000000000e+00
9.966808557510375977e-01
9.777563214302062988e-01
9.316575527191162109e-01
9.947407841682434082e-01
9.728946685791015625e-01
8.922884464263916016e-01
8.641413450241088867e-01
7.801234126091003418e-01
9.965116977691650391e-01
1.000000000000000000e+00
8.456986546516418457e-01
1.000000000000000000e+00
1.000000000000000000e+00
1.000000000000000000e+00
1.000000000000000000e+00
9.980493187904357910e-01
1.000000000000000000e+00
8.148209452629089355e-01
9.560362696647644043e-01
1.000000000000000000e+00
8.269509077072143555e-01
9.021973013877868652e-01
1.000000000000000000e+00
8.087155222892761230e-01
7.457634210586547852e-01
9.038717746734619141e-01
8.308330774307250977e-01
9.949780106544494629e-01
7.703788280487060547e-01
9.617288112640380859e-01
8.898615241050720215e-01
9.249519705772399902e-01
8.744024038314819336e-01
8.181424736976623535e-01
1.000000000000000000e+00
8.993375301361083984e-01
8.155443668365478516e-01
8.909026384353637695e-01
8.305334448814392090e-01
1.000000000000000000e+00
9.073743224143981934e-01
8.598749637603759766e-01
9.988911151885986328e-01
1.000000000000000000e+00
1.000000000000000000e+00
9.503194689750671387e-01
1.000000000000000000e+00
1.000000000000000000e+00
8.681663870811462402e-01
9.999698996543884277e-01
8.151633739471435547e-01
9.997622370719909668e-01
8.004490733146667480e-01
1.000000000000000000e+00
8.557294607162475586e-01
9.933426380157470703e-01
1.000000000000000000e+00
7.989136576652526855e-01
9.738207459449768066e-01
7.783095240592956543e-01
1.000000000000000000e+00
1.000000000000000000e+00
8.550190925598144531e-01
9.282006025314331055e-01
9.185242056846618652e-01
9.993842244148254395e-01
1.000000000000000000e+00
9.240058660507202148e-01
1.000000000000000000e+00
8.634896278381347656e-01
9.990988373756408691e-01
8.761582374572753906e-01
1.000000000000000000e+00
1.000000000000000000e+00
1.000000000000000000e+00
7.482819557189941406e-01
8.806267380714416504e-01
8.888186812400817871e-01
1.000000000000000000e+00
9.240785837173461914e-01
9.914842844009399414e-01
7.967474460601806641e-01
9.544555544853210449e-01
1.000000000000000000e+00
9.957282543182373047e-01
1.000000000000000000e+00
8.853346109390258789e-01
8.546708226203918457e-01
9.187758564949035645e-01
1.000000000000000000e+00
7.487956285476684570e-01
7.680341601371765137e-01
9.083784818649291992e-01
8.354907035827636719e-01
8.717349171638488770e-01
9.999422430992126465e-01
1.000000000000000000e+00
8.658943772315979004e-01
8.748950362205505371e-01
1.000000000000000000e+00
7.248927354812622070e-01
1.000000000000000000e+00
7.947295904159545898e-01
8.730534911155700684e-01
9.135091900825500488e-01
7.372252941131591797e-01
8.837935924530029297e-01
7.764894366264343262e-01
7.998888492584228516e-01
8.218619227409362793e-01
8.797678351402282715e-01
7.767689228057861328e-01
1.000000000000000000e+00
8.962357044219970703e-01
9.940971136093139648e-01
7.542936801910400391e-01
9.458543658256530762e-01
9.277468919754028320e-01
1.000000000000000000e+00
1.000000000000000000e+00
9.390542507171630859e-01
9.119823575019836426e-01
1.000000000000000000e+00
8.412053585052490234e-01
1.000000000000000000e+00
8.559218645095825195e-01
9.233615398406982422e-01
9.601666927337646484e-01
1.000000000000000000e+00
1.000000000000000000e+00
7.808382511138916016e-01
8.950476646423339844e-01
8.027604818344116211e-01
9.791373610496520996e-01
8.274544477462768555e-01
7.506665587425231934e-01
9.995746016502380371e-01
9.980272650718688965e-01
8.468323945999145508e-01
9.057171940803527832e-01
1.000000000000000000e+00
8.612298369407653809e-01
1.000000000000000000e+00
9.866677522659301758e-01
8.363608121871948242e-01
8.650475144386291504e-01
9.971135258674621582e-01
7.918044924736022949e-01
9.930290579795837402e-01
7.597965002059936523e-01
9.907250404357910156e-01
8.690746426582336426e-01
7.740423083305358887e-01
1.000000000000000000e+00
9.984877705574035645e-01
1.000000000000000000e+00
1.000000000000000000e+00
9.165785908699035645e-01
9.069353938102722168e-01
9.032942056655883789e-01
1.000000000000000000e+00
1.000000000000000000e+00
7.487047910690307617e-01
7.919692993164062500e-01
1.000000000000000000e+00
8.196423053741455078e-01
1.000000000000000000e+00
9.327465295791625977e-01
9.289851188659667969e-01
9.999423623085021973e-01
8.350089192390441895e-01
9.991568922996520996e-01
8.529324531555175781e-01
1.000000000000000000e+00
7.908672690391540527e-01
8.763624429702758789e-01
8.364943265914916992e-01
8.533418774604797363e-01
9.988670349121093750e-01
9.231272935867309570e-01
1.000000000000000000e+00
1.000000000000000000e+00
8.395837545394897461e-01
1.000000000000000000e+00
8.987553119659423828e-01
8.732230663299560547e-01
7.749163508415222168e-01
1.000000000000000000e+00
1.000000000000000000e+00
9.605607986450195312e-01
8.764327764511108398e-01
1.000000000000000000e+00
9.348926544189453125e-01
7.546764612197875977e-01
8.484959006309509277e-01
7.330985665321350098e-01
7.824062108993530273e-01
1.000000000000000000e+00
9.644623994827270508e-01
1.000000000000000000e+00
8.770942091941833496e-01
9.953300356864929199e-01
8.197191953659057617e-01
8.881090283393859863e-01
1.000000000000000000e+00
7.622538805007934570e-01
9.653324484825134277e-01
7.928093671798706055e-01
8.447139859199523926e-01
8.534734845161437988e-01
8.512895107269287109e-01
9.086668491363525391e-01
7.527718544006347656e-01
9.966459274291992188e-01
1.000000000000000000e+00
9.978522658348083496e-01
8.447911143302917480e-01
8.862541913986206055e-01
9.990712404251098633e-01
9.823359847068786621e-01
9.964469075202941895e-01
1.000000000000000000e+00
8.407148122787475586e-01
8.670256137847900391e-01
1.000000000000000000e+00
8.717299103736877441e-01
1.000000000000000000e+00
8.407919406890869141e-01
1.000000000000000000e+00
1.000000000000000000e+00
9.432194828987121582e-01
7.674703001976013184e-01
1.000000000000000000e+00
9.999630451202392578e-01
8.634070158004760742e-01
8.332426548004150391e-01
1.000000000000000000e+00
7.957712411880493164e-01
9.946031570434570312e-01
1.000000000000000000e+00
1.000000000000000000e+00
9.889488220214843750e-01
9.997454881668090820e-01
9.993648529052734375e-01
1.000000000000000000e+00
9.124793410301208496e-01
7.555028200149536133e-01
8.349602818489074707e-01
7.808081507682800293e-01
8.421252965927124023e-01
1.000000000000000000e+00
1.000000000000000000e+00
1.000000000000000000e+00
9.119398593902587891e-01
9.622142910957336426e-01
8.970817327499389648e-01
8.286474347114562988e-01
7.737783789634704590e-01
1.000000000000000000e+00
8.952456712722778320e-01
8.831883668899536133e-01
1.000000000000000000e+00
8.366989493370056152e-01
7.252584099769592285e-01
9.699085354804992676e-01
8.118321895599365234e-01
8.258408904075622559e-01
7.552648782730102539e-01
9.167915582656860352e-01
8.807575702667236328e-01
9.995572566986083984e-01
8.562621474266052246e-01
9.941824674606323242e-01
9.418370723724365234e-01
9.951602220535278320e-01
9.514019489288330078e-01
9.989185333251953125e-01
8.162872791290283203e-01
7.261710166931152344e-01
9.878536462783813477e-01
8.057256937026977539e-01
9.893467426300048828e-01
9.310827255249023438e-01
9.431206583976745605e-01
7.247074842453002930e-01
8.279946446418762207e-01
9.975078105926513672e-01
8.551162481307983398e-01
9.857355952262878418e-01
8.786533474922180176e-01
9.305384159088134766e-01
7.933706045150756836e-01
6.979524493217468262e-01
9.983636140823364258e-01
1.000000000000000000e+00
8.490949869155883789e-01
8.562608361244201660e-01
9.847697019577026367e-01
7.661131620407104492e-01
1.000000000000000000e+00
8.235327005386352539e-01
9.406960606575012207e-01
1.000000000000000000e+00
9.999768137931823730e-01
1.000000000000000000e+00
8.555320501327514648e-01
1.000000000000000000e+00
8.374689817428588867e-01
7.593688964843750000e-01
8.564378023147583008e-01
8.642740845680236816e-01
8.199827075004577637e-01
1.000000000000000000e+00
9.987658858299255371e-01
1.000000000000000000e+00
1.000000000000000000e+00
8.728213906288146973e-01
8.166943788528442383e-01
1.000000000000000000e+00
1.000000000000000000e+00
1.000000000000000000e+00
1.000000000000000000e+00
1.000000000000000000e+00
1.000000000000000000e+00
7.549504041671752930e-01
8.273848295211791992e-01
1.000000000000000000e+00
8.335574865341186523e-01
8.859118819236755371e-01
8.297221660614013672e-01
1.000000000000000000e+00
9.134159088134765625e-01
9.998953342437744141e-01
1.000000000000000000e+00
7.569796442985534668e-01
8.045920133590698242e-01
8.363373875617980957e-01
1.000000000000000000e+00
9.311360716819763184e-01
1.000000000000000000e+00
8.073224425315856934e-01
8.172414302825927734e-01
8.829392790794372559e-01
8.290643692016601562e-01
7.642241716384887695e-01
1.000000000000000000e+00
7.547824382781982422e-01
8.700627088546752930e-01
1.000000000000000000e+00
9.252886176109313965e-01
1.000000000000000000e+00
8.967535495758056641e-01
1.000000000000000000e+00
9.155694842338562012e-01
9.970428347587585449e-01
1.000000000000000000e+00
1.000000000000000000e+00
9.989657402038574219e-01
7.818453311920166016e-01
8.309783935546875000e-01
8.618435859680175781e-01
9.394060969352722168e-01
7.298122048377990723e-01
9.996630549430847168e-01
9.224036335945129395e-01
8.759642243385314941e-01
1.000000000000000000e+00
1.000000000000000000e+00
1.000000000000000000e+00
7.855503559112548828e-01
9.993011355400085449e-01
8.997071385383605957e-01
9.982749819755554199e-01
9.425787329673767090e-01
9.083900451660156250e-01
9.871928691864013672e-01
1.000000000000000000e+00
8.455724716186523438e-01
1.000000000000000000e+00
8.207804560661315918e-01
9.647883176803588867e-01
7.869676947593688965e-01
1.000000000000000000e+00
9.990569949150085449e-01
9.997423291206359863e-01
8.281359672546386719e-01
8.766165971755981445e-01
7.859296798706054688e-01
7.840674519538879395e-01
7.411270141601562500e-01
8.581535816192626953e-01
1.000000000000000000e+00
9.999989867210388184e-01
1.000000000000000000e+00
9.079360961914062500e-01
1.000000000000000000e+00
9.986532330513000488e-01
7.735738754272460938e-01
1.000000000000000000e+00
7.534466981887817383e-01
1.000000000000000000e+00
9.573861360549926758e-01
1.000000000000000000e+00
9.434093236923217773e-01
1.000000000000000000e+00
7.399319410324096680e-01
8.235561847686767578e-01
1.000000000000000000e+00
1.000000000000000000e+00
9.479198455810546875e-01
7.375956773757934570e-01
7.088932991027832031e-01
9.163714647293090820e-01
7.808091044425964355e-01
1.000000000000000000e+00
8.193228244781494141e-01
9.987018704414367676e-01
1.000000000000000000e+00
8.602765798568725586e-01
1.000000000000000000e+00
1.000000000000000000e+00
1.000000000000000000e+00
8.676940202713012695e-01
1.000000000000000000e+00
8.132227063179016113e-01
9.416573643684387207e-01
7.168499827384948730e-01
1.000000000000000000e+00
9.862881302833557129e-01
9.844012856483459473e-01
6.965627670288085938e-01
7.762000560760498047e-01
8.753657341003417969e-01
9.992313385009765625e-01
8.646370768547058105e-01
9.968870282173156738e-01
1.000000000000000000e+00
9.723833203315734863e-01
8.830591440200805664e-01
9.999199509620666504e-01
7.408866882324218750e-01
9.995905756950378418e-01
6.763075590133666992e-01
8.154144287109375000e-01
9.962995648384094238e-01
9.226918220520019531e-01
9.458314776420593262e-01
9.983515143394470215e-01
9.987914562225341797e-01
9.455828666687011719e-01
9.434223771095275879e-01
8.608195781707763672e-01
7.980896234512329102e-01
9.453092217445373535e-01
8.201915621757507324e-01
7.545045018196105957e-01
1.000000000000000000e+00
9.015315771102905273e-01
9.903774261474609375e-01
1.000000000000000000e+00
9.092246294021606445e-01
1.000000000000000000e+00
8.483649492263793945e-01
8.127472400665283203e-01
1.000000000000000000e+00
7.793539762496948242e-01
8.046870231628417969e-01
8.582717180252075195e-01
8.164211511611938477e-01
8.590824604034423828e-01
1.000000000000000000e+00
7.467837333679199219e-01
9.893730282783508301e-01
7.963984012603759766e-01
9.346327781677246094e-01
9.929211735725402832e-01
1.000000000000000000e+00
7.657890319824218750e-01
8.211669921875000000e-01
7.279186248779296875e-01
7.878154516220092773e-01
9.995663762092590332e-01
8.516296148300170898e-01
7.676774263381958008e-01
8.065391778945922852e-01
9.660100340843200684e-01
1.000000000000000000e+00
9.562921524047851562e-01
1.000000000000000000e+00
9.047077894210815430e-01
9.915896058082580566e-01
1.000000000000000000e+00
7.848464250564575195e-01
7.666029334068298340e-01
7.675609588623046875e-01
8.662340044975280762e-01
6.924208402633666992e-01
8.799604177474975586e-01
9.996660947799682617e-01
9.967002272605895996e-01
9.999662041664123535e-01
7.215619087219238281e-01
1.000000000000000000e+00
1.000000000000000000e+00
1.000000000000000000e+00
8.847355246543884277e-01
8.499343991279602051e-01
9.398360252380371094e-01
7.853066325187683105e-01
8.960840702056884766e-01
8.527028560638427734e-01
8.424298167228698730e-01
8.813370466232299805e-01
9.998663067817687988e-01
7.402322292327880859e-01
1.000000000000000000e+00
7.775384783744812012e-01
7.956865429878234863e-01
8.467289209365844727e-01
1.000000000000000000e+00
8.021296262741088867e-01
1.000000000000000000e+00
9.167109131813049316e-01
9.999110698699951172e-01
8.685632944107055664e-01
9.407441020011901855e-01
8.612442016601562500e-01
1.000000000000000000e+00
8.074123263359069824e-01
9.903135299682617188e-01
1.000000000000000000e+00
8.299968242645263672e-01
7.666819095611572266e-01
7.563894391059875488e-01
1.000000000000000000e+00
8.365954160690307617e-01
1.000000000000000000e+00
9.984436035156250000e-01
7.846236824989318848e-01
9.385310411453247070e-01
8.175040483474731445e-01
8.357524275779724121e-01
7.500700354576110840e-01
9.999649524688720703e-01
1.000000000000000000e+00
7.281613945960998535e-01
8.763637542724609375e-01
8.200867176055908203e-01
8.229995965957641602e-01
9.326155185699462891e-01
1.000000000000000000e+00
9.923343658447265625e-01
1.000000000000000000e+00
1.000000000000000000e+00
8.228378295898437500e-01
1.000000000000000000e+00
9.930471777915954590e-01
9.994781613349914551e-01
1.000000000000000000e+00
9.985018968582153320e-01
9.999886155128479004e-01
1.000000000000000000e+00
8.361688256263732910e-01
7.310944795608520508e-01
1.000000000000000000e+00
7.535244226455688477e-01
1.000000000000000000e+00
1.000000000000000000e+00
9.986681938171386719e-01
9.999110698699951172e-01
8.792101740837097168e-01
1.000000000000000000e+00
9.655737280845642090e-01
7.286840677261352539e-01
9.589232206344604492e-01
1.000000000000000000e+00
8.647367954254150391e-01
9.440585970878601074e-01
9.933074712753295898e-01
9.470525979995727539e-01
9.233893156051635742e-01
1.000000000000000000e+00
1.000000000000000000e+00
9.984728097915649414e-01
8.724107146263122559e-01
8.005487918853759766e-01
9.972675442695617676e-01
9.523867368698120117e-01
9.999587535858154297e-01
8.022671937942504883e-01
8.739002943038940430e-01
9.999999403953552246e-01
8.633989095687866211e-01
7.142319679260253906e-01
7.873129844665527344e-01
8.045513629913330078e-01
7.498989105224609375e-01
7.792838215827941895e-01
8.745920658111572266e-01
9.755015373229980469e-01
9.997596740722656250e-01
8.348680734634399414e-01
8.260527849197387695e-01
9.277694821357727051e-01
7.874770760536193848e-01
9.419949650764465332e-01
9.565079212188720703e-01
8.909165263175964355e-01
8.566361069679260254e-01
9.974802732467651367e-01
9.054889082908630371e-01
7.974129319190979004e-01
8.115717172622680664e-01
8.725389242172241211e-01
9.010808467864990234e-01
1.000000000000000000e+00
1.000000000000000000e+00
1.000000000000000000e+00
7.778534293174743652e-01
8.120027780532836914e-01
7.809284925460815430e-01
1.000000000000000000e+00
7.623395919799804688e-01
1.000000000000000000e+00
8.373089432716369629e-01
8.886071443557739258e-01
8.294199109077453613e-01
8.368898630142211914e-01
7.705517411231994629e-01
9.994463920593261719e-01
9.958003759384155273e-01
1.000000000000000000e+00
8.146988749504089355e-01
9.086228609085083008e-01
7.690097093582153320e-01
9.608192443847656250e-01
8.351586461067199707e-01
9.886350035667419434e-01
9.995310902595520020e-01
9.976929426193237305e-01
9.971607327461242676e-01
9.963855743408203125e-01
7.749575972557067871e-01
8.808478116989135742e-01
1.000000000000000000e+00
9.999553561210632324e-01
8.762618899345397949e-01
1.000000000000000000e+00
7.393717765808105469e-01
1.000000000000000000e+00
8.732294440269470215e-01
7.053730487823486328e-01
8.538609743118286133e-01
9.516503810882568359e-01
9.635175466537475586e-01
9.285483360290527344e-01
7.962303161621093750e-01
1.000000000000000000e+00
7.198494672775268555e-01
1.000000000000000000e+00
9.299616217613220215e-01
1.000000000000000000e+00
7.647057175636291504e-01
8.453981280326843262e-01
8.873163461685180664e-01
9.990614652633666992e-01
7.214431762695312500e-01
7.726539969444274902e-01
8.690974712371826172e-01
8.629935383796691895e-01
8.280198574066162109e-01
8.248407244682312012e-01
9.980537891387939453e-01
8.014532327651977539e-01
1.000000000000000000e+00
8.587178587913513184e-01
1.000000000000000000e+00
9.094664454460144043e-01
1.000000000000000000e+00
1.000000000000000000e+00
9.999650120735168457e-01
8.191643953323364258e-01
9.960516095161437988e-01
1.000000000000000000e+00
1.000000000000000000e+00
9.485321640968322754e-01
9.288765192031860352e-01
1.000000000000000000e+00
1.000000000000000000e+00
1.000000000000000000e+00
8.294906616210937500e-01
9.999206066131591797e-01
1.000000000000000000e+00
8.749490976333618164e-01
8.188208341598510742e-01
9.995460510253906250e-01
9.285649061203002930e-01
6.870160102844238281e-01
1.000000000000000000e+00
8.678390979766845703e-01
7.328015565872192383e-01
9.356178045272827148e-01
8.406199216842651367e-01
1.000000000000000000e+00
7.254791855812072754e-01
8.460348248481750488e-01
9.266916513442993164e-01
8.546974062919616699e-01
1.000000000000000000e+00
1.000000000000000000e+00
9.154967069625854492e-01
8.388046026229858398e-01
1.000000000000000000e+00
9.519126415252685547e-01
8.785619139671325684e-01
1.000000000000000000e+00
8.391355872154235840e-01
8.621597886085510254e-01
8.825954794883728027e-01
7.776824235916137695e-01
8.541145920753479004e-01
1.000000000000000000e+00
9.999964237213134766e-01
7.913960218429565430e-01
1.000000000000000000e+00
7.902857065200805664e-01
8.215099573135375977e-01
9.034026861190795898e-01
7.268798351287841797e-01
1.000000000000000000e+00
9.999624490737915039e-01
1.000000000000000000e+00
8.336821794509887695e-01
9.890816807746887207e-01
9.285693764686584473e-01
1.000000000000000000e+00
8.211731910705566406e-01
1.000000000000000000e+00
8.459406495094299316e-01
1.000000000000000000e+00
7.953546047210693359e-01
8.442360758781433105e-01
8.519207239151000977e-01
7.860735058784484863e-01
1.000000000000000000e+00
8.243554830551147461e-01
8.333562612533569336e-01
8.491986393928527832e-01
8.924268484115600586e-01
1.000000000000000000e+00
9.712933301925659180e-01
1.000000000000000000e+00
1.000000000000000000e+00
9.297310709953308105e-01
9.324880838394165039e-01
8.364031314849853516e-01
8.148496150970458984e-01
9.961511492729187012e-01
9.181631803512573242e-01
8.354040384292602539e-01
7.598363161087036133e-01
8.706023693084716797e-01
8.809922337532043457e-01
7.883373498916625977e-01
1.000000000000000000e+00
1.000000000000000000e+00
7.093973159790039062e-01
9.313405752182006836e-01
1.000000000000000000e+00
9.995001554489135742e-01
8.989190459251403809e-01
8.317317962646484375e-01
7.311346530914306641e-01
1.000000000000000000e+00
7.029704451560974121e-01
1.000000000000000000e+00
7.729759216308593750e-01
1.000000000000000000e+00
8.608598113059997559e-01
6.730545759201049805e-01
9.965837001800537109e-01
9.989293813705444336e-01
9.642780423164367676e-01
8.287569880485534668e-01
9.986806511878967285e-01
7.538834810256958008e-01
7.712181806564331055e-01
8.235235214233398438e-01
9.749866127967834473e-01
9.234541058540344238e-01
9.287421703338623047e-01
1.000000000000000000e+00
1.000000000000000000e+00
7.670084834098815918e-01
9.884275197982788086e-01
1.000000000000000000e+00
8.583917617797851562e-01
8.506208658218383789e-01
1.000000000000000000e+00
7.730087637901306152e-01
8.737303018569946289e-01
1.000000000000000000e+00
1.000000000000000000e+00
8.222237229347229004e-01
7.829076647758483887e-01
7.265462875366210938e-01
9.996210336685180664e-01
8.515349626541137695e-01
9.922329783439636230e-01
7.252048850059509277e-01
9.997523427009582520e-01
7.824862599372863770e-01
7.084866762161254883e-01
1.000000000000000000e+00
7.458149790763854980e-01
9.017105698585510254e-01
9.146741628646850586e-01
1.000000000000000000e+00
7.342638969421386719e-01
6.933088898658752441e-01
8.595505952835083008e-01
7.363431453704833984e-01
9.882672429084777832e-01
7.552585601806640625e-01
7.693797945976257324e-01
1.000000000000000000e+00
8.861872553825378418e-01
9.275993704795837402e-01
7.053824067115783691e-01
1.000000000000000000e+00
9.983354806900024414e-01
7.388790249824523926e-01
7.744887471199035645e-01
9.988064765930175781e-01
8.186497092247009277e-01
1.000000000000000000e+00
8.574967980384826660e-01
1.000000000000000000e+00
9.995527863502502441e-01
1.000000000000000000e+00
8.156052231788635254e-01
8.385902047157287598e-01
1.000000000000000000e+00
6.804232001304626465e-01
8.383195400238037109e-01
8.990937471389770508e-01
8.829285502433776855e-01
9.719946384429931641e-01
1.000000000000000000e+00
8.986990451812744141e-01
8.144892454147338867e-01
8.776923418045043945e-01
7.475907802581787109e-01
1.000000000000000000e+00
1.000000000000000000e+00
9.990593791007995605e-01
7.627290487289428711e-01
7.436886429786682129e-01
8.427018523216247559e-01
7.976641058921813965e-01
8.765151500701904297e-01
8.445248603820800781e-01
1.000000000000000000e+00
9.998330473899841309e-01
9.958157539367675781e-01
1.000000000000000000e+00
7.957274913787841797e-01
9.999701976776123047e-01
8.656673431396484375e-01
7.976947426795959473e-01
9.996300339698791504e-01
1.000000000000000000e+00
7.124114036560058594e-01
1.000000000000000000e+00
9.294249415397644043e-01
9.168764948844909668e-01
9.422575831413269043e-01
7.126842737197875977e-01
1.000000000000000000e+00
8.259239792823791504e-01
1.000000000000000000e+00
8.407492637634277344e-01
9.986209273338317871e-01
8.177001476287841797e-01
8.063176870346069336e-01
9.325557351112365723e-01
1.000000000000000000e+00
9.995421171188354492e-01
7.713112831115722656e-01
1.000000000000000000e+00
8.711128830909729004e-01
1.000000000000000000e+00
9.115364551544189453e-01
8.794707655906677246e-01
1.000000000000000000e+00
7.755040526390075684e-01
1.000000000000000000e+00
9.293306469917297363e-01
1.000000000000000000e+00
1.000000000000000000e+00
8.302670717239379883e-01
1.000000000000000000e+00
9.925327301025390625e-01
9.308693408966064453e-01
8.885284662246704102e-01
9.997601509094238281e-01
1.000000000000000000e+00
7.760399580001831055e-01
9.929556846618652344e-01
8.367063999176025391e-01
9.999935030937194824e-01
9.989054203033447266e-01
7.755164504051208496e-01
9.319494366645812988e-01
1.000000000000000000e+00
1.000000000000000000e+00
8.479081988334655762e-01
1.000000000000000000e+00
8.267500996589660645e-01
7.490209341049194336e-01
1.000000000000000000e+00
1.000000000000000000e+00
9.916685819625854492e-01
1.000000000000000000e+00
1.000000000000000000e+00
8.495432138442993164e-01
9.984608888626098633e-01
9.398037195205688477e-01
8.254318237304687500e-01
7.928115725517272949e-01
1.000000000000000000e+00
7.576208114624023438e-01
1.000000000000000000e+00
7.881981134414672852e-01
7.525438666343688965e-01
9.756071567535400391e-01
1.000000000000000000e+00
7.795467376708984375e-01
1.000000000000000000e+00
9.998574256896972656e-01
9.060226082801818848e-01
9.427586197853088379e-01
7.921614646911621094e-01
9.332743883132934570e-01
1.000000000000000000e+00
9.285818934440612793e-01
8.162249922752380371e-01
7.727202773094177246e-01
6.841830015182495117e-01
8.636369109153747559e-01
7.478201389312744141e-01
1.000000000000000000e+00
1.000000000000000000e+00
9.676674008369445801e-01
9.088443517684936523e-01
7.635136842727661133e-01
9.981571435928344727e-01
1.000000000000000000e+00
1.000000000000000000e+00
9.995819926261901855e-01
9.805332422256469727e-01
7.654374241828918457e-01
9.804484844207763672e-01
8.673552274703979492e-01
7.167306542396545410e-01
7.488880753517150879e-01
8.000462055206298828e-01
7.052379846572875977e-01
9.978284239768981934e-01
8.736586570739746094e-01
7.669295072555541992e-01
9.223024249076843262e-01
8.480468988418579102e-01
1.000000000000000000e+00
1.000000000000000000e+00
1.000000000000000000e+00
7.678105235099792480e-01
7.986998558044433594e-01
9.999892711639404297e-01
7.581984996795654297e-01
8.514261841773986816e-01
8.630278110504150391e-01
1.000000000000000000e+00
1.000000000000000000e+00
1.000000000000000000e+00
9.964120388031005859e-01
8.240118622779846191e-01
7.362171411514282227e-01
7.829113602638244629e-01
8.345367908477783203e-01
9.997669458389282227e-01
7.052450180053710938e-01
8.539677858352661133e-01
1.000000000000000000e+00
1.000000000000000000e+00
8.892796039581298828e-01
8.448583483695983887e-01
9.999450445175170898e-01
9.669595956802368164e-01
6.738231182098388672e-01
7.267435193061828613e-01
9.997019767761230469e-01
1.000000000000000000e+00
1.000000000000000000e+00
9.361183643341064453e-01
1.000000000000000000e+00
8.211666345596313477e-01
8.393803834915161133e-01
7.955976128578186035e-01
7.550816535949707031e-01
8.898041844367980957e-01
8.615314960479736328e-01
7.060031890869140625e-01
1.000000000000000000e+00
9.027565717697143555e-01
1.000000000000000000e+00
9.330575466156005859e-01
7.497386932373046875e-01
1.000000000000000000e+00
8.258309960365295410e-01
1.000000000000000000e+00
7.498972415924072266e-01
1.000000000000000000e+00
1.000000000000000000e+00
1.000000000000000000e+00
7.956429123878479004e-01
7.658112645149230957e-01
7.315806746482849121e-01
9.091224670410156250e-01
9.228820204734802246e-01
8.914010524749755859e-01
8.749175667762756348e-01
7.242493629455566406e-01
9.217870831489562988e-01
9.260217547416687012e-01
9.245527386665344238e-01
1.000000000000000000e+00
8.568418622016906738e-01
7.761597037315368652e-01
7.652608156204223633e-01
8.384650945663452148e-01
7.255743741989135742e-01
7.690890431404113770e-01
1.000000000000000000e+00
7.737597823143005371e-01
7.122609615325927734e-01
8.744676113128662109e-01
7.324359416961669922e-01
8.304923772811889648e-01
1.000000000000000000e+00
8.561969995498657227e-01
8.822425007820129395e-01
9.330268502235412598e-01
8.103634715080261230e-01
7.606710791587829590e-01
7.496796250343322754e-01
9.975854158401489258e-01
8.181738853454589844e-01
8.254017829895019531e-01
8.822860121726989746e-01
1.000000000000000000e+00
7.011801004409790039e-01
9.712777733802795410e-01
9.992169141769409180e-01
7.427838444709777832e-01
8.457462787628173828e-01
8.472632765769958496e-01
9.596455097198486328e-01
7.494856119155883789e-01
8.173038959503173828e-01
6.606489419937133789e-01
7.317453622817993164e-01
8.377145528793334961e-01
8.470582365989685059e-01
9.842544198036193848e-01
9.157098531723022461e-01
1.000000000000000000e+00
8.262277841567993164e-01
1.000000000000000000e+00
1.000000000000000000e+00
1.000000000000000000e+00
9.226594567298889160e-01
8.356513977050781250e-01
7.648258209228515625e-01
7.741286158561706543e-01
8.312423825263977051e-01
8.271937370300292969e-01
1.000000000000000000e+00
8.232173919677734375e-01
1.000000000000000000e+00
9.793773889541625977e-01
8.030216693878173828e-01
9.991082549095153809e-01
9.175659418106079102e-01
1.000000000000000000e+00
9.153315424919128418e-01
8.989022374153137207e-01
9.313974380493164062e-01
9.882803559303283691e-01
9.328386187553405762e-01
8.417803049087524414e-01
1.000000000000000000e+00
8.520693778991699219e-01
7.428057193756103516e-01
1.000000000000000000e+00
9.207886457443237305e-01
7.472082376480102539e-01
8.763757348060607910e-01
8.273681402206420898e-01
1.000000000000000000e+00
9.995243549346923828e-01
7.622737288475036621e-01
9.359694719314575195e-01
1.000000000000000000e+00
9.070317149162292480e-01
7.733810544013977051e-01
9.982911944389343262e-01
1.000000000000000000e+00
1.000000000000000000e+00
9.926447868347167969e-01
8.949612379074096680e-01
8.007494807243347168e-01
8.300894498825073242e-01
9.823549985885620117e-01
9.017461538314819336e-01
8.270497322082519531e-01
7.152707576751708984e-01
8.193560242652893066e-01
1.000000000000000000e+00
1.000000000000000000e+00
7.061322927474975586e-01
8.348030447959899902e-01
7.301456928253173828e-01
9.998261332511901855e-01
9.180839061737060547e-01
8.914488554000854492e-01
7.125099897384643555e-01
1.000000000000000000e+00
9.352651834487915039e-01
7.532461881637573242e-01
9.072249531745910645e-01
1.000000000000000000e+00
1.000000000000000000e+00
9.234563708305358887e-01
9.213746190071105957e-01
9.975621104240417480e-01
1.000000000000000000e+00
7.643468976020812988e-01
9.970013499259948730e-01
7.404571771621704102e-01
1.000000000000000000e+00
9.453341960906982422e-01
9.972106218338012695e-01
9.116488695144653320e-01
1.000000000000000000e+00
9.949124455451965332e-01
8.027280569076538086e-01
1.000000000000000000e+00
9.999497532844543457e-01
1.000000000000000000e+00
8.916209340095520020e-01
9.993935823440551758e-01
8.165112733840942383e-01
9.990434646606445312e-01
9.521214962005615234e-01
6.967533826828002930e-01
1.000000000000000000e+00
9.739571809768676758e-01
8.510936498641967773e-01
1.000000000000000000e+00
7.592613697052001953e-01
1.000000000000000000e+00
9.115258455276489258e-01
9.999232888221740723e-01
9.667751789093017578e-01
1.000000000000000000e+00
9.401347637176513672e-01
6.535835266113281250e-01
8.026583194732666016e-01
9.995603561401367188e-01
9.784560799598693848e-01
7.539812922477722168e-01
1.000000000000000000e+00
9.946314096450805664e-01
8.156860470771789551e-01
8.771706819534301758e-01
8.730856180191040039e-01
9.120810031890869141e-01
7.505577206611633301e-01
8.361906409263610840e-01
9.996242523193359375e-01
8.601752519607543945e-01
9.317954182624816895e-01
8.008086085319519043e-01
8.289344310760498047e-01
8.535941839218139648e-01
9.502704143524169922e-01
8.494738340377807617e-01
1.000000000000000000e+00
1.000000000000000000e+00
1.000000000000000000e+00
1.000000000000000000e+00
7.428951859474182129e-01
7.940376400947570801e-01
7.998702526092529297e-01
1.000000000000000000e+00
1.000000000000000000e+00
1.000000000000000000e+00
9.999554753303527832e-01
9.978759884834289551e-01
7.334249019622802734e-01
8.564231395721435547e-01
8.074257373809814453e-01
8.542415499687194824e-01
8.575358986854553223e-01
1.000000000000000000e+00
1.000000000000000000e+00
1.000000000000000000e+00
8.283258676528930664e-01
7.577103376388549805e-01
1.000000000000000000e+00
6.989463567733764648e-01
8.967914581298828125e-01
1.000000000000000000e+00
9.694087505340576172e-01
7.749949097633361816e-01
8.640192151069641113e-01
8.229206800460815430e-01
1.000000000000000000e+00
8.026046156883239746e-01
9.999265074729919434e-01
7.177066802978515625e-01
9.541471004486083984e-01
6.970309615135192871e-01
8.894738554954528809e-01
9.966441988945007324e-01
1.000000000000000000e+00
9.988221526145935059e-01
9.027490019798278809e-01
7.529957294464111328e-01
9.286740422248840332e-01
9.993233084678649902e-01
1.000000000000000000e+00
7.421811223030090332e-01
8.472292423248291016e-01
1.000000000000000000e+00
9.997689127922058105e-01
8.428522944450378418e-01
7.835016250610351562e-01
9.979274868965148926e-01
7.159955501556396484e-01
1.000000000000000000e+00
9.999825954437255859e-01
9.068714380264282227e-01
1.000000000000000000e+00
8.259531855583190918e-01
1.000000000000000000e+00
1.000000000000000000e+00
8.750007152557373047e-01
8.048157691955566406e-01
1.000000000000000000e+00
8.075256347656250000e-01
1.000000000000000000e+00
9.998176693916320801e-01
8.551018238067626953e-01
9.087885022163391113e-01
8.203259706497192383e-01
9.650955200195312500e-01
9.963430166244506836e-01
9.974639415740966797e-01
7.118844985961914062e-01
8.784475326538085938e-01
1.000000000000000000e+00
8.588243126869201660e-01
8.370482921600341797e-01
9.283252358436584473e-01
1.000000000000000000e+00
9.013293385505676270e-01
8.620958924293518066e-01
8.579136133193969727e-01
9.995719194412231445e-01
9.179396629333496094e-01
8.098778128623962402e-01
1.000000000000000000e+00
8.480113148689270020e-01
1.000000000000000000e+00
1.000000000000000000e+00
1.000000000000000000e+00
1.000000000000000000e+00
1.000000000000000000e+00
9.841856360435485840e-01
1.000000000000000000e+00
8.796839714050292969e-01
7.882482409477233887e-01
9.999893903732299805e-01
7.679126858711242676e-01
8.938347101211547852e-01
7.702504396438598633e-01
1.000000000000000000e+00
8.329274654388427734e-01
1.000000000000000000e+00
8.984631896018981934e-01
8.542696833610534668e-01
9.997707009315490723e-01
1.000000000000000000e+00
9.998109936714172363e-01
8.508597016334533691e-01
7.894338965415954590e-01
8.016982078552246094e-01
8.776674270629882812e-01
7.338746786117553711e-01
7.383592724800109863e-01
8.492715358734130859e-01
1.000000000000000000e+00
8.716033697128295898e-01
1.000000000000000000e+00
7.702668905258178711e-01
1.000000000000000000e+00
8.392282724380493164e-01
7.262514233589172363e-01
8.610324859619140625e-01
7.590980529785156250e-01
9.991144537925720215e-01
9.628329277038574219e-01
6.835047006607055664e-01
1.000000000000000000e+00
1.000000000000000000e+00
7.902104258537292480e-01
8.607099056243896484e-01
1.000000000000000000e+00
1.000000000000000000e+00
8.213990330696105957e-01
1.000000000000000000e+00
8.812105655670166016e-01
1.000000000000000000e+00
1.000000000000000000e+00
1.000000000000000000e+00
9.086126089096069336e-01
7.438271045684814453e-01
1.000000000000000000e+00
6.966447234153747559e-01
7.113710045814514160e-01
7.742590308189392090e-01
9.005584716796875000e-01
8.356632590293884277e-01
1.000000000000000000e+00
1.000000000000000000e+00
7.874562144279479980e-01
8.740293979644775391e-01
9.999700784683227539e-01
9.999917745590209961e-01
1.000000000000000000e+00
9.998949766159057617e-01
8.598672151565551758e-01
8.307606577873229980e-01
9.015761017799377441e-01
8.862525224685668945e-01
9.289227128028869629e-01
1.000000000000000000e+00
8.764021992683410645e-01
8.472707867622375488e-01
9.373034834861755371e-01
7.830195426940917969e-01
9.080119132995605469e-01
7.951369881629943848e-01
9.102244973182678223e-01
8.921310305595397949e-01
1.000000000000000000e+00
1.000000000000000000e+00
9.189551472663879395e-01
7.680479288101196289e-01
9.874573349952697754e-01
7.438350319862365723e-01
9.182889461517333984e-01
9.852945804595947266e-01
8.215819001197814941e-01
8.170629739761352539e-01
8.206790089607238770e-01
8.108437657356262207e-01
9.994102120399475098e-01
9.885371923446655273e-01
9.972777366638183594e-01
7.364498376846313477e-01
1.000000000000000000e+00
8.135249614715576172e-01
6.934200525283813477e-01
1.000000000000000000e+00
9.969065785408020020e-01
8.971313238143920898e-01
7.565042972564697266e-01
9.977114796638488770e-01
9.876403808593750000e-01
8.335308432579040527e-01
9.997308254241943359e-01
9.132792353630065918e-01
9.011390805244445801e-01
7.134190797805786133e-01
9.971390366554260254e-01
8.430591821670532227e-01
1.000000000000000000e+00
1.000000000000000000e+00
9.927140474319458008e-01
9.922962188720703125e-01
9.996521472930908203e-01
9.374015927314758301e-01
9.162197113037109375e-01
1.000000000000000000e+00
9.115083217620849609e-01
1.000000000000000000e+00
1.000000000000000000e+00
8.102908134460449219e-01
8.901947140693664551e-01
8.773255944252014160e-01
9.381890892982482910e-01
1.000000000000000000e+00
9.989815354347229004e-01
1.000000000000000000e+00
1.000000000000000000e+00
1.000000000000000000e+00
7.945610284805297852e-01
9.930138587951660156e-01
8.267905116081237793e-01
9.291430711746215820e-01
7.331260442733764648e-01
8.502241373062133789e-01
7.031072378158569336e-01
9.152370095252990723e-01
8.856142759323120117e-01
8.503383398056030273e-01
8.739868998527526855e-01
1.000000000000000000e+00
9.249592423439025879e-01
7.558157444000244141e-01
1.000000000000000000e+00
9.260264039039611816e-01
7.938162684440612793e-01
9.997225999832153320e-01
8.494699001312255859e-01
1.000000000000000000e+00
1.000000000000000000e+00
1.000000000000000000e+00
9.999659657478332520e-01
1.000000000000000000e+00
8.904331326484680176e-01
1.000000000000000000e+00
9.995880722999572754e-01
8.804479241371154785e-01
1.000000000000000000e+00
8.902758359909057617e-01
1.000000000000000000e+00
9.357333779335021973e-01
8.534297347068786621e-01
1.000000000000000000e+00
1.000000000000000000e+00
9.982246160507202148e-01
1.000000000000000000e+00
8.702553510665893555e-01
9.668086171150207520e-01
7.886725664138793945e-01
9.992646574974060059e-01
7.755731940269470215e-01
7.587455511093139648e-01
8.365790247917175293e-01
7.167977094650268555e-01
7.853327989578247070e-01
9.971123933792114258e-01
8.284271359443664551e-01
7.620750665664672852e-01
8.179353475570678711e-01
7.030874490737915039e-01
1.000000000000000000e+00
8.026883006095886230e-01
8.201532363891601562e-01
7.657804489135742188e-01
1.000000000000000000e+00
8.526601791381835938e-01
8.134529590606689453e-01
8.009711503982543945e-01
7.263773083686828613e-01
8.190981149673461914e-01
9.104239344596862793e-01
7.986753582954406738e-01
9.996301531791687012e-01
1.000000000000000000e+00
8.243479132652282715e-01
7.980217337608337402e-01
7.380397915840148926e-01
1.000000000000000000e+00
7.464485168457031250e-01
7.567714452743530273e-01
9.999940991401672363e-01
9.998453259468078613e-01
9.187621474266052246e-01
7.445406913757324219e-01
7.724191546440124512e-01
9.106338024139404297e-01
8.100678920745849609e-01
1.000000000000000000e+00
8.654531836509704590e-01
8.017082810401916504e-01
8.771185278892517090e-01
9.414362311363220215e-01
8.438522815704345703e-01
7.031883001327514648e-01
1.000000000000000000e+00
1.000000000000000000e+00
1.000000000000000000e+00
7.898041009902954102e-01
8.973318338394165039e-01
8.168512582778930664e-01
1.000000000000000000e+00
7.285940647125244141e-01
8.614411950111389160e-01
9.990768432617187500e-01
1.000000000000000000e+00
8.120227456092834473e-01
7.241304516792297363e-01
8.667843341827392578e-01
1.000000000000000000e+00
8.381220102310180664e-01
9.973996281623840332e-01
7.816809415817260742e-01
7.662861347198486328e-01
9.099233746528625488e-01
1.000000000000000000e+00
9.611388444900512695e-01
9.608256220817565918e-01
9.151031374931335449e-01
8.012376427650451660e-01
1.000000000000000000e+00
1.000000000000000000e+00
1.000000000000000000e+00
1.000000000000000000e+00
1.000000000000000000e+00
8.414775133132934570e-01
9.387160539627075195e-01
1.000000000000000000e+00
9.059008955955505371e-01
1.000000000000000000e+00
1.000000000000000000e+00
8.527568578720092773e-01
8.097205758094787598e-01
9.997262954711914062e-01
7.120929956436157227e-01
9.026485085487365723e-01
7.557401657104492188e-01
7.220506668090820312e-01
8.198878169059753418e-01
8.602928519248962402e-01
1.000000000000000000e+00
7.132548093795776367e-01
1.000000000000000000e+00
8.861528635025024414e-01
1.000000000000000000e+00
1.000000000000000000e+00
9.098416566848754883e-01
8.834825754165649414e-01
9.749523401260375977e-01
7.809923887252807617e-01
1.000000000000000000e+00
1.000000000000000000e+00
7.338328361511230469e-01
9.933762550354003906e-01
9.217402935028076172e-01
7.953808903694152832e-01
7.732572555541992188e-01
8.437781929969787598e-01
9.993593692779541016e-01
9.208333492279052734e-01
1.000000000000000000e+00
7.322899103164672852e-01
8.805546760559082031e-01
1.000000000000000000e+00
1.000000000000000000e+00
1.000000000000000000e+00
9.926465749740600586e-01
8.046144247055053711e-01
1.000000000000000000e+00
1.000000000000000000e+00
8.037682175636291504e-01
8.150582909584045410e-01
1.000000000000000000e+00
9.967035055160522461e-01
8.323541879653930664e-01
1.000000000000000000e+00
9.998213052749633789e-01
7.723072767257690430e-01
9.436630010604858398e-01
7.213746309280395508e-01
8.189834356307983398e-01
1.000000000000000000e+00
1.000000000000000000e+00
1.000000000000000000e+00
8.896915912628173828e-01
8.348680138587951660e-01
6.947316527366638184e-01
7.033447027206420898e-01
9.982392787933349609e-01
1.000000000000000000e+00
9.924156069755554199e-01
9.364035129547119141e-01
8.140553236007690430e-01
7.165333032608032227e-01
8.723264932632446289e-01
7.771118283271789551e-01
8.893162012100219727e-01
9.127284884452819824e-01
7.251599431037902832e-01
1.000000000000000000e+00
8.412301540374755859e-01
1.000000000000000000e+00
8.770986795425415039e-01
9.996637701988220215e-01
1.000000000000000000e+00
1.000000000000000000e+00
9.963104128837585449e-01
8.596513271331787109e-01
9.668304920196533203e-01
7.272037267684936523e-01
9.241896271705627441e-01
9.266437292098999023e-01
8.863849639892578125e-01
1.000000000000000000e+00
7.305513620376586914e-01
1.000000000000000000e+00
8.221197724342346191e-01
8.665707707405090332e-01
9.994396567344665527e-01
8.215677142143249512e-01
1.000000000000000000e+00
7.011829614639282227e-01
7.700127363204956055e-01
8.187623620033264160e-01
9.977951049804687500e-01
8.182834386825561523e-01
9.683232307434082031e-01
7.767127156257629395e-01
9.999805688858032227e-01
8.134523630142211914e-01
1.000000000000000000e+00
1.000000000000000000e+00
8.255866169929504395e-01
1.000000000000000000e+00
8.584181070327758789e-01
6.854492425918579102e-01
7.533723115921020508e-01
7.485691308975219727e-01
7.640458941459655762e-01
8.074383735656738281e-01
1.000000000000000000e+00
8.689411878585815430e-01
9.932105541229248047e-01
9.985659718513488770e-01
9.496910572052001953e-01
8.136858940124511719e-01
7.252080440521240234e-01
1.000000000000000000e+00
1.000000000000000000e+00
7.027487158775329590e-01
1.000000000000000000e+00
1.000000000000000000e+00
9.996238946914672852e-01
8.351113796234130859e-01
8.860622048377990723e-01
1.000000000000000000e+00
7.618407011032104492e-01
8.084060549736022949e-01
9.999909996986389160e-01
9.513979554176330566e-01
9.830781221389770508e-01
9.947704672813415527e-01
8.899544477462768555e-01
1.000000000000000000e+00
8.514102697372436523e-01
1.000000000000000000e+00
9.072056412696838379e-01
9.153791069984436035e-01
8.960331678390502930e-01
9.992327094078063965e-01
1.000000000000000000e+00
1.000000000000000000e+00
9.551156163215637207e-01
1.000000000000000000e+00
7.822819352149963379e-01
1.000000000000000000e+00
8.014156818389892578e-01
8.541268110275268555e-01
1.000000000000000000e+00
8.008528351783752441e-01
7.845987081527709961e-01
1.000000000000000000e+00
1.000000000000000000e+00
1.000000000000000000e+00
8.942018151283264160e-01
9.992176294326782227e-01
7.139024734497070312e-01
9.987735748291015625e-01
8.537071943283081055e-01
7.341270446777343750e-01
7.671904563903808594e-01
9.787788391113281250e-01
1.000000000000000000e+00
8.462942838668823242e-01
7.536664605140686035e-01
9.719374775886535645e-01
8.135572671890258789e-01
9.220923185348510742e-01
8.239616155624389648e-01
1.000000000000000000e+00
7.411457300186157227e-01
8.013233542442321777e-01
7.951658964157104492e-01
1.000000000000000000e+00
8.088592886924743652e-01
7.686834335327148438e-01
9.586431384086608887e-01
7.089185714721679688e-01
7.629806995391845703e-01
7.336102724075317383e-01
8.409134149551391602e-01
1.000000000000000000e+00
9.571179151535034180e-01
1.000000000000000000e+00
8.952778577804565430e-01
1.000000000000000000e+00
7.786626815795898438e-01
1.000000000000000000e+00
9.934310913085937500e-01
1.000000000000000000e+00
1.000000000000000000e+00
9.095178246498107910e-01
7.299366593360900879e-01
8.100042343139648438e-01
8.782554268836975098e-01
1.000000000000000000e+00
9.482485651969909668e-01
1.000000000000000000e+00
7.135906219482421875e-01
8.941096067428588867e-01
8.373575210571289062e-01
7.413111925125122070e-01
7.874872684478759766e-01
8.143352866172790527e-01
1.000000000000000000e+00
9.203304052352905273e-01
1.000000000000000000e+00
7.061693668365478516e-01
8.387768268585205078e-01
8.374508619308471680e-01
1.000000000000000000e+00
1.000000000000000000e+00
9.699438810348510742e-01
7.469267249107360840e-01
1.000000000000000000e+00
7.186719179153442383e-01
6.915020942687988281e-01
1.000000000000000000e+00
9.997223615646362305e-01
9.726362824440002441e-01
7.547699213027954102e-01
8.355263471603393555e-01
1.000000000000000000e+00
7.888302803039550781e-01
9.996646642684936523e-01
7.818906307220458984e-01
1.000000000000000000e+00
9.988732337951660156e-01
9.994733333587646484e-01
7.126892805099487305e-01
8.813318610191345215e-01
1.000000000000000000e+00
8.582763075828552246e-01
8.289973139762878418e-01
1.000000000000000000e+00
7.972982525825500488e-01
8.322863578796386719e-01
9.998361468315124512e-01
7.748079299926757812e-01
7.820814847946166992e-01
8.342964649200439453e-01
9.743667244911193848e-01
8.097507357597351074e-01
9.997765421867370605e-01
8.457216024398803711e-01
1.000000000000000000e+00
8.679213523864746094e-01
7.112871408462524414e-01
1.000000000000000000e+00
9.990504384040832520e-01
7.038323283195495605e-01
1.000000000000000000e+00
7.494435310363769531e-01
9.991952776908874512e-01
9.999991059303283691e-01
6.988727450370788574e-01
1.000000000000000000e+00
9.936283826828002930e-01
7.519997358322143555e-01
1.000000000000000000e+00
9.455029964447021484e-01
8.432101011276245117e-01
7.621852755546569824e-01
7.465288639068603516e-01
1.000000000000000000e+00
7.702662944793701172e-01
8.390653729438781738e-01
1.000000000000000000e+00
1.000000000000000000e+00
8.626752495765686035e-01
7.703064680099487305e-01
7.584912180900573730e-01
7.856637239456176758e-01
1.000000000000000000e+00
8.847731351852416992e-01
8.818597793579101562e-01
8.278508186340332031e-01
8.405449390411376953e-01
7.772330045700073242e-01
7.707771062850952148e-01
6.757854223251342773e-01
1.000000000000000000e+00
9.568413496017456055e-01
8.174068331718444824e-01
8.597738742828369141e-01
8.341689705848693848e-01
1.000000000000000000e+00
7.229373455047607422e-01
9.875638484954833984e-01
1.000000000000000000e+00
9.244746565818786621e-01
8.931919932365417480e-01
9.982949495315551758e-01
7.151479721069335938e-01
7.370011806488037109e-01
9.996590614318847656e-01
9.997951984405517578e-01
9.247639179229736328e-01
1.000000000000000000e+00
8.459060788154602051e-01
7.806839942932128906e-01
1.000000000000000000e+00
1.000000000000000000e+00
1.000000000000000000e+00
9.999015331268310547e-01
7.929027080535888672e-01
8.184572458267211914e-01
1.000000000000000000e+00
7.703863978385925293e-01
8.047924041748046875e-01
7.905731201171875000e-01
8.090095520019531250e-01
9.407859444618225098e-01
1.000000000000000000e+00
9.072473049163818359e-01
9.400036334991455078e-01
1.000000000000000000e+00
9.969631433486938477e-01
7.524917125701904297e-01
8.183976411819458008e-01
8.858393430709838867e-01
9.204033613204956055e-01
1.000000000000000000e+00
7.203972339630126953e-01
9.384577274322509766e-01
1.000000000000000000e+00
1.000000000000000000e+00
1.000000000000000000e+00
7.654338479042053223e-01
8.227931261062622070e-01
1.000000000000000000e+00
9.976471662521362305e-01
7.611416578292846680e-01
9.788669347763061523e-01
8.683989048004150391e-01
7.004806399345397949e-01
6.894261837005615234e-01
9.997612237930297852e-01
1.000000000000000000e+00
7.472964525222778320e-01
8.058038949966430664e-01
9.956722855567932129e-01
7.521905899047851562e-01
9.830493330955505371e-01
9.741880893707275391e-01
8.202289938926696777e-01
8.763488531112670898e-01
9.303513765335083008e-01
9.486947059631347656e-01
7.654334306716918945e-01
9.353953599929809570e-01
7.502087354660034180e-01
7.708106040954589844e-01
1.000000000000000000e+00
1.000000000000000000e+00
8.523372411727905273e-01
9.032198786735534668e-01
1.000000000000000000e+00
1.000000000000000000e+00
9.528363347053527832e-01
8.084928989410400391e-01
9.768503904342651367e-01
6.997549533843994141e-01
9.985439181327819824e-01
8.815772533416748047e-01
8.196743726730346680e-01
8.431713581085205078e-01
9.464603066444396973e-01
1.000000000000000000e+00
7.820734381675720215e-01
8.188867568969726562e-01
7.615511417388916016e-01
1.000000000000000000e+00
1.000000000000000000e+00
6.784453392028808594e-01
7.672662734985351562e-01
9.405474662780761719e-01
6.735032796859741211e-01
9.998486042022705078e-01
1.000000000000000000e+00
7.828742265701293945e-01
7.703170776367187500e-01
9.994871020317077637e-01
7.067828178405761719e-01
1.000000000000000000e+00
9.779826402664184570e-01
1.000000000000000000e+00
7.959619164466857910e-01
1.000000000000000000e+00
7.665954232215881348e-01
1.000000000000000000e+00
1.000000000000000000e+00
9.306257367134094238e-01
7.070800065994262695e-01
8.869363069534301758e-01
1.000000000000000000e+00
7.863534688949584961e-01
7.641014456748962402e-01
8.623964786529541016e-01
7.285168170928955078e-01
1.000000000000000000e+00
9.998788237571716309e-01
9.350602030754089355e-01
1.000000000000000000e+00
7.829958796501159668e-01
9.141944646835327148e-01
1.000000000000000000e+00
7.771505117416381836e-01
7.944384813308715820e-01
1.000000000000000000e+00
7.762997746467590332e-01
8.397197723388671875e-01
7.943046092987060547e-01
7.150006294250488281e-01
8.545199632644653320e-01
8.372321128845214844e-01
1.000000000000000000e+00
8.515911102294921875e-01
1.000000000000000000e+00
7.976614832878112793e-01
8.476523160934448242e-01
1.000000000000000000e+00
8.344329595565795898e-01
9.145807623863220215e-01
1.000000000000000000e+00
1.000000000000000000e+00
1.000000000000000000e+00
1.000000000000000000e+00
8.412413001060485840e-01
1.000000000000000000e+00
8.002080917358398438e-01
7.926855087280273438e-01
7.800707817077636719e-01
8.902282714843750000e-01
9.010013341903686523e-01
8.022837042808532715e-01
9.194087982177734375e-01
1.000000000000000000e+00
1.000000000000000000e+00
9.942880868911743164e-01
7.979006767272949219e-01
8.935771584510803223e-01
1.000000000000000000e+00
8.331696987152099609e-01
1.000000000000000000e+00
8.375130891799926758e-01
7.674769759178161621e-01
9.405776262283325195e-01
8.832199573516845703e-01
7.539893984794616699e-01
7.067843675613403320e-01
8.322793245315551758e-01
1.000000000000000000e+00
1.000000000000000000e+00
9.129708409309387207e-01
9.985795617103576660e-01
9.984483122825622559e-01
1.000000000000000000e+00
7.100232839584350586e-01
1.000000000000000000e+00
8.981457948684692383e-01
7.054972648620605469e-01
1.000000000000000000e+00
1.000000000000000000e+00
8.446380496025085449e-01
9.998102188110351562e-01
8.664365410804748535e-01
7.505171895027160645e-01
8.369164466857910156e-01
1.000000000000000000e+00
7.373890876770019531e-01
8.573199510574340820e-01
9.966260790824890137e-01
9.976703524589538574e-01
8.589323163032531738e-01
8.634324073791503906e-01
7.764824032783508301e-01
9.248984456062316895e-01
8.105415105819702148e-01
8.332349061965942383e-01
9.110534787178039551e-01
8.200290799140930176e-01
7.485430240631103516e-01
1.000000000000000000e+00
9.995279908180236816e-01
1.000000000000000000e+00
8.460700511932373047e-01
7.410149574279785156e-01
7.721452116966247559e-01
9.968173503875732422e-01
8.167928457260131836e-01
9.999989867210388184e-01
1.000000000000000000e+00
8.193193674087524414e-01
9.698639512062072754e-01
8.630084991455078125e-01
1.000000000000000000e+00
7.786489725112915039e-01
7.848877310752868652e-01
8.153805136680603027e-01
1.000000000000000000e+00
8.377628326416015625e-01
9.969449043273925781e-01
1.000000000000000000e+00
9.692471623420715332e-01
7.389352321624755859e-01
1.000000000000000000e+00
6.998671293258666992e-01
7.997405529022216797e-01
1.000000000000000000e+00
1.000000000000000000e+00
1.000000000000000000e+00
7.535032033920288086e-01
7.751793861389160156e-01
9.999994635581970215e-01
9.513335824012756348e-01
6.843397617340087891e-01
1.000000000000000000e+00
8.886175751686096191e-01
8.003687858581542969e-01
9.417433738708496094e-01
1.000000000000000000e+00
7.852379083633422852e-01
9.516646862030029297e-01
8.998606801033020020e-01
1.000000000000000000e+00
9.989879131317138672e-01
7.473541498184204102e-01
1.000000000000000000e+00
9.993022680282592773e-01
8.110519051551818848e-01
1.000000000000000000e+00
9.120386838912963867e-01
7.020732164382934570e-01
9.983791112899780273e-01
7.402116060256958008e-01
1.000000000000000000e+00
9.984154105186462402e-01
8.885061740875244141e-01
9.999759197235107422e-01
1.000000000000000000e+00
7.900284528732299805e-01
8.465884923934936523e-01
7.353924512863159180e-01
1.000000000000000000e+00
7.900545597076416016e-01
1.000000000000000000e+00
7.523726224899291992e-01
1.000000000000000000e+00
9.244337677955627441e-01
8.239809274673461914e-01
9.432880878448486328e-01
9.431036114692687988e-01
7.204896211624145508e-01
8.574144840240478516e-01
1.000000000000000000e+00
1.000000000000000000e+00
1.000000000000000000e+00
7.144741415977478027e-01
9.864357709884643555e-01
8.112832307815551758e-01
1.000000000000000000e+00
8.929309248924255371e-01
7.374513745307922363e-01
7.254859209060668945e-01
9.999530315399169922e-01
1.000000000000000000e+00
7.079786062240600586e-01
7.483502626419067383e-01
7.973919510841369629e-01
8.488368391990661621e-01
9.421194791793823242e-01
1.000000000000000000e+00
9.255232810974121094e-01
8.635239601135253906e-01
9.856471419334411621e-01
9.120742678642272949e-01
7.582787871360778809e-01
1.000000000000000000e+00
9.975453019142150879e-01
7.116560935974121094e-01
1.000000000000000000e+00
7.899932265281677246e-01
8.677951097488403320e-01
9.987554550170898438e-01
1.000000000000000000e+00
8.551791906356811523e-01
9.999754428863525391e-01
8.617143630981445312e-01
7.855246067047119141e-01
8.517546057701110840e-01
8.293723464012145996e-01
7.719094753265380859e-01
7.557965517044067383e-01
1.000000000000000000e+00
8.428120613098144531e-01
9.982441067695617676e-01
9.966911673545837402e-01
7.501881122589111328e-01
9.696477055549621582e-01
8.428343534469604492e-01
8.614715933799743652e-01
8.944986462593078613e-01
9.999623894691467285e-01
1.000000000000000000e+00
8.427971601486206055e-01
8.670812249183654785e-01
1.000000000000000000e+00
9.831204414367675781e-01
1.000000000000000000e+00
7.180812954902648926e-01
8.200974464416503906e-01
1.000000000000000000e+00
8.157835602760314941e-01
9.942915439605712891e-01
1.000000000000000000e+00
1.000000000000000000e+00
1.000000000000000000e+00
8.058263063430786133e-01
7.804343104362487793e-01
8.361946344375610352e-01
9.035988450050354004e-01
1.000000000000000000e+00
9.466620683670043945e-01
6.750149726867675781e-01
8.257024884223937988e-01
8.713203668594360352e-01
9.838324785232543945e-01
1.000000000000000000e+00
9.961431026458740234e-01
7.204033136367797852e-01
8.767740130424499512e-01
7.467569708824157715e-01
1.000000000000000000e+00
7.902708053588867188e-01
8.627851009368896484e-01
8.785833120346069336e-01
1.000000000000000000e+00
1.000000000000000000e+00
9.964623451232910156e-01
7.821291685104370117e-01
9.988421797752380371e-01
9.978163242340087891e-01
7.432843446731567383e-01
9.647350907325744629e-01
9.132516980171203613e-01
8.547511100769042969e-01
8.627098798751831055e-01
1.000000000000000000e+00
7.951989173889160156e-01
1.000000000000000000e+00
6.941491961479187012e-01
1.000000000000000000e+00
9.998363852500915527e-01
7.146880030632019043e-01
1.000000000000000000e+00
9.987438321113586426e-01
9.655731916427612305e-01
7.921738624572753906e-01
8.194621205329895020e-01
9.366216063499450684e-01
1.000000000000000000e+00
8.016738295555114746e-01
8.892711400985717773e-01
9.986381530761718750e-01
8.465514779090881348e-01
9.386687874794006348e-01
1.000000000000000000e+00
7.138081789016723633e-01
1.000000000000000000e+00
9.473904967308044434e-01
9.270766377449035645e-01
7.158468961715698242e-01
9.999967217445373535e-01
9.690773487091064453e-01
7.522709369659423828e-01
9.986736774444580078e-01
1.000000000000000000e+00
1.000000000000000000e+00
8.154482841491699219e-01
8.154603242874145508e-01
9.999298453330993652e-01
1.000000000000000000e+00
1.000000000000000000e+00
9.992703795433044434e-01
1.000000000000000000e+00
8.680171966552734375e-01
7.722024321556091309e-01
7.185553312301635742e-01
9.692533016204833984e-01
8.368268609046936035e-01
8.476567268371582031e-01
7.525296211242675781e-01
9.038369059562683105e-01
7.020145654678344727e-01
9.664381146430969238e-01
8.897031545639038086e-01
9.424584507942199707e-01
1.000000000000000000e+00
7.511222362518310547e-01
9.965388178825378418e-01
9.253552556037902832e-01
9.999599456787109375e-01
7.677981853485107422e-01
1.000000000000000000e+00
1.000000000000000000e+00
7.577854990959167480e-01
1.000000000000000000e+00
1.000000000000000000e+00
8.539980649948120117e-01
7.855213880538940430e-01
8.470367193222045898e-01
1.000000000000000000e+00
9.185544848442077637e-01
7.632021307945251465e-01
9.069893360137939453e-01
1.000000000000000000e+00
6.733343601226806641e-01
9.999817609786987305e-01
1.000000000000000000e+00
8.675916194915771484e-01
9.901582598686218262e-01
8.601284027099609375e-01
1.000000000000000000e+00
9.999586939811706543e-01
7.460054159164428711e-01
9.997081756591796875e-01
7.525739669799804688e-01
8.861113786697387695e-01
1.000000000000000000e+00
7.502641677856445312e-01
1.000000000000000000e+00
9.995281696319580078e-01
9.976468086242675781e-01
9.001712799072265625e-01
9.999766945838928223e-01
8.067883253097534180e-01
1.000000000000000000e+00
7.881622314453125000e-01
6.952264308929443359e-01
9.444914460182189941e-01
9.119300842285156250e-01
9.368131160736083984e-01
8.742331266403198242e-01
1.000000000000000000e+00
9.999927878379821777e-01
7.520173788070678711e-01
8.880187273025512695e-01
8.214734792709350586e-01
8.199410438537597656e-01
6.796729564666748047e-01
1.000000000000000000e+00
7.821530103683471680e-01
7.888475060462951660e-01
1.000000000000000000e+00
9.147230982780456543e-01
1.000000000000000000e+00
1.000000000000000000e+00
8.020038604736328125e-01
1.000000000000000000e+00
1.000000000000000000e+00
8.474273085594177246e-01
1.000000000000000000e+00
7.585080862045288086e-01
9.991102218627929688e-01
8.471930623054504395e-01
7.387049198150634766e-01
6.990662217140197754e-01
7.932845950126647949e-01
1.000000000000000000e+00
9.998974800109863281e-01
9.162964820861816406e-01
7.388745546340942383e-01
7.821415066719055176e-01
8.330222368240356445e-01
8.555864095687866211e-01
1.000000000000000000e+00
9.999912381172180176e-01
1.000000000000000000e+00
9.999054074287414551e-01
7.807358503341674805e-01
9.997487068176269531e-01
7.027527093887329102e-01
7.175471186637878418e-01
9.972923398017883301e-01
9.976890683174133301e-01
1.000000000000000000e+00
7.137624025344848633e-01
9.191169738769531250e-01
7.394369840621948242e-01
7.865024805068969727e-01
9.963811635971069336e-01
7.677568793296813965e-01
7.879217267036437988e-01
9.936343431472778320e-01
7.154879570007324219e-01
8.502653837203979492e-01
7.615048289299011230e-01
1.000000000000000000e+00
7.883588075637817383e-01
8.401089906692504883e-01
9.999744296073913574e-01
1.000000000000000000e+00
1.000000000000000000e+00
6.472823619842529297e-01
8.732360601425170898e-01
7.806138992309570312e-01
1.000000000000000000e+00
9.990866780281066895e-01
8.573138713836669922e-01
