9.999526143074035645e-01
9.878630638122558594e-01
1.000000000000000000e+00
1.000000000000000000e+00
9.999610781669616699e-01
9.987663030624389648e-01
1.000000000000000000e+00
9.724322557449340820e-01
9.686688184738159180e-01
1.000000000000000000e+00
9.865974783897399902e-01
9.648388028144836426e-01
8.724116086959838867e-01
8.807074427604675293e-01
9.676019549369812012e-01
9.831233024597167969e-01
9.653264880180358887e-01
9.918960332870483398e-01
1.000000000000000000e+00
8.901141285896301270e-01
9.839825630187988281e-01
9.768114089965820312e-01
9.992331862449645996e-01
9.440577626228332520e-01
9.748701453208923340e-01
1.000000000000000000e+00
9.990123510360717773e-01
9.538196921348571777e-01
9.599866271018981934e-01
8.883486986160278320e-01
9.918937683105468750e-01
1.000000000000000000e+00
9.632893204689025879e-01
9.835534095764160156e-01
9.934575557708740234e-01
1.000000000000000000e+00
1.000000000000000000e+00
1.000000000000000000e+00
9.766784906387329102e-01
9.817868471145629883e-01
9.927858114242553711e-01
9.770402312278747559e-01
9.760161042213439941e-01
9.514494538307189941e-01
9.345760941505432129e-01
9.485877752304077148e-01
1.000000000000000000e+00
9.383495450019836426e-01
9.675716757774353027e-01
9.737483263015747070e-01
9.998295307159423828e-01
1.000000000000000000e+00
8.931987285614013672e-01
9.999588727951049805e-01
1.000000000000000000e+00
1.000000000000000000e+00
9.770123362541198730e-01
1.000000000000000000e+00
9.958230257034301758e-01
9.914709925651550293e-01
8.975019454956054688e-01
9.990453720092773438e-01
9.664915800094604492e-01
9.612025022506713867e-01
1.000000000000000000e+00
9.934875369071960449e-01
9.859970211982727051e-01
9.751040339469909668e-01
9.676879048347473145e-01
9.593378305435180664e-01
9.857364296913146973e-01
9.747426509857177734e-01
9.185266494750976562e-01
9.784381985664367676e-01
9.711269736289978027e-01
1.000000000000000000e+00
9.840914607048034668e-01
1.000000000000000000e+00
9.644888043403625488e-01
1.000000000000000000e+00
1.000000000000000000e+00
9.998819231986999512e-01
9.961855411529541016e-01
8.659900426864624023e-01
9.509134888648986816e-01
1.000000000000000000e+00
9.623715877532958984e-01
9.998939037322998047e-01
1.000000000000000000e+00
9.874024391174316406e-01
9.981349110603332520e-01
1.000000000000000000e+00
1.000000000000000000e+00
9.931645393371582031e-01
9.721078872680664062e-01
9.998277425765991211e-01
9.829550981521606445e-01
1.000000000000000000e+00
9.879266619682312012e-01
9.648288488388061523e-01
9.578397274017333984e-01
9.636359810829162598e-01
9.667202830314636230e-01
9.751740694046020508e-01
9.652363657951354980e-01
9.091508984565734863e-01
1.000000000000000000e+00
9.451624155044555664e-01
9.890536665916442871e-01
9.999895095825195312e-01
9.998152256011962891e-01
9.997866749763488770e-01
9.849691390991210938e-01
9.909636378288269043e-01
9.890994429588317871e-01
9.786474108695983887e-01
9.146704673767089844e-01
1.000000000000000000e+00
9.999321103096008301e-01
9.858908057212829590e-01
1.000000000000000000e+00
9.401255846023559570e-01
9.944083094596862793e-01
1.000000000000000000e+00
9.504240155220031738e-01
1.000000000000000000e+00
1.000000000000000000e+00
9.794282913208007812e-01
1.000000000000000000e+00
9.699764251708984375e-01
9.741744995117187500e-01
9.538824558258056641e-01
8.662965893745422363e-01
9.328512549400329590e-01
9.882220029830932617e-01
9.888141155242919922e-01
9.518195390701293945e-01
9.374139308929443359e-01
1.000000000000000000e+00
9.823956489562988281e-01
9.825727343559265137e-01
9.857515096664428711e-01
9.781669378280639648e-01
9.494956731796264648e-01
9.993427395820617676e-01
7.745302319526672363e-01
9.164555668830871582e-01
9.920826554298400879e-01
9.695127010345458984e-01
8.612962961196899414e-01
1.000000000000000000e+00
1.000000000000000000e+00
7.578575611114501953e-01
8.326550126075744629e-01
9.703981280326843262e-01
9.859269857406616211e-01
8.845015764236450195e-01
9.981713294982910156e-01
8.814989328384399414e-01
9.983054995536804199e-01
8.606855273246765137e-01
1.000000000000000000e+00
8.226876854896545410e-01
8.204855918884277344e-01
1.000000000000000000e+00
1.000000000000000000e+00
9.994988441467285156e-01
9.623479247093200684e-01
9.877759218215942383e-01
9.400079250335693359e-01
8.711226582527160645e-01
8.738883733749389648e-01
9.751831293106079102e-01
1.000000000000000000e+00
9.991725683212280273e-01
8.740366697311401367e-01
8.381718397140502930e-01
9.370458722114562988e-01
8.177910447120666504e-01
8.685522079467773438e-01
9.289738535881042480e-01
8.332419991493225098e-01
1.000000000000000000e+00
1.000000000000000000e+00
1.000000000000000000e+00
8.495309352874755859e-01
9.999933838844299316e-01
9.215310811996459961e-01
9.934240579605102539e-01
7.515893578529357910e-01
7.758859395980834961e-01
1.000000000000000000e+00
1.000000000000000000e+00
8.844167590141296387e-01
8.939116001129150391e-01
1.000000000000000000e+00
8.261613249778747559e-01
9.999517798423767090e-01
1.000000000000000000e+00
8.599847555160522461e-01
9.983563423156738281e-01
7.878179550170898438e-01
8.282020092010498047e-01
8.397198915481567383e-01
1.000000000000000000e+00
8.600068092346191406e-01
8.645848035812377930e-01
9.996325373649597168e-01
1.000000000000000000e+00
1.000000000000000000e+00
9.980501532554626465e-01
9.996188879013061523e-01
8.714226484298706055e-01
7.859709262847900391e-01
8.234502673149108887e-01
9.548864364624023438e-01
7.243093252182006836e-01
8.178702592849731445e-01
7.805688381195068359e-01
1.000000000000000000e+00
8.314843773841857910e-01
9.127805829048156738e-01
1.000000000000000000e+00
1.000000000000000000e+00
7.246594429016113281e-01
9.984482526779174805e-01
8.039389252662658691e-01
9.915689229965209961e-01
7.506543397903442383e-01
9.852045178413391113e-01
7.640089988708496094e-01
1.000000000000000000e+00
8.135307431221008301e-01
9.984896779060363770e-01
7.711973786354064941e-01
1.000000000000000000e+00
8.782888650894165039e-01
8.025307655334472656e-01
1.000000000000000000e+00
7.744354009628295898e-01
7.768275141716003418e-01
8.562014102935791016e-01
9.998808503150939941e-01
7.717395424842834473e-01
9.997519850730895996e-01
9.165117144584655762e-01
1.000000000000000000e+00
1.000000000000000000e+00
7.135894894599914551e-01
9.315273761749267578e-01
8.279299139976501465e-01
9.674042463302612305e-01
9.995412826538085938e-01
8.360745310783386230e-01
8.550905585289001465e-01
7.785388827323913574e-01
9.881513118743896484e-01
7.754538059234619141e-01
1.000000000000000000e+00
8.182108402252197266e-01
6.971079111099243164e-01
8.793708086013793945e-01
7.992924451828002930e-01
8.830828070640563965e-01
7.962703704833984375e-01
1.000000000000000000e+00
1.000000000000000000e+00
1.000000000000000000e+00
9.571951627731323242e-01
8.994446992874145508e-01
7.412181496620178223e-01
1.000000000000000000e+00
7.062900066375732422e-01
9.999845623970031738e-01
9.501895308494567871e-01
9.999769926071166992e-01
7.123117446899414062e-01
8.691225051879882812e-01
7.197884321212768555e-01
9.998122453689575195e-01
7.527981400489807129e-01
7.857608795166015625e-01
1.000000000000000000e+00
6.971442699432373047e-01
8.690617680549621582e-01
8.750951290130615234e-01
1.000000000000000000e+00
9.968877434730529785e-01
7.130210399627685547e-01
8.114068508148193359e-01
9.451699256896972656e-01
8.111592531204223633e-01
7.285988926887512207e-01
7.258806228637695312e-01
8.620197772979736328e-01
8.032587766647338867e-01
8.720341920852661133e-01
8.632985353469848633e-01
8.155571818351745605e-01
7.333346605300903320e-01
7.167223691940307617e-01
6.669141650199890137e-01
1.000000000000000000e+00
7.243915796279907227e-01
7.405161857604980469e-01
8.763428926467895508e-01
9.611532092094421387e-01
1.000000000000000000e+00
9.332702159881591797e-01
8.207344412803649902e-01
1.000000000000000000e+00
7.145503759384155273e-01
7.694647312164306641e-01
9.605630636215209961e-01
7.302480936050415039e-01
9.981884956359863281e-01
9.101530909538269043e-01
7.223387956619262695e-01
7.325941324234008789e-01
9.636949896812438965e-01
1.000000000000000000e+00
1.000000000000000000e+00
1.000000000000000000e+00
1.000000000000000000e+00
1.000000000000000000e+00
9.615765213966369629e-01
9.063196182250976562e-01
9.999736547470092773e-01
8.403829336166381836e-01
1.000000000000000000e+00
9.060360193252563477e-01
9.968528151512145996e-01
1.000000000000000000e+00
8.446170091629028320e-01
1.000000000000000000e+00
8.292742967605590820e-01
7.134124040603637695e-01
1.000000000000000000e+00
9.997997283935546875e-01
9.330640435218811035e-01
8.263922333717346191e-01
9.786978960037231445e-01
9.994243979454040527e-01
8.749419450759887695e-01
9.883499145507812500e-01
8.124933242797851562e-01
7.689120769500732422e-01
9.998590350151062012e-01
9.989777803421020508e-01
8.681495785713195801e-01
1.000000000000000000e+00
7.036843299865722656e-01
1.000000000000000000e+00
8.012821674346923828e-01
1.000000000000000000e+00
8.546357750892639160e-01
9.998056292533874512e-01
7.974525690078735352e-01
1.000000000000000000e+00
1.000000000000000000e+00
8.317409753799438477e-01
8.524539470672607422e-01
8.917699456214904785e-01
1.000000000000000000e+00
7.560788393020629883e-01
1.000000000000000000e+00
7.968103289604187012e-01
9.999748468399047852e-01
1.000000000000000000e+00
8.364096879959106445e-01
1.000000000000000000e+00
8.741450905799865723e-01
1.000000000000000000e+00
1.000000000000000000e+00
7.640576958656311035e-01
7.474451661109924316e-01
1.000000000000000000e+00
8.740245699882507324e-01
7.965720295906066895e-01
9.998158216476440430e-01
8.016353845596313477e-01
9.999936223030090332e-01
1.000000000000000000e+00
8.648260235786437988e-01
8.681750297546386719e-01
1.000000000000000000e+00
1.000000000000000000e+00
8.152675628662109375e-01
7.643866539001464844e-01
8.332960605621337891e-01
8.460871577262878418e-01
8.401029109954833984e-01
1.000000000000000000e+00
7.603896260261535645e-01
8.394234180450439453e-01
1.000000000000000000e+00
9.225981235504150391e-01
1.000000000000000000e+00
7.282853126525878906e-01
9.996914267539978027e-01
1.000000000000000000e+00
8.711739778518676758e-01
9.867070317268371582e-01
8.398434519767761230e-01
1.000000000000000000e+00
9.853632450103759766e-01
8.214374184608459473e-01
7.868878841400146484e-01
1.000000000000000000e+00
9.999802708625793457e-01
7.660475969314575195e-01
9.284465312957763672e-01
9.999951124191284180e-01
9.999651312828063965e-01
1.000000000000000000e+00
1.000000000000000000e+00
8.914067149162292480e-01
9.644985198974609375e-01
9.101259708404541016e-01
1.000000000000000000e+00
7.589317560195922852e-01
9.107288122177124023e-01
8.549849987030029297e-01
1.000000000000000000e+00
8.471619486808776855e-01
1.000000000000000000e+00
7.289497852325439453e-01
7.872925996780395508e-01
1.000000000000000000e+00
9.968346357345581055e-01
8.930153250694274902e-01
9.615802764892578125e-01
1.000000000000000000e+00
9.990330934524536133e-01
7.806655168533325195e-01
9.094730615615844727e-01
8.389440178871154785e-01
9.233756065368652344e-01
7.176142334938049316e-01
8.698590993881225586e-01
1.000000000000000000e+00
8.535745143890380859e-01
8.757193088531494141e-01
9.983793497085571289e-01
7.150932550430297852e-01
9.988194108009338379e-01
7.526462078094482422e-01
7.806098461151123047e-01
9.299662113189697266e-01
7.929047346115112305e-01
1.000000000000000000e+00
9.948590993881225586e-01
9.584984183311462402e-01
1.000000000000000000e+00
1.000000000000000000e+00
6.733177900314331055e-01
6.519051790237426758e-01
9.995816349983215332e-01
1.000000000000000000e+00
8.660055398941040039e-01
1.000000000000000000e+00
8.298688530921936035e-01
7.591313123703002930e-01
8.147203326225280762e-01
7.828602194786071777e-01
9.990001916885375977e-01
7.511553168296813965e-01
7.916609644889831543e-01
8.860266208648681641e-01
7.546992301940917969e-01
9.999997615814208984e-01
7.915958166122436523e-01
9.144894480705261230e-01
1.000000000000000000e+00
7.807605266571044922e-01
8.420550823211669922e-01
8.154996037483215332e-01
9.035223126411437988e-01
1.000000000000000000e+00
1.000000000000000000e+00
1.000000000000000000e+00
1.000000000000000000e+00
8.214963674545288086e-01
7.642492651939392090e-01
8.068390488624572754e-01
7.427115440368652344e-01
7.223877310752868652e-01
8.687325119972229004e-01
7.815536856651306152e-01
9.996632337570190430e-01
8.488099575042724609e-01
7.175265550613403320e-01
8.297228217124938965e-01
1.000000000000000000e+00
8.955857753753662109e-01
1.000000000000000000e+00
1.000000000000000000e+00
7.747236490249633789e-01
8.615690469741821289e-01
9.965614080429077148e-01
9.071674346923828125e-01
8.626184463500976562e-01
7.325011491775512695e-01
7.127937674522399902e-01
8.414973020553588867e-01
7.945594787597656250e-01
9.045132398605346680e-01
1.000000000000000000e+00
1.000000000000000000e+00
8.193331956863403320e-01
9.999075531959533691e-01
9.840903878211975098e-01
1.000000000000000000e+00
7.665180563926696777e-01
1.000000000000000000e+00
1.000000000000000000e+00
8.621774911880493164e-01
9.999136328697204590e-01
7.212846279144287109e-01
1.000000000000000000e+00
7.446050643920898438e-01
1.000000000000000000e+00
7.788836956024169922e-01
7.664729356765747070e-01
1.000000000000000000e+00
6.987934112548828125e-01
1.000000000000000000e+00
9.554969668388366699e-01
9.998511075973510742e-01
8.091303110122680664e-01
8.267053365707397461e-01
1.000000000000000000e+00
8.823963999748229980e-01
1.000000000000000000e+00
7.346843481063842773e-01
7.268457412719726562e-01
1.000000000000000000e+00
7.227510213851928711e-01
7.216287255287170410e-01
9.999948143959045410e-01
8.187322616577148438e-01
7.699203491210937500e-01
8.359107375144958496e-01
1.000000000000000000e+00
1.000000000000000000e+00
8.960675001144409180e-01
6.876391172409057617e-01
9.999897480010986328e-01
7.716504931449890137e-01
8.771498203277587891e-01
9.711061716079711914e-01
1.000000000000000000e+00
8.366987705230712891e-01
8.113287687301635742e-01
7.992678284645080566e-01
8.625040054321289062e-01
8.556404113769531250e-01
1.000000000000000000e+00
7.482839822769165039e-01
9.665036797523498535e-01
7.932558655738830566e-01
8.492381572723388672e-01
7.848407626152038574e-01
7.370418310165405273e-01
9.360412955284118652e-01
9.999940395355224609e-01
1.000000000000000000e+00
8.486406803131103516e-01
9.866972565650939941e-01
8.360670804977416992e-01
8.514998555183410645e-01
7.282581925392150879e-01
8.654965162277221680e-01
8.359658122062683105e-01
8.444444537162780762e-01
7.133762836456298828e-01
9.999922513961791992e-01
1.000000000000000000e+00
1.000000000000000000e+00
7.917924523353576660e-01
8.276445865631103516e-01
7.662878632545471191e-01
9.019801020622253418e-01
8.942541480064392090e-01
8.923584222793579102e-01
9.995626807212829590e-01
7.250003814697265625e-01
8.959515094757080078e-01
8.645527362823486328e-01
8.495995402336120605e-01
9.967228174209594727e-01
7.111741304397583008e-01
8.050832748413085938e-01
8.525098562240600586e-01
8.925814628601074219e-01
8.343657851219177246e-01
9.997886419296264648e-01
9.499275088310241699e-01
9.999529123306274414e-01
8.125001192092895508e-01
7.729315757751464844e-01
7.758378386497497559e-01
9.998383522033691406e-01
9.607996344566345215e-01
1.000000000000000000e+00
1.000000000000000000e+00
6.857174038887023926e-01
1.000000000000000000e+00
7.661849260330200195e-01
1.000000000000000000e+00
6.989977359771728516e-01
8.088639974594116211e-01
7.594304680824279785e-01
9.007769823074340820e-01
9.920445680618286133e-01
7.719610333442687988e-01
7.661824822425842285e-01
6.481659412384033203e-01
9.987815618515014648e-01
7.799344062805175781e-01
6.947626471519470215e-01
8.301487565040588379e-01
8.198930621147155762e-01
7.506608366966247559e-01
8.540196418762207031e-01
6.784071922302246094e-01
7.564773559570312500e-01
7.375185489654541016e-01
1.000000000000000000e+00
7.207270860671997070e-01
8.129088878631591797e-01
9.915280938148498535e-01
1.000000000000000000e+00
9.028432965278625488e-01
7.934076786041259766e-01
7.345684766769409180e-01
1.000000000000000000e+00
1.000000000000000000e+00
7.474115490913391113e-01
1.000000000000000000e+00
8.541786670684814453e-01
1.000000000000000000e+00
7.072043418884277344e-01
8.657670617103576660e-01
8.529558181762695312e-01
7.367005944252014160e-01
8.874059915542602539e-01
9.117113351821899414e-01
8.957695960998535156e-01
8.218515515327453613e-01
9.998813271522521973e-01
8.842840194702148438e-01
7.781633138656616211e-01
9.995611310005187988e-01
1.000000000000000000e+00
9.997143149375915527e-01
8.584018349647521973e-01
7.801663279533386230e-01
1.000000000000000000e+00
7.888540625572204590e-01
1.000000000000000000e+00
9.999712705612182617e-01
8.311908245086669922e-01
7.075186967849731445e-01
6.728460192680358887e-01
9.999997615814208984e-01
1.000000000000000000e+00
1.000000000000000000e+00
9.345925450325012207e-01
1.000000000000000000e+00
1.000000000000000000e+00
8.301584124565124512e-01
9.983342885971069336e-01
1.000000000000000000e+00
8.563205599784851074e-01
1.000000000000000000e+00
9.991118907928466797e-01
7.179743051528930664e-01
1.000000000000000000e+00
6.889487504959106445e-01
1.000000000000000000e+00
6.933145523071289062e-01
8.269712924957275391e-01
9.995233416557312012e-01
7.914244532585144043e-01
7.043315172195434570e-01
9.786917567253112793e-01
9.999708533287048340e-01
1.000000000000000000e+00
9.472505450248718262e-01
7.369146347045898438e-01
8.361620903015136719e-01
8.888605237007141113e-01
7.665044069290161133e-01
7.311156988143920898e-01
9.176356792449951172e-01
7.124674320220947266e-01
8.536162376403808594e-01
7.819917798042297363e-01
1.000000000000000000e+00
9.698823690414428711e-01
8.510893583297729492e-01
9.047651290893554688e-01
8.571254611015319824e-01
7.260581254959106445e-01
1.000000000000000000e+00
1.000000000000000000e+00
1.000000000000000000e+00
8.114790916442871094e-01
8.876277208328247070e-01
7.696210145950317383e-01
9.823219776153564453e-01
1.000000000000000000e+00
7.666693925857543945e-01
8.531553149223327637e-01
1.000000000000000000e+00
9.998909235000610352e-01
1.000000000000000000e+00
8.449798226356506348e-01
9.999964237213134766e-01
1.000000000000000000e+00
1.000000000000000000e+00
1.000000000000000000e+00
8.126510977745056152e-01
9.997826218605041504e-01
1.000000000000000000e+00
6.857807636260986328e-01
1.000000000000000000e+00
8.506776094436645508e-01
9.730094075202941895e-01
8.973150253295898438e-01
7.665917277336120605e-01
6.804708242416381836e-01
1.000000000000000000e+00
8.269898891448974609e-01
8.834825158119201660e-01
8.756629228591918945e-01
8.137782216072082520e-01
8.669904470443725586e-01
1.000000000000000000e+00
7.859606742858886719e-01
1.000000000000000000e+00
7.193845510482788086e-01
7.680706977844238281e-01
8.456171751022338867e-01
6.635409593582153320e-01
6.769058704376220703e-01
1.000000000000000000e+00
8.886297345161437988e-01
7.363919019699096680e-01
1.000000000000000000e+00
8.640950322151184082e-01
6.722980737686157227e-01
7.593120336532592773e-01
9.999786615371704102e-01
1.000000000000000000e+00
7.659270763397216797e-01
9.999998211860656738e-01
9.294022917747497559e-01
8.515267968177795410e-01
8.240482807159423828e-01
7.128972411155700684e-01
1.000000000000000000e+00
9.972910881042480469e-01
7.547231912612915039e-01
6.561301350593566895e-01
1.000000000000000000e+00
1.000000000000000000e+00
8.094167113304138184e-01
8.236810564994812012e-01
1.000000000000000000e+00
1.000000000000000000e+00
7.482196092605590820e-01
7.878584861755371094e-01
7.638256549835205078e-01
7.391093373298645020e-01
8.164154291152954102e-01
7.375467419624328613e-01
9.995418190956115723e-01
7.441805005073547363e-01
7.362614274024963379e-01
1.000000000000000000e+00
6.560093164443969727e-01
1.000000000000000000e+00
8.302837014198303223e-01
7.516419291496276855e-01
1.000000000000000000e+00
8.784212470054626465e-01
1.000000000000000000e+00
7.160468101501464844e-01
9.133970737457275391e-01
6.588982939720153809e-01
6.845436692237854004e-01
6.652420759201049805e-01
9.998425245285034180e-01
8.143153190612792969e-01
8.037258982658386230e-01
1.000000000000000000e+00
8.637033700942993164e-01
7.859076857566833496e-01
1.000000000000000000e+00
1.000000000000000000e+00
9.988168478012084961e-01
8.105717897415161133e-01
8.336991071701049805e-01
1.000000000000000000e+00
8.383796215057373047e-01
9.999644756317138672e-01
1.000000000000000000e+00
6.666401624679565430e-01
9.654195904731750488e-01
8.908658623695373535e-01
8.254894614219665527e-01
1.000000000000000000e+00
7.274782657623291016e-01
1.000000000000000000e+00
7.105307579040527344e-01
8.868640065193176270e-01
7.644021511077880859e-01
8.028414249420166016e-01
1.000000000000000000e+00
9.999996423721313477e-01
7.913502454757690430e-01
1.000000000000000000e+00
8.828805685043334961e-01
1.000000000000000000e+00
9.397858381271362305e-01
1.000000000000000000e+00
8.906692862510681152e-01
8.808223605155944824e-01
1.000000000000000000e+00
8.938013911247253418e-01
1.000000000000000000e+00
1.000000000000000000e+00
7.047318816184997559e-01
7.771324515342712402e-01
7.652891874313354492e-01
9.686915278434753418e-01
9.999998211860656738e-01
1.000000000000000000e+00
9.998313188552856445e-01
9.978222250938415527e-01
9.978041648864746094e-01
1.000000000000000000e+00
8.643401861190795898e-01
1.000000000000000000e+00
7.768504023551940918e-01
8.505588769912719727e-01
8.642879724502563477e-01
1.000000000000000000e+00
8.144757747650146484e-01
7.753726840019226074e-01
1.000000000000000000e+00
9.986186027526855469e-01
1.000000000000000000e+00
6.553595066070556641e-01
9.141274690628051758e-01
1.000000000000000000e+00
1.000000000000000000e+00
1.000000000000000000e+00
8.308199644088745117e-01
8.650755882263183594e-01
7.261102199554443359e-01
6.801022291183471680e-01
1.000000000000000000e+00
8.196178674697875977e-01
1.000000000000000000e+00
1.000000000000000000e+00
7.662257552146911621e-01
8.450294137001037598e-01
7.754818201065063477e-01
1.000000000000000000e+00
7.185306549072265625e-01
7.459437847137451172e-01
6.598316431045532227e-01
8.310912847518920898e-01
9.958700537681579590e-01
7.823946475982666016e-01
7.767767310142517090e-01
7.373927831649780273e-01
7.810580730438232422e-01
7.171772122383117676e-01
8.053076267242431641e-01
7.974796295166015625e-01
9.904006719589233398e-01
7.294902205467224121e-01
6.649467945098876953e-01
7.212003469467163086e-01
8.152830004692077637e-01
9.353650212287902832e-01
9.964331984519958496e-01
1.000000000000000000e+00
9.010966420173645020e-01
9.685190320014953613e-01
9.092255830764770508e-01
1.000000000000000000e+00
1.000000000000000000e+00
8.302192687988281250e-01
9.281035065650939941e-01
9.999951124191284180e-01
9.960259199142456055e-01
7.365598678588867188e-01
1.000000000000000000e+00
8.679064512252807617e-01
7.741017937660217285e-01
8.883793950080871582e-01
7.496126890182495117e-01
7.472077608108520508e-01
8.123987913131713867e-01
9.996005296707153320e-01
6.750325560569763184e-01
9.284300804138183594e-01
7.001008987426757812e-01
8.045777678489685059e-01
9.263978600502014160e-01
1.000000000000000000e+00
7.936567068099975586e-01
8.269087076187133789e-01
1.000000000000000000e+00
9.841077327728271484e-01
7.306218743324279785e-01
1.000000000000000000e+00
9.999693632125854492e-01
1.000000000000000000e+00
1.000000000000000000e+00
8.748183250427246094e-01
1.000000000000000000e+00
1.000000000000000000e+00
1.000000000000000000e+00
8.545146584510803223e-01
1.000000000000000000e+00
7.645727396011352539e-01
8.002953529357910156e-01
1.000000000000000000e+00
8.430956006050109863e-01
6.718542575836181641e-01
1.000000000000000000e+00
1.000000000000000000e+00
9.682717323303222656e-01
1.000000000000000000e+00
1.000000000000000000e+00
8.639922142028808594e-01
8.070735931396484375e-01
9.997237324714660645e-01
1.000000000000000000e+00
8.693657517433166504e-01
8.527655005455017090e-01
7.651532888412475586e-01
9.403885006904602051e-01
1.000000000000000000e+00
9.520949721336364746e-01
8.811775445938110352e-01
7.578868865966796875e-01
6.995770931243896484e-01
7.229088544845581055e-01
8.674938678741455078e-01
9.995604753494262695e-01
8.539545536041259766e-01
1.000000000000000000e+00
7.261623144149780273e-01
7.883187532424926758e-01
7.760087251663208008e-01
7.648088335990905762e-01
8.951485753059387207e-01
7.507146596908569336e-01
1.000000000000000000e+00
1.000000000000000000e+00
8.437023162841796875e-01
1.000000000000000000e+00
1.000000000000000000e+00
9.372839331626892090e-01
7.178199291229248047e-01
5.891108512878417969e-01
1.000000000000000000e+00
7.551932334899902344e-01
7.588334679603576660e-01
6.756801605224609375e-01
8.925293684005737305e-01
7.717660069465637207e-01
1.000000000000000000e+00
1.000000000000000000e+00
1.000000000000000000e+00
8.563387393951416016e-01
9.080489873886108398e-01
8.045381903648376465e-01
1.000000000000000000e+00
9.176554679870605469e-01
1.000000000000000000e+00
9.999630451202392578e-01
9.999998807907104492e-01
8.080404996871948242e-01
1.000000000000000000e+00
1.000000000000000000e+00
6.591522693634033203e-01
8.028501868247985840e-01
9.987154603004455566e-01
6.821086406707763672e-01
7.807990312576293945e-01
7.136042118072509766e-01
7.533584833145141602e-01
7.311931848526000977e-01
1.000000000000000000e+00
8.819887042045593262e-01
8.680444359779357910e-01
1.000000000000000000e+00
8.604071140289306641e-01
8.980468511581420898e-01
9.875881075859069824e-01
7.839466333389282227e-01
8.321733474731445312e-01
7.156326770782470703e-01
7.543406486511230469e-01
9.998617172241210938e-01
7.660065293312072754e-01
7.838757038116455078e-01
6.816953420639038086e-01
6.890911459922790527e-01
7.168827056884765625e-01
6.116887927055358887e-01
1.000000000000000000e+00
8.628093600273132324e-01
7.599826455116271973e-01
7.232989072799682617e-01
7.601542472839355469e-01
9.147694706916809082e-01
7.067373991012573242e-01
1.000000000000000000e+00
1.000000000000000000e+00
7.211054563522338867e-01
1.000000000000000000e+00
7.849503159523010254e-01
1.000000000000000000e+00
1.000000000000000000e+00
9.998494982719421387e-01
9.267078042030334473e-01
1.000000000000000000e+00
8.707024455070495605e-01
1.000000000000000000e+00
6.797124147415161133e-01
1.000000000000000000e+00
1.000000000000000000e+00
9.993196725845336914e-01
1.000000000000000000e+00
7.380919456481933594e-01
1.000000000000000000e+00
8.144431114196777344e-01
9.973629117012023926e-01
8.663157820701599121e-01
9.993096590042114258e-01
1.000000000000000000e+00
1.000000000000000000e+00
9.190862774848937988e-01
7.966012954711914062e-01
8.291825056076049805e-01
1.000000000000000000e+00
1.000000000000000000e+00
8.055608272552490234e-01
1.000000000000000000e+00
1.000000000000000000e+00
7.791528701782226562e-01
1.000000000000000000e+00
7.989020347595214844e-01
1.000000000000000000e+00
9.200403094291687012e-01
1.000000000000000000e+00
8.733906745910644531e-01
8.782882690429687500e-01
7.255594134330749512e-01
8.462666869163513184e-01
1.000000000000000000e+00
1.000000000000000000e+00
7.920912504196166992e-01
8.156450986862182617e-01
8.648620843887329102e-01
9.218367934226989746e-01
7.040117979049682617e-01
8.631306290626525879e-01
8.134040236473083496e-01
1.000000000000000000e+00
1.000000000000000000e+00
1.000000000000000000e+00
1.000000000000000000e+00
7.063017487525939941e-01
1.000000000000000000e+00
6.455131769180297852e-01
9.159047603607177734e-01
9.999899268150329590e-01
9.019795060157775879e-01
1.000000000000000000e+00
1.000000000000000000e+00
9.684387445449829102e-01
9.997502565383911133e-01
9.997044205665588379e-01
1.000000000000000000e+00
1.000000000000000000e+00
7.239000797271728516e-01
9.999567866325378418e-01
9.008052349090576172e-01
8.656544089317321777e-01
9.017165899276733398e-01
1.000000000000000000e+00
7.897546887397766113e-01
9.999790787696838379e-01
8.248606920242309570e-01
1.000000000000000000e+00
9.724982976913452148e-01
8.214052915573120117e-01
1.000000000000000000e+00
8.627879023551940918e-01
9.998836517333984375e-01
1.000000000000000000e+00
9.997285008430480957e-01
7.461328506469726562e-01
6.989189386367797852e-01
6.821488142013549805e-01
7.564580440521240234e-01
9.986618161201477051e-01
6.619453430175781250e-01
9.425901174545288086e-01
6.729839444160461426e-01
8.226841688156127930e-01
9.288296103477478027e-01
1.000000000000000000e+00
7.110853195190429688e-01
6.932998895645141602e-01
8.631327152252197266e-01
8.276339173316955566e-01
9.200751185417175293e-01
1.000000000000000000e+00
6.602970361709594727e-01
9.999446868896484375e-01
7.712769508361816406e-01
6.917210221290588379e-01
9.592447876930236816e-01
7.553455829620361328e-01
6.392858624458312988e-01
9.992852807044982910e-01
6.499615311622619629e-01
6.855860948562622070e-01
1.000000000000000000e+00
7.996060848236083984e-01
7.148550748825073242e-01
1.000000000000000000e+00
6.993373632431030273e-01
1.000000000000000000e+00
9.920733571052551270e-01
7.839273214340209961e-01
1.000000000000000000e+00
1.000000000000000000e+00
9.690445661544799805e-01
9.998000264167785645e-01
1.000000000000000000e+00
6.576436758041381836e-01
1.000000000000000000e+00
8.614403605461120605e-01
9.002826213836669922e-01
7.805819511413574219e-01
7.150492668151855469e-01
7.861753106117248535e-01
7.556079030036926270e-01
1.000000000000000000e+00
1.000000000000000000e+00
7.633634805679321289e-01
1.000000000000000000e+00
9.974056482315063477e-01
9.967844486236572266e-01
9.996470808982849121e-01
8.577293157577514648e-01
7.722762823104858398e-01
1.000000000000000000e+00
9.856693744659423828e-01
7.278931140899658203e-01
9.802808761596679688e-01
1.000000000000000000e+00
9.996129870414733887e-01
8.279030919075012207e-01
9.426568150520324707e-01
8.310992121696472168e-01
7.853097319602966309e-01
8.800551891326904297e-01
1.000000000000000000e+00
1.000000000000000000e+00
1.000000000000000000e+00
7.762346863746643066e-01
1.000000000000000000e+00
1.000000000000000000e+00
1.000000000000000000e+00
7.392890453338623047e-01
7.366228699684143066e-01
8.938648700714111328e-01
7.837656140327453613e-01
7.803774476051330566e-01
1.000000000000000000e+00
8.348810672760009766e-01
7.877284884452819824e-01
9.356604814529418945e-01
7.415515184402465820e-01
9.999713897705078125e-01
1.000000000000000000e+00
9.138826727867126465e-01
5.852721929550170898e-01
7.255836725234985352e-01
1.000000000000000000e+00
9.106345176696777344e-01
9.176861047744750977e-01
9.999007582664489746e-01
9.995966553688049316e-01
7.674833536148071289e-01
1.000000000000000000e+00
9.999745488166809082e-01
7.619309425354003906e-01
1.000000000000000000e+00
6.945732235908508301e-01
1.000000000000000000e+00
8.747444152832031250e-01
1.000000000000000000e+00
9.767009615898132324e-01
8.353028893470764160e-01
7.413680553436279297e-01
1.000000000000000000e+00
7.112753391265869141e-01
7.511365413665771484e-01
8.938301205635070801e-01
1.000000000000000000e+00
1.000000000000000000e+00
8.845372200012207031e-01
1.000000000000000000e+00
8.718662261962890625e-01
7.170196771621704102e-01
7.793959379196166992e-01
7.881898283958435059e-01
7.733999490737915039e-01
9.057287573814392090e-01
6.642881631851196289e-01
6.645896434783935547e-01
9.975666403770446777e-01
1.000000000000000000e+00
1.000000000000000000e+00
1.000000000000000000e+00
9.023348689079284668e-01
8.146398663520812988e-01
6.755028963088989258e-01
6.770399808883666992e-01
1.000000000000000000e+00
9.990167617797851562e-01
6.034063100814819336e-01
1.000000000000000000e+00
6.820423603057861328e-01
6.569027900695800781e-01
7.168706655502319336e-01
6.684415340423583984e-01
1.000000000000000000e+00
1.000000000000000000e+00
1.000000000000000000e+00
7.421452999114990234e-01
8.267791867256164551e-01
9.908108711242675781e-01
6.620700955390930176e-01
7.079836130142211914e-01
8.355607390403747559e-01
7.991727590560913086e-01
9.995672702789306641e-01
7.307450771331787109e-01
7.684146165847778320e-01
8.035205006599426270e-01
7.676486968994140625e-01
7.213287949562072754e-01
1.000000000000000000e+00
1.000000000000000000e+00
9.256346821784973145e-01
6.484378576278686523e-01
8.423267602920532227e-01
8.762970566749572754e-01
9.999978542327880859e-01
7.275439500808715820e-01
1.000000000000000000e+00
9.696868658065795898e-01
7.340485453605651855e-01
6.269657611846923828e-01
1.000000000000000000e+00
7.763462066650390625e-01
1.000000000000000000e+00
6.995755434036254883e-01
9.999382495880126953e-01
8.601625561714172363e-01
9.379822611808776855e-01
6.170506477355957031e-01
8.636013269424438477e-01
7.935824990272521973e-01
7.746689915657043457e-01
1.000000000000000000e+00
7.700227499008178711e-01
1.000000000000000000e+00
8.066523075103759766e-01
8.519540429115295410e-01
1.000000000000000000e+00
9.998800158500671387e-01
1.000000000000000000e+00
8.807303905487060547e-01
8.616981506347656250e-01
7.284426689147949219e-01
7.842805385589599609e-01
8.296819925308227539e-01
1.000000000000000000e+00
7.976719737052917480e-01
1.000000000000000000e+00
1.000000000000000000e+00
7.580949068069458008e-01
6.900576353073120117e-01
8.545225858688354492e-01
1.000000000000000000e+00
1.000000000000000000e+00
8.714202046394348145e-01
8.176254630088806152e-01
9.984128475189208984e-01
7.849000096321105957e-01
7.640059590339660645e-01
8.902850151062011719e-01
1.000000000000000000e+00
8.787739872932434082e-01
6.353400945663452148e-01
7.605260610580444336e-01
7.073173522949218750e-01
8.081855773925781250e-01
7.119584083557128906e-01
1.000000000000000000e+00
6.585750579833984375e-01
9.990358352661132812e-01
8.283318877220153809e-01
8.187049031257629395e-01
9.907685518264770508e-01
8.465292453765869141e-01
8.176580667495727539e-01
8.814079761505126953e-01
6.918589472770690918e-01
6.484860181808471680e-01
9.937784075736999512e-01
6.477296352386474609e-01
9.194114208221435547e-01
7.950769662857055664e-01
1.000000000000000000e+00
9.296692013740539551e-01
7.121469974517822266e-01
7.972580194473266602e-01
8.602216243743896484e-01
6.206628084182739258e-01
9.142295122146606445e-01
1.000000000000000000e+00
1.000000000000000000e+00
1.000000000000000000e+00
7.614085674285888672e-01
7.740030288696289062e-01
6.244588494300842285e-01
8.782230615615844727e-01
1.000000000000000000e+00
9.953605532646179199e-01
8.215372562408447266e-01
1.000000000000000000e+00
1.000000000000000000e+00
8.465803861618041992e-01
8.725456595420837402e-01
1.000000000000000000e+00
9.209439158439636230e-01
9.607131481170654297e-01
8.466855883598327637e-01
8.479574322700500488e-01
6.629180908203125000e-01
8.523564338684082031e-01
9.300366640090942383e-01
1.000000000000000000e+00
8.911462426185607910e-01
7.985510826110839844e-01
1.000000000000000000e+00
7.732503414154052734e-01
8.321787118911743164e-01
9.383955001831054688e-01
9.941802024841308594e-01
1.000000000000000000e+00
9.835342168807983398e-01
8.658859729766845703e-01
6.170276999473571777e-01
8.045414686203002930e-01
8.545877933502197266e-01
6.676673889160156250e-01
9.998129010200500488e-01
9.999997615814208984e-01
6.954411268234252930e-01
1.000000000000000000e+00
7.787247896194458008e-01
8.765813708305358887e-01
9.771420359611511230e-01
7.917071580886840820e-01
8.899207711219787598e-01
1.000000000000000000e+00
8.321220874786376953e-01
8.904237151145935059e-01
1.000000000000000000e+00
7.315999269485473633e-01
1.000000000000000000e+00
1.000000000000000000e+00
9.132508635520935059e-01
7.002451419830322266e-01
1.000000000000000000e+00
1.000000000000000000e+00
7.413473129272460938e-01
7.287859916687011719e-01
9.675480127334594727e-01
7.029603719711303711e-01
7.599413394927978516e-01
9.999757409095764160e-01
9.993948936462402344e-01
9.397714734077453613e-01
9.993422627449035645e-01
8.700944185256958008e-01
8.475221991539001465e-01
1.000000000000000000e+00
7.550837397575378418e-01
1.000000000000000000e+00
8.714473843574523926e-01
8.956522345542907715e-01
8.697491884231567383e-01
6.968125104904174805e-01
1.000000000000000000e+00
7.470861673355102539e-01
7.938544750213623047e-01
7.475360631942749023e-01
1.000000000000000000e+00
7.365589141845703125e-01
7.070901989936828613e-01
1.000000000000000000e+00
5.711599588394165039e-01
6.256525516510009766e-01
9.998810887336730957e-01
7.413656711578369141e-01
1.000000000000000000e+00
8.724451065063476562e-01
8.457381129264831543e-01
9.970859289169311523e-01
8.471072912216186523e-01
1.000000000000000000e+00
7.359579801559448242e-01
6.251503825187683105e-01
9.996696710586547852e-01
6.646451950073242188e-01
9.354969859123229980e-01
5.624959468841552734e-01
5.567125082015991211e-01
9.712067246437072754e-01
1.000000000000000000e+00
9.774039983749389648e-01
7.176548242568969727e-01
8.122086524963378906e-01
6.776718497276306152e-01
7.251271009445190430e-01
1.000000000000000000e+00
1.000000000000000000e+00
1.000000000000000000e+00
1.000000000000000000e+00
7.083120942115783691e-01
6.545833349227905273e-01
7.204555273056030273e-01
9.408200383186340332e-01
6.128909587860107422e-01
9.999974370002746582e-01
8.252621889114379883e-01
8.512051105499267578e-01
1.000000000000000000e+00
7.569155693054199219e-01
9.526932239532470703e-01
7.651847600936889648e-01
8.524612188339233398e-01
9.300416707992553711e-01
6.921256780624389648e-01
9.999099969863891602e-01
6.829115152359008789e-01
7.076567411422729492e-01
8.496711254119873047e-01
8.387606143951416016e-01
8.104476928710937500e-01
1.000000000000000000e+00
9.999831318855285645e-01
7.072951793670654297e-01
9.991996288299560547e-01
8.159345388412475586e-01
7.265981435775756836e-01
8.504725098609924316e-01
1.000000000000000000e+00
7.092055678367614746e-01
1.000000000000000000e+00
1.000000000000000000e+00
9.449244141578674316e-01
7.204276323318481445e-01
7.246025800704956055e-01
8.471128940582275391e-01
8.719738721847534180e-01
7.196950316429138184e-01
6.835865974426269531e-01
6.137030124664306641e-01
6.080553531646728516e-01
9.225459694862365723e-01
9.626235961914062500e-01
1.000000000000000000e+00
9.196935296058654785e-01
6.931524276733398438e-01
1.000000000000000000e+00
8.766078352928161621e-01
6.362125873565673828e-01
8.517829179763793945e-01
9.652489423751831055e-01
6.633397936820983887e-01
9.381753206253051758e-01
1.000000000000000000e+00
7.776455283164978027e-01
7.702488899230957031e-01
1.000000000000000000e+00
1.000000000000000000e+00
8.214692473411560059e-01
1.000000000000000000e+00
8.895196318626403809e-01
1.000000000000000000e+00
1.000000000000000000e+00
1.000000000000000000e+00
7.733129262924194336e-01
8.199446797370910645e-01
1.000000000000000000e+00
9.999785423278808594e-01
9.688557386398315430e-01
1.000000000000000000e+00
8.215781450271606445e-01
9.987886548042297363e-01
8.417627215385437012e-01
6.908392310142517090e-01
7.354040145874023438e-01
1.000000000000000000e+00
1.000000000000000000e+00
1.000000000000000000e+00
9.994859695434570312e-01
7.901517748832702637e-01
1.000000000000000000e+00
1.000000000000000000e+00
1.000000000000000000e+00
8.195116519927978516e-01
7.509106993675231934e-01
7.188384532928466797e-01
1.000000000000000000e+00
6.958844661712646484e-01
9.998746514320373535e-01
7.021702527999877930e-01
6.448191404342651367e-01
9.996147155761718750e-01
1.000000000000000000e+00
9.296218156814575195e-01
9.266301393508911133e-01
9.944029450416564941e-01
9.605148434638977051e-01
9.999946355819702148e-01
8.498561382293701172e-01
7.202386856079101562e-01
1.000000000000000000e+00
8.422999382019042969e-01
9.221553802490234375e-01
8.064867854118347168e-01
1.000000000000000000e+00
7.482258677482604980e-01
6.064004302024841309e-01
1.000000000000000000e+00
6.540262103080749512e-01
9.596651196479797363e-01
7.019593715667724609e-01
1.000000000000000000e+00
8.008433580398559570e-01
1.000000000000000000e+00
7.284361720085144043e-01
9.999881982803344727e-01
9.999994039535522461e-01
8.840773105621337891e-01
1.000000000000000000e+00
1.000000000000000000e+00
9.999929070472717285e-01
6.540386080741882324e-01
1.000000000000000000e+00
9.842270016670227051e-01
7.408673763275146484e-01
7.211346626281738281e-01
9.994249343872070312e-01
1.000000000000000000e+00
1.000000000000000000e+00
6.929999589920043945e-01
1.000000000000000000e+00
1.000000000000000000e+00
8.707374334335327148e-01
7.998338341712951660e-01
1.000000000000000000e+00
1.000000000000000000e+00
8.134195804595947266e-01
9.999618530273437500e-01
8.055487871170043945e-01
8.687757253646850586e-01
1.000000000000000000e+00
8.598051667213439941e-01
1.000000000000000000e+00
8.314373493194580078e-01
1.000000000000000000e+00
7.599034309387207031e-01
1.000000000000000000e+00
1.000000000000000000e+00
8.168120384216308594e-01
7.026464939117431641e-01
7.031894326210021973e-01
7.739878296852111816e-01
9.584259986877441406e-01
1.000000000000000000e+00
1.000000000000000000e+00
1.000000000000000000e+00
1.000000000000000000e+00
1.000000000000000000e+00
8.196219205856323242e-01
1.000000000000000000e+00
6.615425348281860352e-01
1.000000000000000000e+00
8.956086039543151855e-01
6.638988852500915527e-01
1.000000000000000000e+00
1.000000000000000000e+00
7.971575260162353516e-01
9.998306035995483398e-01
1.000000000000000000e+00
9.155247807502746582e-01
1.000000000000000000e+00
7.619693875312805176e-01
8.234385848045349121e-01
6.599557995796203613e-01
9.994186162948608398e-01
6.702936291694641113e-01
6.485987901687622070e-01
9.999136328697204590e-01
9.995129108428955078e-01
9.952455163002014160e-01
9.712611436843872070e-01
7.506931424140930176e-01
1.000000000000000000e+00
9.993260502815246582e-01
9.993484020233154297e-01
7.060419321060180664e-01
6.330690383911132812e-01
1.000000000000000000e+00
8.474730253219604492e-01
7.037509083747863770e-01
8.348704576492309570e-01
9.013798832893371582e-01
7.819274067878723145e-01
6.020051240921020508e-01
6.779894828796386719e-01
8.176889419555664062e-01
7.357886433601379395e-01
1.000000000000000000e+00
1.000000000000000000e+00
1.000000000000000000e+00
8.009285926818847656e-01
9.999894499778747559e-01
9.955064654350280762e-01
6.687318682670593262e-01
6.460339426994323730e-01
7.738162279129028320e-01
8.592394590377807617e-01
8.273768424987792969e-01
9.576313495635986328e-01
1.000000000000000000e+00
6.499409675598144531e-01
9.937784075736999512e-01
1.000000000000000000e+00
1.000000000000000000e+00
9.020743966102600098e-01
7.251968979835510254e-01
8.049875497817993164e-01
8.671462535858154297e-01
1.000000000000000000e+00
1.000000000000000000e+00
9.999991059303283691e-01
1.000000000000000000e+00
1.000000000000000000e+00
7.669752836227416992e-01
7.481334209442138672e-01
1.000000000000000000e+00
9.999150037765502930e-01
1.000000000000000000e+00
8.175752162933349609e-01
7.316770553588867188e-01
9.996629357337951660e-01
1.000000000000000000e+00
1.000000000000000000e+00
7.138352990150451660e-01
1.000000000000000000e+00
1.000000000000000000e+00
9.984835982322692871e-01
7.167518734931945801e-01
1.000000000000000000e+00
1.000000000000000000e+00
1.000000000000000000e+00
8.879287838935852051e-01
1.000000000000000000e+00
1.000000000000000000e+00
7.256683111190795898e-01
7.737729549407958984e-01
9.999999403953552246e-01
8.210537433624267578e-01
9.986776113510131836e-01
7.468351125717163086e-01
8.360744714736938477e-01
7.422387599945068359e-01
6.744434833526611328e-01
8.487371206283569336e-01
6.356255412101745605e-01
6.705554723739624023e-01
6.023553609848022461e-01
8.468005061149597168e-01
1.000000000000000000e+00
1.000000000000000000e+00
7.251463532447814941e-01
8.830291032791137695e-01
1.000000000000000000e+00
7.034808397293090820e-01
1.000000000000000000e+00
9.971055388450622559e-01
6.968177556991577148e-01
5.909481048583984375e-01
8.830707669258117676e-01
9.383121132850646973e-01
1.000000000000000000e+00
7.482622861862182617e-01
1.000000000000000000e+00
6.090235710144042969e-01
6.830722093582153320e-01
1.000000000000000000e+00
8.750357031822204590e-01
8.090703487396240234e-01
1.000000000000000000e+00
6.836981773376464844e-01
9.809647202491760254e-01
5.969939231872558594e-01
1.000000000000000000e+00
7.817510962486267090e-01
1.000000000000000000e+00
7.720583081245422363e-01
7.552236318588256836e-01
8.796202540397644043e-01
1.000000000000000000e+00
9.999993443489074707e-01
7.961931228637695312e-01
8.124386668205261230e-01
1.000000000000000000e+00
8.037669658660888672e-01
6.271679997444152832e-01
6.923668384552001953e-01
5.208807587623596191e-01
7.954473495483398438e-01
7.673662304878234863e-01
1.000000000000000000e+00
1.000000000000000000e+00
9.775438308715820312e-01
9.997951984405517578e-01
7.065464258193969727e-01
9.893988966941833496e-01
7.526270151138305664e-01
1.000000000000000000e+00
1.000000000000000000e+00
9.380047917366027832e-01
9.997821450233459473e-01
1.000000000000000000e+00
7.719172239303588867e-01
9.999977946281433105e-01
1.000000000000000000e+00
7.344201803207397461e-01
1.000000000000000000e+00
9.999240040779113770e-01
8.633695840835571289e-01
1.000000000000000000e+00
9.997594356536865234e-01
9.981828927993774414e-01
7.981833219528198242e-01
7.998836040496826172e-01
1.000000000000000000e+00
7.223509550094604492e-01
7.115120291709899902e-01
1.000000000000000000e+00
6.838594675064086914e-01
6.051743030548095703e-01
7.789798378944396973e-01
6.685115694999694824e-01
6.495617628097534180e-01
8.282140493392944336e-01
9.989216327667236328e-01
8.179562687873840332e-01
9.976883530616760254e-01
8.825203776359558105e-01
6.855196952819824219e-01
9.665998220443725586e-01
6.865457892417907715e-01
9.730750322341918945e-01
7.284008264541625977e-01
9.997856616973876953e-01
6.878037452697753906e-01
6.944292783737182617e-01
7.076694965362548828e-01
7.988079786300659180e-01
7.602961659431457520e-01
1.000000000000000000e+00
8.937013149261474609e-01
1.000000000000000000e+00
7.136648297309875488e-01
5.513383150100708008e-01
6.992130875587463379e-01
7.539802193641662598e-01
1.000000000000000000e+00
7.790240049362182617e-01
1.000000000000000000e+00
9.999958276748657227e-01
1.000000000000000000e+00
8.053663372993469238e-01
7.852964997291564941e-01
9.938607811927795410e-01
6.663151979446411133e-01
9.250575304031372070e-01
1.000000000000000000e+00
7.889680862426757812e-01
9.989223480224609375e-01
8.817870616912841797e-01
8.103656768798828125e-01
1.000000000000000000e+00
9.356108903884887695e-01
8.734468221664428711e-01
7.109886407852172852e-01
1.000000000000000000e+00
7.816733121871948242e-01
1.000000000000000000e+00
7.788891792297363281e-01
7.931382656097412109e-01
9.994197487831115723e-01
1.000000000000000000e+00
9.935418367385864258e-01
9.668981432914733887e-01
8.282158970832824707e-01
8.019368052482604980e-01
6.949917078018188477e-01
5.813812017440795898e-01
6.597077846527099609e-01
8.041518330574035645e-01
8.732582926750183105e-01
8.307651281356811523e-01
1.000000000000000000e+00
9.734926223754882812e-01
8.656795620918273926e-01
1.000000000000000000e+00
1.000000000000000000e+00
1.000000000000000000e+00
6.941691637039184570e-01
1.000000000000000000e+00
1.000000000000000000e+00
9.878565073013305664e-01
1.000000000000000000e+00
1.000000000000000000e+00
1.000000000000000000e+00
6.522731781005859375e-01
1.000000000000000000e+00
5.991815328598022461e-01
6.931387186050415039e-01
1.000000000000000000e+00
1.000000000000000000e+00
6.063672304153442383e-01
7.897457480430603027e-01
1.000000000000000000e+00
1.000000000000000000e+00
1.000000000000000000e+00
9.590942859649658203e-01
6.494324207305908203e-01
9.204608201980590820e-01
8.093774318695068359e-01
9.855983853340148926e-01
1.000000000000000000e+00
8.692517280578613281e-01
1.000000000000000000e+00
8.952674865722656250e-01
7.475589513778686523e-01
1.000000000000000000e+00
1.000000000000000000e+00
8.571004271507263184e-01
8.868617415428161621e-01
7.509167194366455078e-01
6.296396255493164062e-01
9.380454421043395996e-01
7.748809456825256348e-01
8.864641785621643066e-01
1.000000000000000000e+00
1.000000000000000000e+00
9.998298883438110352e-01
6.920772194862365723e-01
1.000000000000000000e+00
1.000000000000000000e+00
9.540632367134094238e-01
9.999665617942810059e-01
6.229496002197265625e-01
9.999943971633911133e-01
6.964401006698608398e-01
7.604719400405883789e-01
1.000000000000000000e+00
8.613945841789245605e-01
9.325283765792846680e-01
6.493233442306518555e-01
7.626905441284179688e-01
6.214596033096313477e-01
8.135126233100891113e-01
6.354861855506896973e-01
9.999462366104125977e-01
7.602857947349548340e-01
9.999467730522155762e-01
8.646583557128906250e-01
6.190134286880493164e-01
1.000000000000000000e+00
8.176674842834472656e-01
8.628107309341430664e-01
5.763051509857177734e-01
7.374376058578491211e-01
9.353881478309631348e-01
9.761883616447448730e-01
8.414769172668457031e-01
7.686159014701843262e-01
1.000000000000000000e+00
8.799220919609069824e-01
7.033234834671020508e-01
9.756772518157958984e-01
9.605439901351928711e-01
1.000000000000000000e+00
7.593257427215576172e-01
7.388244867324829102e-01
9.999243617057800293e-01
6.369844675064086914e-01
1.000000000000000000e+00
9.009381532669067383e-01
6.910907030105590820e-01
7.268841266632080078e-01
1.000000000000000000e+00
8.322477340698242188e-01
7.886806130409240723e-01
7.923753261566162109e-01
9.999998807907104492e-01
9.163503646850585938e-01
6.741998195648193359e-01
7.110760211944580078e-01
9.683747887611389160e-01
7.354167699813842773e-01
8.951569795608520508e-01
6.950570344924926758e-01
1.000000000000000000e+00
1.000000000000000000e+00
7.343389391899108887e-01
9.366052150726318359e-01
7.124501466751098633e-01
7.599130868911743164e-01
1.000000000000000000e+00
7.407575845718383789e-01
9.998434185981750488e-01
1.000000000000000000e+00
1.000000000000000000e+00
1.000000000000000000e+00
7.257478237152099609e-01
6.024386286735534668e-01
1.000000000000000000e+00
6.012856364250183105e-01
1.000000000000000000e+00
6.630100011825561523e-01
6.922293901443481445e-01
6.585048437118530273e-01
6.269778609275817871e-01
8.461625576019287109e-01
1.000000000000000000e+00
1.000000000000000000e+00
7.829474806785583496e-01
1.000000000000000000e+00
6.436067223548889160e-01
7.190504074096679688e-01
7.761374711990356445e-01
1.000000000000000000e+00
1.000000000000000000e+00
7.153987288475036621e-01
1.000000000000000000e+00
6.594394445419311523e-01
1.000000000000000000e+00
5.653164386749267578e-01
9.317717552185058594e-01
9.999283552169799805e-01
6.042859554290771484e-01
1.000000000000000000e+00
1.000000000000000000e+00
5.257558226585388184e-01
1.000000000000000000e+00
7.305853962898254395e-01
9.447026252746582031e-01
7.079865336418151855e-01
9.471030235290527344e-01
8.047641515731811523e-01
6.050870418548583984e-01
6.174167990684509277e-01
8.091271519660949707e-01
7.254811525344848633e-01
7.634825706481933594e-01
8.897906541824340820e-01
7.376701831817626953e-01
6.725742816925048828e-01
1.000000000000000000e+00
1.000000000000000000e+00
1.000000000000000000e+00
8.450358510017395020e-01
1.000000000000000000e+00
7.987177371978759766e-01
7.966544628143310547e-01
1.000000000000000000e+00
1.000000000000000000e+00
9.998831152915954590e-01
9.302169680595397949e-01
9.568115472793579102e-01
5.580688118934631348e-01
7.640926837921142578e-01
7.141513824462890625e-01
9.780149459838867188e-01
8.949556946754455566e-01
7.424395084381103516e-01
1.000000000000000000e+00
5.174593925476074219e-01
1.000000000000000000e+00
7.405134439468383789e-01
1.000000000000000000e+00
1.000000000000000000e+00
7.820122838020324707e-01
7.370434999465942383e-01
7.046858072280883789e-01
9.115858078002929688e-01
8.424924612045288086e-01
6.549780368804931641e-01
5.576297640800476074e-01
1.000000000000000000e+00
9.560402631759643555e-01
9.935099482536315918e-01
1.000000000000000000e+00
6.680179834365844727e-01
8.056674003601074219e-01
1.000000000000000000e+00
8.665686845779418945e-01
1.000000000000000000e+00
6.395622491836547852e-01
9.342808127403259277e-01
7.476680278778076172e-01
9.116434454917907715e-01
7.895952463150024414e-01
1.000000000000000000e+00
9.178558588027954102e-01
9.131193161010742188e-01
7.649563550949096680e-01
8.289457559585571289e-01
8.543978929519653320e-01
8.894010782241821289e-01
8.349097967147827148e-01
7.466360330581665039e-01
7.218343019485473633e-01
1.000000000000000000e+00
8.824196457862854004e-01
9.999997019767761230e-01
8.577836751937866211e-01
7.600324153900146484e-01
6.583577394485473633e-01
9.998130202293395996e-01
7.959119677543640137e-01
6.946336030960083008e-01
1.000000000000000000e+00
9.323490858078002930e-01
9.531986117362976074e-01
1.000000000000000000e+00
9.587641954421997070e-01
5.859501361846923828e-01
1.000000000000000000e+00
9.997605085372924805e-01
1.000000000000000000e+00
6.636935472488403320e-01
9.131439924240112305e-01
1.000000000000000000e+00
8.276369571685791016e-01
6.631523370742797852e-01
9.991469383239746094e-01
8.348522186279296875e-01
7.555134296417236328e-01
1.000000000000000000e+00
7.709643244743347168e-01
1.000000000000000000e+00
9.709687829017639160e-01
7.879160642623901367e-01
9.578783512115478516e-01
1.000000000000000000e+00
6.910249590873718262e-01
9.973616600036621094e-01
8.198673725128173828e-01
9.993715286254882812e-01
1.000000000000000000e+00
6.722885370254516602e-01
1.000000000000000000e+00
6.274483203887939453e-01
9.400612115859985352e-01
6.409935951232910156e-01
1.000000000000000000e+00
7.903838157653808594e-01
1.000000000000000000e+00
5.863646268844604492e-01
1.000000000000000000e+00
8.476915359497070312e-01
1.000000000000000000e+00
9.086329340934753418e-01
7.903745770454406738e-01
8.542708158493041992e-01
8.659768104553222656e-01
7.719258666038513184e-01
6.391637325286865234e-01
1.000000000000000000e+00
8.031920790672302246e-01
1.000000000000000000e+00
1.000000000000000000e+00
7.150716781616210938e-01
7.248449325561523438e-01
1.000000000000000000e+00
7.397735118865966797e-01
8.595545887947082520e-01
1.000000000000000000e+00
7.643488049507141113e-01
1.000000000000000000e+00
9.497364163398742676e-01
7.380945682525634766e-01
7.089662551879882812e-01
7.639358639717102051e-01
9.998816251754760742e-01
1.000000000000000000e+00
9.254735708236694336e-01
1.000000000000000000e+00
9.998107552528381348e-01
1.000000000000000000e+00
7.660335898399353027e-01
9.994166493415832520e-01
7.518454790115356445e-01
7.424076199531555176e-01
7.813133597373962402e-01
1.000000000000000000e+00
1.000000000000000000e+00
5.734131336212158203e-01
1.000000000000000000e+00
8.366376161575317383e-01
7.174512147903442383e-01
9.114990234375000000e-01
7.204744219779968262e-01
9.872773289680480957e-01
1.000000000000000000e+00
7.460231781005859375e-01
9.263281822204589844e-01
6.787128448486328125e-01
6.691657304763793945e-01
1.000000000000000000e+00
1.000000000000000000e+00
1.000000000000000000e+00
5.656259059906005859e-01
8.585852980613708496e-01
9.998028278350830078e-01
7.180904150009155273e-01
9.994529485702514648e-01
9.999301433563232422e-01
9.711002111434936523e-01
1.000000000000000000e+00
7.442970871925354004e-01
6.162827014923095703e-01
9.989214539527893066e-01
7.923322319984436035e-01
1.000000000000000000e+00
6.781113743782043457e-01
9.996897578239440918e-01
8.012873530387878418e-01
7.017537951469421387e-01
8.608549833297729492e-01
1.000000000000000000e+00
9.941504597663879395e-01
7.011140584945678711e-01
1.000000000000000000e+00
6.679651141166687012e-01
6.635658740997314453e-01
8.866333365440368652e-01
1.000000000000000000e+00
7.925335168838500977e-01
7.327099442481994629e-01
9.600898027420043945e-01
1.000000000000000000e+00
9.146753549575805664e-01
8.170184493064880371e-01
1.000000000000000000e+00
9.687270522117614746e-01
6.476126909255981445e-01
8.822215795516967773e-01
7.571141123771667480e-01
7.106052041053771973e-01
8.358108997344970703e-01
7.727304697036743164e-01
8.157776594161987305e-01
9.999986290931701660e-01
1.000000000000000000e+00
8.319977521896362305e-01
8.177643418312072754e-01
8.580130934715270996e-01
7.415996193885803223e-01
1.000000000000000000e+00
1.000000000000000000e+00
9.999173283576965332e-01
9.935213327407836914e-01
9.999472498893737793e-01
1.000000000000000000e+00
8.393998742103576660e-01
6.078488826751708984e-01
1.000000000000000000e+00
1.000000000000000000e+00
8.699738979339599609e-01
9.126833677291870117e-01
6.474047899246215820e-01
7.907051444053649902e-01
5.911123752593994141e-01
8.844290971755981445e-01
8.073326349258422852e-01
7.551372647285461426e-01
6.523644924163818359e-01
1.000000000000000000e+00
1.000000000000000000e+00
8.532760143280029297e-01
8.005988001823425293e-01
7.813338637351989746e-01
7.749590873718261719e-01
7.002589106559753418e-01
6.627235412597656250e-01
1.000000000000000000e+00
1.000000000000000000e+00
5.763906240463256836e-01
9.994706511497497559e-01
6.155996322631835938e-01
8.541457056999206543e-01
8.839528560638427734e-01
1.000000000000000000e+00
1.000000000000000000e+00
8.134179115295410156e-01
8.714812994003295898e-01
7.670955657958984375e-01
8.830343484878540039e-01
7.014576196670532227e-01
8.056327700614929199e-01
9.862954616546630859e-01
6.004370450973510742e-01
1.000000000000000000e+00
7.012643218040466309e-01
9.164907932281494141e-01
9.999997615814208984e-01
9.997368454933166504e-01
7.761121988296508789e-01
9.736094474792480469e-01
7.697882056236267090e-01
7.664498090744018555e-01
7.379631996154785156e-01
7.881871461868286133e-01
7.224231362342834473e-01
9.384187459945678711e-01
1.000000000000000000e+00
9.998736977577209473e-01
8.426006436347961426e-01
8.313412666320800781e-01
1.000000000000000000e+00
6.240249872207641602e-01
7.581362128257751465e-01
9.999265074729919434e-01
8.758217096328735352e-01
5.945803523063659668e-01
8.808879852294921875e-01
1.000000000000000000e+00
7.316545248031616211e-01
1.000000000000000000e+00
7.553580999374389648e-01
6.988010406494140625e-01
8.136106729507446289e-01
8.627587556838989258e-01
8.994939923286437988e-01
8.789955377578735352e-01
8.464004993438720703e-01
9.739499688148498535e-01
1.000000000000000000e+00
7.973253726959228516e-01
1.000000000000000000e+00
1.000000000000000000e+00
6.440606713294982910e-01
9.939665198326110840e-01
9.756422042846679688e-01
8.151547312736511230e-01
8.072901368141174316e-01
1.000000000000000000e+00
7.036868333816528320e-01
1.000000000000000000e+00
9.960427880287170410e-01
7.597116827964782715e-01
1.000000000000000000e+00
7.473832368850708008e-01
1.000000000000000000e+00
1.000000000000000000e+00
1.000000000000000000e+00
8.697689175605773926e-01
1.000000000000000000e+00
1.000000000000000000e+00
8.166690468788146973e-01
8.412898778915405273e-01
7.203968763351440430e-01
6.884355545043945312e-01
7.501025795936584473e-01
1.000000000000000000e+00
9.615842700004577637e-01
1.000000000000000000e+00
1.000000000000000000e+00
9.318641424179077148e-01
7.708719968795776367e-01
7.758102416992187500e-01
7.870848178863525391e-01
7.391641139984130859e-01
1.000000000000000000e+00
9.981323480606079102e-01
7.142908573150634766e-01
6.717979907989501953e-01
8.371104598045349121e-01
7.276750802993774414e-01
5.285906791687011719e-01
6.121134757995605469e-01
7.879186272621154785e-01
1.000000000000000000e+00
9.999699592590332031e-01
1.000000000000000000e+00
5.953062772750854492e-01
1.000000000000000000e+00
1.000000000000000000e+00
1.000000000000000000e+00
6.643569469451904297e-01
5.503199100494384766e-01
7.296282649040222168e-01
9.661393165588378906e-01
7.208336591720581055e-01
7.216469049453735352e-01
1.000000000000000000e+00
7.121146917343139648e-01
9.990665912628173828e-01
1.000000000000000000e+00
1.000000000000000000e+00
9.092502593994140625e-01
1.000000000000000000e+00
5.755006074905395508e-01
7.211766839027404785e-01
7.576794624328613281e-01
5.744644403457641602e-01
7.159391641616821289e-01
9.294947981834411621e-01
8.969471454620361328e-01
1.000000000000000000e+00
8.015692234039306641e-01
7.241946458816528320e-01
8.141137957572937012e-01
9.703022241592407227e-01
8.476758003234863281e-01
1.000000000000000000e+00
1.000000000000000000e+00
1.000000000000000000e+00
1.000000000000000000e+00
7.876933813095092773e-01
1.000000000000000000e+00
9.283758401870727539e-01
1.000000000000000000e+00
9.025562405586242676e-01
7.518807649612426758e-01
8.209537863731384277e-01
7.631899714469909668e-01
8.765645623207092285e-01
7.615607976913452148e-01
7.921653389930725098e-01
9.999166727066040039e-01
8.295705318450927734e-01
9.994913339614868164e-01
9.354092478752136230e-01
7.277655601501464844e-01
7.098654508590698242e-01
8.898226618766784668e-01
6.369985938072204590e-01
1.000000000000000000e+00
8.953157663345336914e-01
9.999819397926330566e-01
5.785186290740966797e-01
9.996795058250427246e-01
1.000000000000000000e+00
1.000000000000000000e+00
7.893220186233520508e-01
8.809826970100402832e-01
7.988502979278564453e-01
6.399410367012023926e-01
9.230343699455261230e-01
7.686001062393188477e-01
9.999879002571105957e-01
7.309702634811401367e-01
8.841527700424194336e-01
8.379344344139099121e-01
1.000000000000000000e+00
7.938867211341857910e-01
1.000000000000000000e+00
1.000000000000000000e+00
1.000000000000000000e+00
7.523418068885803223e-01
8.483650088310241699e-01
1.000000000000000000e+00
8.864879608154296875e-01
9.999288916587829590e-01
7.110325098037719727e-01
1.000000000000000000e+00
7.568303346633911133e-01
8.951076269149780273e-01
1.000000000000000000e+00
1.000000000000000000e+00
1.000000000000000000e+00
9.388555884361267090e-01
1.000000000000000000e+00
1.000000000000000000e+00
8.541125059127807617e-01
8.617588281631469727e-01
1.000000000000000000e+00
9.867948889732360840e-01
1.000000000000000000e+00
1.000000000000000000e+00
8.575558662414550781e-01
1.000000000000000000e+00
6.449846029281616211e-01
7.122166156768798828e-01
1.000000000000000000e+00
1.000000000000000000e+00
1.000000000000000000e+00
6.343791484832763672e-01
9.008632898330688477e-01
7.915427088737487793e-01
7.860490679740905762e-01
1.000000000000000000e+00
8.115270137786865234e-01
1.000000000000000000e+00
6.721016168594360352e-01
6.787593364715576172e-01
7.275559902191162109e-01
7.341487407684326172e-01
1.000000000000000000e+00
1.000000000000000000e+00
7.082833051681518555e-01
6.949710845947265625e-01
5.938953161239624023e-01
7.401857376098632812e-01
7.108546495437622070e-01
1.000000000000000000e+00
9.774385690689086914e-01
1.000000000000000000e+00
1.000000000000000000e+00
7.869921922683715820e-01
1.000000000000000000e+00
1.000000000000000000e+00
7.943019866943359375e-01
6.766268014907836914e-01
7.667170763015747070e-01
6.634999513626098633e-01
1.000000000000000000e+00
8.079093098640441895e-01
1.000000000000000000e+00
7.232207059860229492e-01
7.917708158493041992e-01
6.141767501831054688e-01
5.961931943893432617e-01
8.151247501373291016e-01
9.468730688095092773e-01
9.997004866600036621e-01
9.862035512924194336e-01
6.995103359222412109e-01
8.561700582504272461e-01
9.999995231628417969e-01
9.947658777236938477e-01
9.562053680419921875e-01
1.000000000000000000e+00
7.534415125846862793e-01
9.933575987815856934e-01
7.491604089736938477e-01
1.000000000000000000e+00
9.999999403953552246e-01
1.000000000000000000e+00
7.348524332046508789e-01
7.959076166152954102e-01
6.924695968627929688e-01
7.274153828620910645e-01
7.253674268722534180e-01
1.000000000000000000e+00
7.580920457839965820e-01
9.994120597839355469e-01
9.944607615470886230e-01
9.983478188514709473e-01
7.809574604034423828e-01
1.000000000000000000e+00
8.200468420982360840e-01
7.710427641868591309e-01
1.000000000000000000e+00
1.000000000000000000e+00
7.769975662231445312e-01
8.071885108947753906e-01
9.843466281890869141e-01
1.000000000000000000e+00
9.586833119392395020e-01
8.155361413955688477e-01
8.437449336051940918e-01
7.084478139877319336e-01
8.066694736480712891e-01
9.998267292976379395e-01
5.301019549369812012e-01
7.604371309280395508e-01
7.236548662185668945e-01
4.987736940383911133e-01
1.000000000000000000e+00
6.438651680946350098e-01
1.000000000000000000e+00
7.948023676872253418e-01
1.000000000000000000e+00
7.335345745086669922e-01
1.000000000000000000e+00
8.691015839576721191e-01
1.000000000000000000e+00
9.906231760978698730e-01
5.864360928535461426e-01
1.000000000000000000e+00
9.948845505714416504e-01
1.000000000000000000e+00
1.000000000000000000e+00
8.279961943626403809e-01
6.276104450225830078e-01
9.999998211860656738e-01
4.967685341835021973e-01
1.000000000000000000e+00
1.000000000000000000e+00
7.578623890876770020e-01
8.134363293647766113e-01
6.327548623085021973e-01
6.286976337432861328e-01
6.369352936744689941e-01
8.385696411132812500e-01
7.881610989570617676e-01
8.060741424560546875e-01
1.000000000000000000e+00
9.999933242797851562e-01
1.000000000000000000e+00
1.000000000000000000e+00
7.600935697555541992e-01
1.000000000000000000e+00
7.781990766525268555e-01
7.247411012649536133e-01
7.429266571998596191e-01
9.190133213996887207e-01
7.089008092880249023e-01
1.000000000000000000e+00
7.614243626594543457e-01
7.342538237571716309e-01
7.737191915512084961e-01
1.000000000000000000e+00
5.648264884948730469e-01
8.157114982604980469e-01
5.431640148162841797e-01
8.595453500747680664e-01
5.639446973800659180e-01
1.000000000000000000e+00
6.709078550338745117e-01
9.302718043327331543e-01
7.963942289352416992e-01
1.000000000000000000e+00
5.541194677352905273e-01
7.767646312713623047e-01
1.000000000000000000e+00
1.000000000000000000e+00
7.375921010971069336e-01
1.000000000000000000e+00
8.329936861991882324e-01
5.763369202613830566e-01
7.079670429229736328e-01
6.772041320800781250e-01
1.000000000000000000e+00
9.819808602333068848e-01
6.534381508827209473e-01
7.384103536605834961e-01
9.999498724937438965e-01
6.099972724914550781e-01
9.192656278610229492e-01
5.604900121688842773e-01
9.518829584121704102e-01
6.348416805267333984e-01
9.013037681579589844e-01
7.316502332687377930e-01
8.722982406616210938e-01
8.915659189224243164e-01
6.481641530990600586e-01
9.976754784584045410e-01
6.561981439590454102e-01
1.000000000000000000e+00
5.662371516227722168e-01
7.551637291908264160e-01
5.619200468063354492e-01
6.682307720184326172e-01
8.836374878883361816e-01
5.838037729263305664e-01
9.709504246711730957e-01
9.086685776710510254e-01
7.117558717727661133e-01
7.645877003669738770e-01
7.610680460929870605e-01
6.426169276237487793e-01
6.983416080474853516e-01
7.993882298469543457e-01
6.502254009246826172e-01
6.760365962982177734e-01
1.000000000000000000e+00
1.000000000000000000e+00
7.170931100845336914e-01
8.246713280677795410e-01
7.224337458610534668e-01
8.735721707344055176e-01
9.999920725822448730e-01
7.042166590690612793e-01
7.664809226989746094e-01
6.847912073135375977e-01
7.214627265930175781e-01
1.000000000000000000e+00
8.539500832557678223e-01
7.877517938613891602e-01
7.846877574920654297e-01
8.977836370468139648e-01
6.716519594192504883e-01
8.629919290542602539e-01
6.959412097930908203e-01
9.177331924438476562e-01
7.422481179237365723e-01
6.564571857452392578e-01
1.000000000000000000e+00
8.681920170783996582e-01
1.000000000000000000e+00
7.666122317314147949e-01
1.000000000000000000e+00
1.000000000000000000e+00
1.000000000000000000e+00
1.000000000000000000e+00
9.333728551864624023e-01
7.787821292877197266e-01
1.000000000000000000e+00
9.999585151672363281e-01
9.846518635749816895e-01
6.569015979766845703e-01
6.688857078552246094e-01
1.000000000000000000e+00
8.850000500679016113e-01
7.233051061630249023e-01
9.430776834487915039e-01
7.963403463363647461e-01
1.000000000000000000e+00
9.999591708183288574e-01
8.015240430831909180e-01
6.792582273483276367e-01
1.000000000000000000e+00
7.099472880363464355e-01
8.831522464752197266e-01
1.000000000000000000e+00
1.000000000000000000e+00
1.000000000000000000e+00
9.998282790184020996e-01
8.563545942306518555e-01
1.000000000000000000e+00
1.000000000000000000e+00
1.000000000000000000e+00
7.573302984237670898e-01
1.000000000000000000e+00
7.997297048568725586e-01
5.873119831085205078e-01
6.585390567779541016e-01
1.000000000000000000e+00
5.863763093948364258e-01
8.420180678367614746e-01
7.431088685989379883e-01
1.000000000000000000e+00
1.000000000000000000e+00
6.444362998008728027e-01
7.275936603546142578e-01
6.917419433593750000e-01
8.232874870300292969e-01
9.999588727951049805e-01
7.717387676239013672e-01
7.476329803466796875e-01
9.568805098533630371e-01
8.984514474868774414e-01
8.087085485458374023e-01
1.000000000000000000e+00
9.213085174560546875e-01
9.200792312622070312e-01
5.974685549736022949e-01
7.915209531784057617e-01
1.000000000000000000e+00
1.000000000000000000e+00
1.000000000000000000e+00
1.000000000000000000e+00
1.000000000000000000e+00
4.796956777572631836e-01
1.000000000000000000e+00
1.000000000000000000e+00
7.028051614761352539e-01
1.000000000000000000e+00
9.764184355735778809e-01
1.000000000000000000e+00
6.377356052398681641e-01
6.746642589569091797e-01
9.999366998672485352e-01
6.008734703063964844e-01
6.941232681274414062e-01
8.308994770050048828e-01
6.962470412254333496e-01
7.936836481094360352e-01
6.244170665740966797e-01
9.999036788940429688e-01
1.000000000000000000e+00
1.000000000000000000e+00
1.000000000000000000e+00
6.740447282791137695e-01
9.995678067207336426e-01
1.000000000000000000e+00
9.985671043395996094e-01
8.118653297424316406e-01
7.962742447853088379e-01
1.000000000000000000e+00
9.781026244163513184e-01
9.999999403953552246e-01
1.000000000000000000e+00
1.000000000000000000e+00
1.000000000000000000e+00
9.479099512100219727e-01
8.644185066223144531e-01
1.000000000000000000e+00
5.796468257904052734e-01
7.590441107749938965e-01
1.000000000000000000e+00
8.064216971397399902e-01
1.000000000000000000e+00
8.576186895370483398e-01
7.722901701927185059e-01
7.772741913795471191e-01
6.288324594497680664e-01
9.999740123748779297e-01
1.000000000000000000e+00
1.000000000000000000e+00
6.696691513061523438e-01
9.999729394912719727e-01
7.114435434341430664e-01
1.000000000000000000e+00
8.169113993644714355e-01
1.000000000000000000e+00
9.737990498542785645e-01
7.924670577049255371e-01
7.219278812408447266e-01
1.000000000000000000e+00
9.640982747077941895e-01
5.590217709541320801e-01
9.524633884429931641e-01
1.000000000000000000e+00
1.000000000000000000e+00
5.910754203796386719e-01
7.625675201416015625e-01
1.000000000000000000e+00
7.933676242828369141e-01
1.000000000000000000e+00
9.994924068450927734e-01
1.000000000000000000e+00
8.319573998451232910e-01
5.739501714706420898e-01
6.518667936325073242e-01
9.999995827674865723e-01
7.176123857498168945e-01
7.691564559936523438e-01
7.150281071662902832e-01
1.000000000000000000e+00
6.823226213455200195e-01
8.255505561828613281e-01
6.305818557739257812e-01
5.278095006942749023e-01
8.218597769737243652e-01
9.780319333076477051e-01
1.000000000000000000e+00
5.792214870452880859e-01
7.319355607032775879e-01
9.945811033248901367e-01
1.000000000000000000e+00
1.000000000000000000e+00
7.642568349838256836e-01
1.000000000000000000e+00
7.865175008773803711e-01
9.965667128562927246e-01
8.510323166847229004e-01
9.999964833259582520e-01
1.000000000000000000e+00
7.252556085586547852e-01
7.564098834991455078e-01
6.683475971221923828e-01
6.997517347335815430e-01
7.579224109649658203e-01
7.613130807876586914e-01
9.337931275367736816e-01
7.259531021118164062e-01
5.519964694976806641e-01
8.259822726249694824e-01
7.487069368362426758e-01
8.895974159240722656e-01
5.637041926383972168e-01
8.172789216041564941e-01
6.327060461044311523e-01
9.405223131179809570e-01
9.137371778488159180e-01
9.999870657920837402e-01
6.019831895828247070e-01
7.644550204277038574e-01
9.994546175003051758e-01
8.931417465209960938e-01
1.000000000000000000e+00
9.999986886978149414e-01
6.361200213432312012e-01
8.479648828506469727e-01
9.999200105667114258e-01
7.719073295593261719e-01
9.999973177909851074e-01
6.698008775711059570e-01
7.310954332351684570e-01
7.050983905792236328e-01
9.925599694252014160e-01
1.000000000000000000e+00
6.664290428161621094e-01
9.023303985595703125e-01
1.000000000000000000e+00
6.990745067596435547e-01
7.110687494277954102e-01
6.286586523056030273e-01
6.800066232681274414e-01
7.528688311576843262e-01
6.437594294548034668e-01
6.370127201080322266e-01
5.987116098403930664e-01
1.000000000000000000e+00
1.000000000000000000e+00
9.856279492378234863e-01
7.589690089225769043e-01
9.985711574554443359e-01
8.904097676277160645e-01
1.000000000000000000e+00
5.329939126968383789e-01
8.918797969818115234e-01
6.519838571548461914e-01
1.000000000000000000e+00
9.522098898887634277e-01
9.045555591583251953e-01
9.083861112594604492e-01
8.484649658203125000e-01
9.722856283187866211e-01
7.691445350646972656e-01
7.687662243843078613e-01
9.145591259002685547e-01
7.869898676872253418e-01
8.877264261245727539e-01
7.329064011573791504e-01
1.000000000000000000e+00
5.392302274703979492e-01
6.802240610122680664e-01
7.069221138954162598e-01
7.968682050704956055e-01
6.631665229797363281e-01
8.560813665390014648e-01
7.301434278488159180e-01
1.000000000000000000e+00
9.494332671165466309e-01
7.808791995048522949e-01
7.044020891189575195e-01
7.701882719993591309e-01
6.433812379837036133e-01
9.964681267738342285e-01
1.000000000000000000e+00
5.502090454101562500e-01
9.285759329795837402e-01
7.406131029129028320e-01
9.999833703041076660e-01
8.201053142547607422e-01
8.380738496780395508e-01
8.150612711906433105e-01
9.203996658325195312e-01
9.998050332069396973e-01
1.000000000000000000e+00
9.782419800758361816e-01
8.490270376205444336e-01
1.000000000000000000e+00
7.869858741760253906e-01
1.000000000000000000e+00
1.000000000000000000e+00
1.000000000000000000e+00
7.353117465972900391e-01
7.840794920921325684e-01
7.884982824325561523e-01
9.019733667373657227e-01
8.454742431640625000e-01
1.000000000000000000e+00
8.571151494979858398e-01
1.000000000000000000e+00
7.695261836051940918e-01
9.009837508201599121e-01
1.000000000000000000e+00
9.815862178802490234e-01
5.544077157974243164e-01
1.000000000000000000e+00
6.700134277343750000e-01
9.999713897705078125e-01
9.559546709060668945e-01
6.778634786605834961e-01
6.897368431091308594e-01
6.964179277420043945e-01
9.977248311042785645e-01
7.871910333633422852e-01
6.929071545600891113e-01
8.817971944808959961e-01
1.000000000000000000e+00
1.000000000000000000e+00
9.995961785316467285e-01
1.000000000000000000e+00
9.994047880172729492e-01
6.318815946578979492e-01
7.870304584503173828e-01
1.000000000000000000e+00
8.342976570129394531e-01
9.999344348907470703e-01
8.616449832916259766e-01
1.000000000000000000e+00
6.250188350677490234e-01
8.391438126564025879e-01
1.000000000000000000e+00
9.238344430923461914e-01
6.058032512664794922e-01
6.530382633209228516e-01
1.000000000000000000e+00
7.903597354888916016e-01
9.997568130493164062e-01
1.000000000000000000e+00
5.520760416984558105e-01
1.000000000000000000e+00
9.984603524208068848e-01
1.000000000000000000e+00
7.659367918968200684e-01
1.000000000000000000e+00
6.374417543411254883e-01
8.761452436447143555e-01
7.434889078140258789e-01
7.430177927017211914e-01
7.473310232162475586e-01
5.885063409805297852e-01
7.557157278060913086e-01
6.187088489532470703e-01
9.999604821205139160e-01
8.308567404747009277e-01
7.566180229187011719e-01
6.642844676971435547e-01
6.256423592567443848e-01
5.972774028778076172e-01
6.641731262207031250e-01
7.805761098861694336e-01
5.160524249076843262e-01
8.174355030059814453e-01
1.000000000000000000e+00
5.478270649909973145e-01
1.000000000000000000e+00
6.997078657150268555e-01
5.260517597198486328e-01
6.063326597213745117e-01
1.000000000000000000e+00
1.000000000000000000e+00
8.258451819419860840e-01
7.609782218933105469e-01
1.000000000000000000e+00
9.999738335609436035e-01
1.000000000000000000e+00
1.000000000000000000e+00
9.619168639183044434e-01
9.997635483741760254e-01
1.000000000000000000e+00
8.783112168312072754e-01
7.365346550941467285e-01
9.010198116302490234e-01
1.000000000000000000e+00
9.999693632125854492e-01
9.597471952438354492e-01
9.575360417366027832e-01
1.000000000000000000e+00
