8.996629118919372559e-01
9.731183648109436035e-01
9.783214330673217773e-01
9.677243828773498535e-01
9.718960523605346680e-01
9.738456606864929199e-01
9.254760146141052246e-01
9.999912977218627930e-01
9.676318764686584473e-01
9.253514409065246582e-01
9.064591526985168457e-01
1.000000000000000000e+00
1.000000000000000000e+00
1.000000000000000000e+00
9.779949188232421875e-01
8.609898090362548828e-01
9.575589895248413086e-01
1.000000000000000000e+00
9.748322963714599609e-01
1.000000000000000000e+00
9.249392747879028320e-01
9.763289690017700195e-01
9.569864869117736816e-01
9.007855653762817383e-01
9.445047378540039062e-01
1.000000000000000000e+00
9.744776487350463867e-01
9.988025426864624023e-01
9.147651195526123047e-01
9.641981720924377441e-01
9.641947746276855469e-01
1.000000000000000000e+00
9.635694026947021484e-01
9.995388388633728027e-01
1.000000000000000000e+00
9.600840210914611816e-01
1.000000000000000000e+00
1.000000000000000000e+00
1.000000000000000000e+00
1.000000000000000000e+00
9.303905367851257324e-01
1.000000000000000000e+00
9.998331665992736816e-01
9.997568130493164062e-01
9.902011752128601074e-01
9.293621182441711426e-01
9.337170720100402832e-01
9.991018176078796387e-01
9.082921147346496582e-01
9.999122023582458496e-01
8.859540224075317383e-01
1.000000000000000000e+00
8.972169756889343262e-01
9.132413864135742188e-01
9.073845148086547852e-01
1.000000000000000000e+00
1.000000000000000000e+00
9.232096672058105469e-01
8.736657500267028809e-01
9.342723488807678223e-01
8.037474155426025391e-01
1.000000000000000000e+00
9.861663579940795898e-01
9.067184329032897949e-01
9.900721907615661621e-01
9.768950343132019043e-01
9.968221783638000488e-01
9.974020123481750488e-01
9.969611763954162598e-01
9.888564348220825195e-01
9.812825322151184082e-01
1.000000000000000000e+00
9.846509099006652832e-01
1.000000000000000000e+00
1.000000000000000000e+00
9.048830866813659668e-01
9.833346605300903320e-01
9.495555162429809570e-01
9.010669589042663574e-01
9.983332753181457520e-01
1.000000000000000000e+00
9.623509645462036133e-01
8.040184378623962402e-01
7.803285717964172363e-01
9.510847330093383789e-01
9.421691298484802246e-01
8.064564466476440430e-01
9.894868731498718262e-01
9.088034033775329590e-01
8.719818592071533203e-01
1.000000000000000000e+00
9.448204040527343750e-01
8.577225804328918457e-01
8.732051849365234375e-01
7.614872455596923828e-01
8.445654511451721191e-01
1.000000000000000000e+00
7.855792641639709473e-01
9.314322471618652344e-01
9.895952343940734863e-01
9.962942600250244141e-01
8.278507590293884277e-01
8.181197047233581543e-01
9.001209139823913574e-01
1.000000000000000000e+00
7.693731188774108887e-01
9.996025562286376953e-01
7.954431772232055664e-01
7.590168714523315430e-01
8.006930351257324219e-01
7.899715304374694824e-01
9.999908804893493652e-01
1.000000000000000000e+00
8.057122230529785156e-01
9.934042096138000488e-01
9.998136758804321289e-01
8.638784885406494141e-01
8.364296555519104004e-01
1.000000000000000000e+00
8.233032226562500000e-01
1.000000000000000000e+00
8.032209873199462891e-01
8.449385166168212891e-01
9.806845784187316895e-01
7.320011854171752930e-01
7.997558116912841797e-01
9.857989549636840820e-01
9.765394926071166992e-01
9.158016443252563477e-01
8.485491871833801270e-01
7.303135395050048828e-01
1.000000000000000000e+00
9.208646416664123535e-01
1.000000000000000000e+00
9.293474555015563965e-01
8.159278631210327148e-01
7.727037668228149414e-01
7.696351408958435059e-01
8.562577962875366211e-01
9.999777078628540039e-01
1.000000000000000000e+00
1.000000000000000000e+00
8.793896436691284180e-01
9.994823932647705078e-01
1.000000000000000000e+00
1.000000000000000000e+00
9.521090388298034668e-01
9.476847052574157715e-01
8.171373009681701660e-01
7.420017123222351074e-01
7.989957928657531738e-01
9.998955726623535156e-01
8.053733706474304199e-01
9.975896477699279785e-01
9.996123909950256348e-01
1.000000000000000000e+00
8.733488321304321289e-01
9.586574435234069824e-01
8.591315746307373047e-01
1.000000000000000000e+00
7.339756488800048828e-01
9.049168229103088379e-01
7.523663640022277832e-01
8.155196309089660645e-01
8.433945178985595703e-01
8.195464611053466797e-01
7.954459786415100098e-01
8.154509067535400391e-01
8.989443182945251465e-01
7.486573457717895508e-01
7.831760048866271973e-01
1.000000000000000000e+00
8.203870654106140137e-01
8.946681022644042969e-01
8.959028720855712891e-01
8.316497206687927246e-01
1.000000000000000000e+00
1.000000000000000000e+00
8.778872489929199219e-01
7.744717597961425781e-01
8.784604668617248535e-01
8.462615013122558594e-01
1.000000000000000000e+00
1.000000000000000000e+00
7.002539038658142090e-01
8.528220653533935547e-01
1.000000000000000000e+00
7.866252660751342773e-01
9.689832329750061035e-01
9.504728317260742188e-01
8.627126216888427734e-01
1.000000000000000000e+00
9.995039701461791992e-01
9.569428563117980957e-01
1.000000000000000000e+00
1.000000000000000000e+00
8.204198479652404785e-01
8.427708148956298828e-01
7.492221593856811523e-01
9.969161748886108398e-01
1.000000000000000000e+00
1.000000000000000000e+00
9.971707463264465332e-01
8.129680156707763672e-01
9.733158349990844727e-01
8.716157674789428711e-01
1.000000000000000000e+00
9.001759886741638184e-01
8.819552659988403320e-01
1.000000000000000000e+00
7.897095084190368652e-01
9.145525097846984863e-01
8.141168355941772461e-01
9.870857000350952148e-01
1.000000000000000000e+00
8.632649183273315430e-01
8.780724406242370605e-01
7.995212078094482422e-01
8.707841038703918457e-01
9.433346986770629883e-01
9.108949899673461914e-01
1.000000000000000000e+00
9.226858615875244141e-01
1.000000000000000000e+00
8.478163480758666992e-01
8.061070442199707031e-01
8.082982301712036133e-01
9.631197452545166016e-01
8.317171335220336914e-01
8.977515697479248047e-01
8.215744495391845703e-01
1.000000000000000000e+00
1.000000000000000000e+00
7.332906126976013184e-01
8.850665688514709473e-01
1.000000000000000000e+00
1.000000000000000000e+00
1.000000000000000000e+00
9.232180714607238770e-01
9.995307326316833496e-01
9.977739453315734863e-01
9.426591992378234863e-01
9.998653531074523926e-01
8.878581523895263672e-01
9.877312183380126953e-01
9.788296222686767578e-01
9.360603094100952148e-01
7.082754969596862793e-01
8.243373036384582520e-01
9.944128394126892090e-01
9.316523075103759766e-01
1.000000000000000000e+00
8.128573298454284668e-01
8.517466783523559570e-01
8.672348856925964355e-01
7.068657279014587402e-01
8.525379896163940430e-01
1.000000000000000000e+00
9.051051735877990723e-01
8.400473594665527344e-01
8.202405571937561035e-01
1.000000000000000000e+00
1.000000000000000000e+00
7.069262862205505371e-01
7.737389206886291504e-01
7.466130256652832031e-01
8.671526312828063965e-01
9.818446040153503418e-01
9.496864676475524902e-01
1.000000000000000000e+00
8.878471255302429199e-01
8.212390542030334473e-01
1.000000000000000000e+00
1.000000000000000000e+00
1.000000000000000000e+00
1.000000000000000000e+00
8.461857438087463379e-01
9.372421503067016602e-01
1.000000000000000000e+00
8.589441776275634766e-01
7.161638736724853516e-01
8.527098894119262695e-01
1.000000000000000000e+00
8.694671988487243652e-01
1.000000000000000000e+00
7.916715741157531738e-01
6.928692460060119629e-01
1.000000000000000000e+00
1.000000000000000000e+00
8.653200268745422363e-01
1.000000000000000000e+00
8.551645874977111816e-01
1.000000000000000000e+00
7.892611026763916016e-01
8.255069255828857422e-01
9.412994384765625000e-01
1.000000000000000000e+00
9.071828722953796387e-01
9.448661208152770996e-01
1.000000000000000000e+00
9.980277419090270996e-01
1.000000000000000000e+00
8.823620676994323730e-01
9.028124809265136719e-01
7.423611879348754883e-01
9.959523677825927734e-01
9.995965361595153809e-01
9.250931143760681152e-01
9.999564886093139648e-01
8.401461839675903320e-01
8.180581927299499512e-01
8.439379334449768066e-01
9.275510311126708984e-01
8.979337811470031738e-01
1.000000000000000000e+00
9.415044188499450684e-01
8.360760807991027832e-01
9.965874552726745605e-01
9.675498008728027344e-01
8.084833025932312012e-01
1.000000000000000000e+00
8.769472241401672363e-01
9.617841839790344238e-01
9.269443154335021973e-01
7.631437778472900391e-01
1.000000000000000000e+00
7.598438262939453125e-01
9.997541308403015137e-01
1.000000000000000000e+00
7.552311420440673828e-01
9.232766032218933105e-01
8.339743018150329590e-01
9.560618996620178223e-01
9.980757832527160645e-01
1.000000000000000000e+00
6.765986680984497070e-01
8.035966157913208008e-01
1.000000000000000000e+00
9.162260890007019043e-01
8.883159756660461426e-01
7.895546555519104004e-01
1.000000000000000000e+00
9.353072643280029297e-01
9.967361092567443848e-01
1.000000000000000000e+00
8.496760725975036621e-01
6.926583647727966309e-01
9.287538528442382812e-01
1.000000000000000000e+00
1.000000000000000000e+00
9.466663002967834473e-01
9.936252832412719727e-01
9.992440938949584961e-01
9.238198995590209961e-01
1.000000000000000000e+00
8.616986870765686035e-01
9.996710419654846191e-01
1.000000000000000000e+00
9.487007856369018555e-01
7.857910990715026855e-01
9.996979832649230957e-01
8.125694394111633301e-01
9.290174245834350586e-01
1.000000000000000000e+00
1.000000000000000000e+00
1.000000000000000000e+00
7.904822826385498047e-01
8.134710192680358887e-01
9.999998807907104492e-01
9.343796968460083008e-01
9.998910427093505859e-01
7.081426382064819336e-01
9.152795672416687012e-01
7.557417750358581543e-01
8.780233860015869141e-01
7.820798754692077637e-01
1.000000000000000000e+00
1.000000000000000000e+00
8.746125698089599609e-01
1.000000000000000000e+00
9.997292160987854004e-01
1.000000000000000000e+00
9.952889084815979004e-01
9.990655779838562012e-01
8.539979457855224609e-01
9.372505545616149902e-01
8.492596149444580078e-01
8.969940543174743652e-01
7.942990660667419434e-01
1.000000000000000000e+00
9.998312592506408691e-01
9.986189603805541992e-01
7.548979520797729492e-01
8.119582533836364746e-01
7.932538390159606934e-01
9.090763926506042480e-01
8.649162054061889648e-01
8.093637228012084961e-01
1.000000000000000000e+00
9.999155402183532715e-01
8.423002362251281738e-01
1.000000000000000000e+00
1.000000000000000000e+00
7.174704074859619141e-01
8.540711998939514160e-01
1.000000000000000000e+00
8.581647276878356934e-01
1.000000000000000000e+00
1.000000000000000000e+00
1.000000000000000000e+00
8.016725182533264160e-01
1.000000000000000000e+00
1.000000000000000000e+00
1.000000000000000000e+00
1.000000000000000000e+00
9.168979525566101074e-01
1.000000000000000000e+00
1.000000000000000000e+00
1.000000000000000000e+00
8.617932796478271484e-01
7.649847269058227539e-01
7.503105998039245605e-01
1.000000000000000000e+00
1.000000000000000000e+00
1.000000000000000000e+00
9.997506141662597656e-01
9.371716976165771484e-01
7.992384433746337891e-01
8.958051204681396484e-01
1.000000000000000000e+00
8.857297897338867188e-01
7.889971733093261719e-01
8.277096152305603027e-01
1.000000000000000000e+00
8.704095482826232910e-01
7.759994268417358398e-01
1.000000000000000000e+00
7.137123942375183105e-01
9.998211860656738281e-01
8.178212642669677734e-01
7.238909006118774414e-01
1.000000000000000000e+00
8.236562013626098633e-01
7.260694503784179688e-01
1.000000000000000000e+00
7.928767800331115723e-01
7.473868131637573242e-01
7.432798147201538086e-01
7.738800048828125000e-01
9.282142519950866699e-01
8.532335758209228516e-01
7.415401935577392578e-01
9.999546408653259277e-01
1.000000000000000000e+00
9.609743952751159668e-01
7.839016914367675781e-01
8.349148035049438477e-01
8.075482845306396484e-01
1.000000000000000000e+00
1.000000000000000000e+00
1.000000000000000000e+00
7.842925190925598145e-01
8.599375486373901367e-01
8.029071688652038574e-01
9.100916385650634766e-01
9.014272689819335938e-01
9.998958110809326172e-01
9.542258977890014648e-01
7.124124765396118164e-01
9.999880790710449219e-01
8.914173841476440430e-01
8.221597671508789062e-01
8.725774288177490234e-01
9.909101724624633789e-01
1.000000000000000000e+00
7.294263839721679688e-01
9.999400973320007324e-01
9.814864993095397949e-01
7.742154598236083984e-01
9.135861396789550781e-01
1.000000000000000000e+00
7.600036263465881348e-01
7.881393432617187500e-01
1.000000000000000000e+00
6.890957355499267578e-01
1.000000000000000000e+00
9.180597662925720215e-01
9.997550249099731445e-01
9.999951124191284180e-01
1.000000000000000000e+00
7.588075399398803711e-01
9.832776784896850586e-01
9.992848038673400879e-01
8.016576766967773438e-01
8.348923325538635254e-01
9.148945212364196777e-01
7.617080211639404297e-01
7.825060486793518066e-01
1.000000000000000000e+00
1.000000000000000000e+00
6.704271435737609863e-01
1.000000000000000000e+00
8.104299306869506836e-01
1.000000000000000000e+00
9.984939098358154297e-01
1.000000000000000000e+00
1.000000000000000000e+00
7.586989998817443848e-01
9.608574509620666504e-01
7.024602890014648438e-01
7.339377403259277344e-01
1.000000000000000000e+00
8.245789408683776855e-01
7.220165729522705078e-01
8.366087675094604492e-01
6.685467958450317383e-01
9.974328279495239258e-01
7.673894762992858887e-01
1.000000000000000000e+00
1.000000000000000000e+00
7.768853306770324707e-01
8.345667719841003418e-01
6.977204084396362305e-01
9.007725715637207031e-01
1.000000000000000000e+00
6.986951828002929688e-01
9.623846411705017090e-01
9.990326166152954102e-01
1.000000000000000000e+00
8.626426458358764648e-01
8.497230410575866699e-01
8.276016712188720703e-01
8.871662616729736328e-01
1.000000000000000000e+00
7.334594130516052246e-01
1.000000000000000000e+00
8.551067113876342773e-01
9.946438670158386230e-01
1.000000000000000000e+00
9.999621510505676270e-01
9.641689658164978027e-01
9.998922348022460938e-01
7.762520313262939453e-01
9.916610121726989746e-01
7.540168762207031250e-01
1.000000000000000000e+00
8.987502455711364746e-01
9.084829688072204590e-01
7.065322399139404297e-01
7.285290956497192383e-01
1.000000000000000000e+00
7.181822657585144043e-01
1.000000000000000000e+00
8.923798203468322754e-01
9.995777010917663574e-01
1.000000000000000000e+00
8.785283565521240234e-01
7.993834018707275391e-01
9.365456104278564453e-01
9.997398853302001953e-01
7.995716333389282227e-01
8.012807965278625488e-01
8.668309450149536133e-01
7.442852258682250977e-01
8.535218238830566406e-01
7.581925392150878906e-01
1.000000000000000000e+00
7.207648754119873047e-01
1.000000000000000000e+00
8.104509115219116211e-01
8.735225796699523926e-01
7.433476448059082031e-01
1.000000000000000000e+00
1.000000000000000000e+00
8.885690569877624512e-01
9.998044967651367188e-01
8.933227658271789551e-01
1.000000000000000000e+00
7.825744748115539551e-01
1.000000000000000000e+00
9.131534099578857422e-01
9.999883174896240234e-01
1.000000000000000000e+00
8.086970448493957520e-01
9.999621510505676270e-01
1.000000000000000000e+00
1.000000000000000000e+00
1.000000000000000000e+00
7.916004061698913574e-01
8.352403640747070312e-01
8.797247409820556641e-01
8.074680566787719727e-01
7.704061269760131836e-01
1.000000000000000000e+00
1.000000000000000000e+00
9.523168802261352539e-01
9.995985627174377441e-01
8.686201572418212891e-01
9.999909400939941406e-01
7.223074436187744141e-01
8.947784304618835449e-01
1.000000000000000000e+00
1.000000000000000000e+00
1.000000000000000000e+00
7.100822329521179199e-01
7.486091852188110352e-01
7.950162887573242188e-01
9.112711548805236816e-01
8.396913409233093262e-01
7.680808305740356445e-01
8.746718168258666992e-01
9.229255914688110352e-01
7.857604026794433594e-01
9.548910856246948242e-01
8.922139406204223633e-01
1.000000000000000000e+00
9.364071488380432129e-01
8.985667228698730469e-01
6.863417625427246094e-01
1.000000000000000000e+00
8.609080314636230469e-01
8.573414087295532227e-01
8.839572668075561523e-01
8.238478302955627441e-01
9.526132941246032715e-01
1.000000000000000000e+00
7.004352807998657227e-01
8.732167482376098633e-01
8.423020243644714355e-01
8.049629926681518555e-01
8.284406661987304688e-01
9.241212010383605957e-01
9.999718070030212402e-01
1.000000000000000000e+00
7.764388918876647949e-01
8.668218851089477539e-01
7.642901539802551270e-01
9.923431277275085449e-01
1.000000000000000000e+00
8.619547486305236816e-01
8.573321700096130371e-01
9.913139343261718750e-01
7.407813668251037598e-01
7.543118000030517578e-01
8.506450653076171875e-01
7.855339050292968750e-01
7.688089609146118164e-01
9.191839098930358887e-01
9.999603033065795898e-01
7.691595554351806641e-01
8.529361486434936523e-01
8.295026421546936035e-01
6.886559724807739258e-01
1.000000000000000000e+00
1.000000000000000000e+00
8.417279720306396484e-01
9.999406933784484863e-01
7.625272274017333984e-01
9.013076424598693848e-01
8.544412255287170410e-01
9.998481869697570801e-01
1.000000000000000000e+00
9.866401553153991699e-01
1.000000000000000000e+00
9.758748412132263184e-01
9.996456503868103027e-01
8.938705325126647949e-01
9.991307258605957031e-01
1.000000000000000000e+00
8.268219828605651855e-01
8.996996879577636719e-01
9.997370243072509766e-01
1.000000000000000000e+00
1.000000000000000000e+00
8.606025576591491699e-01
7.564201354980468750e-01
9.834709763526916504e-01
8.635303974151611328e-01
9.160538911819458008e-01
7.759645581245422363e-01
8.464724421501159668e-01
9.932696223258972168e-01
1.000000000000000000e+00
9.999945163726806641e-01
1.000000000000000000e+00
1.000000000000000000e+00
1.000000000000000000e+00
7.202186584472656250e-01
8.658242225646972656e-01
1.000000000000000000e+00
8.966522812843322754e-01
9.999519586563110352e-01
1.000000000000000000e+00
7.520993947982788086e-01
1.000000000000000000e+00
1.000000000000000000e+00
8.330224156379699707e-01
7.862027883529663086e-01
7.799999713897705078e-01
8.778463006019592285e-01
9.971886277198791504e-01
1.000000000000000000e+00
9.999996423721313477e-01
7.290253639221191406e-01
7.831578850746154785e-01
1.000000000000000000e+00
1.000000000000000000e+00
1.000000000000000000e+00
9.998084306716918945e-01
9.440122842788696289e-01
8.904691934585571289e-01
7.773170471191406250e-01
1.000000000000000000e+00
1.000000000000000000e+00
1.000000000000000000e+00
9.147181510925292969e-01
8.589074611663818359e-01
7.488173246383666992e-01
1.000000000000000000e+00
1.000000000000000000e+00
7.825204730033874512e-01
7.337455749511718750e-01
9.239258766174316406e-01
6.627831459045410156e-01
8.433467745780944824e-01
9.528513550758361816e-01
9.998443126678466797e-01
8.099024891853332520e-01
1.000000000000000000e+00
8.121687173843383789e-01
7.070703506469726562e-01
1.000000000000000000e+00
8.127405047416687012e-01
9.448904991149902344e-01
1.000000000000000000e+00
8.197271823883056641e-01
8.273222446441650391e-01
1.000000000000000000e+00
9.136466979980468750e-01
7.930826544761657715e-01
8.325177431106567383e-01
7.475841045379638672e-01
1.000000000000000000e+00
8.679698705673217773e-01
1.000000000000000000e+00
9.110500216484069824e-01
1.000000000000000000e+00
9.311883449554443359e-01
1.000000000000000000e+00
8.184494376182556152e-01
6.852570772171020508e-01
8.144581913948059082e-01
7.080503106117248535e-01
7.740308046340942383e-01
8.953680992126464844e-01
8.757706284523010254e-01
8.705071210861206055e-01
9.999915361404418945e-01
7.990275621414184570e-01
7.355065345764160156e-01
1.000000000000000000e+00
7.473951578140258789e-01
6.841760277748107910e-01
9.986775517463684082e-01
9.222345948219299316e-01
7.397686839103698730e-01
8.509092926979064941e-01
9.128950238227844238e-01
9.749719500541687012e-01
1.000000000000000000e+00
6.845543384552001953e-01
8.163042068481445312e-01
1.000000000000000000e+00
8.813463449478149414e-01
8.374166488647460938e-01
9.148707389831542969e-01
9.203667044639587402e-01
9.999912381172180176e-01
7.508671283721923828e-01
1.000000000000000000e+00
9.978998899459838867e-01
9.585761427879333496e-01
1.000000000000000000e+00
1.000000000000000000e+00
6.637661457061767578e-01
8.974311947822570801e-01
9.985927939414978027e-01
9.176350831985473633e-01
1.000000000000000000e+00
6.864136457443237305e-01
7.238935828208923340e-01
7.775573730468750000e-01
1.000000000000000000e+00
9.225711822509765625e-01
1.000000000000000000e+00
9.620321989059448242e-01
7.079767584800720215e-01
1.000000000000000000e+00
7.696746587753295898e-01
7.477694749832153320e-01
8.894990086555480957e-01
9.069226980209350586e-01
1.000000000000000000e+00
1.000000000000000000e+00
1.000000000000000000e+00
8.640769124031066895e-01
9.147986769676208496e-01
7.081639766693115234e-01
7.701002955436706543e-01
1.000000000000000000e+00
9.987397789955139160e-01
8.045920133590698242e-01
7.860601544380187988e-01
9.998039007186889648e-01
9.985029697418212891e-01
7.507002949714660645e-01
8.691588640213012695e-01
7.725860476493835449e-01
7.194554805755615234e-01
8.858950734138488770e-01
8.929291367530822754e-01
7.797680497169494629e-01
9.129848480224609375e-01
8.979823589324951172e-01
8.314788937568664551e-01
1.000000000000000000e+00
8.457410335540771484e-01
9.586157202720642090e-01
9.303730130195617676e-01
7.922527790069580078e-01
7.264868617057800293e-01
8.643654584884643555e-01
6.891037225723266602e-01
9.529650211334228516e-01
6.781751513481140137e-01
8.788701295852661133e-01
7.311475276947021484e-01
7.404164075851440430e-01
7.385715246200561523e-01
1.000000000000000000e+00
8.011865615844726562e-01
7.878566980361938477e-01
8.043943047523498535e-01
9.336178302764892578e-01
9.115682840347290039e-01
7.038185000419616699e-01
8.957505822181701660e-01
7.424710988998413086e-01
7.816709280014038086e-01
7.292243242263793945e-01
1.000000000000000000e+00
9.731089472770690918e-01
1.000000000000000000e+00
9.584155082702636719e-01
1.000000000000000000e+00
7.121832370758056641e-01
8.514508008956909180e-01
9.196351170539855957e-01
1.000000000000000000e+00
1.000000000000000000e+00
9.236530065536499023e-01
7.823355793952941895e-01
7.961547374725341797e-01
8.227473497390747070e-01
8.583049774169921875e-01
7.212545871734619141e-01
8.381447196006774902e-01
6.917041540145874023e-01
1.000000000000000000e+00
1.000000000000000000e+00
1.000000000000000000e+00
1.000000000000000000e+00
1.000000000000000000e+00
1.000000000000000000e+00
1.000000000000000000e+00
9.640699028968811035e-01
6.999206542968750000e-01
6.905304193496704102e-01
8.825030922889709473e-01
9.485220313072204590e-01
7.414957880973815918e-01
1.000000000000000000e+00
7.458153367042541504e-01
1.000000000000000000e+00
1.000000000000000000e+00
1.000000000000000000e+00
1.000000000000000000e+00
7.377930283546447754e-01
1.000000000000000000e+00
1.000000000000000000e+00
1.000000000000000000e+00
7.323981523513793945e-01
7.884923219680786133e-01
9.997550249099731445e-01
8.786990642547607422e-01
6.872773766517639160e-01
1.000000000000000000e+00
7.597595453262329102e-01
1.000000000000000000e+00
1.000000000000000000e+00
7.646179199218750000e-01
1.000000000000000000e+00
6.967325210571289062e-01
1.000000000000000000e+00
9.994918704032897949e-01
7.763640880584716797e-01
8.760356903076171875e-01
1.000000000000000000e+00
8.520850539207458496e-01
7.520145177841186523e-01
7.556828856468200684e-01
7.634740471839904785e-01
8.851460814476013184e-01
9.177579879760742188e-01
8.683065176010131836e-01
9.999688863754272461e-01
1.000000000000000000e+00
7.246247529983520508e-01
1.000000000000000000e+00
9.032878875732421875e-01
9.782984256744384766e-01
9.192734360694885254e-01
7.665458917617797852e-01
1.000000000000000000e+00
7.942100167274475098e-01
8.816391229629516602e-01
9.999930262565612793e-01
8.941026926040649414e-01
7.489585876464843750e-01
7.820861339569091797e-01
6.653074622154235840e-01
8.166552782058715820e-01
1.000000000000000000e+00
6.398391723632812500e-01
9.198436737060546875e-01
1.000000000000000000e+00
1.000000000000000000e+00
7.582266330718994141e-01
7.900292873382568359e-01
1.000000000000000000e+00
7.738887071609497070e-01
8.107361793518066406e-01
1.000000000000000000e+00
9.989511966705322266e-01
9.807074666023254395e-01
8.514195680618286133e-01
9.983580708503723145e-01
9.998912215232849121e-01
8.735915422439575195e-01
1.000000000000000000e+00
9.965466856956481934e-01
6.937797069549560547e-01
1.000000000000000000e+00
7.861112356185913086e-01
8.440594077110290527e-01
1.000000000000000000e+00
1.000000000000000000e+00
6.926999092102050781e-01
1.000000000000000000e+00
8.700820207595825195e-01
1.000000000000000000e+00
6.762905716896057129e-01
9.999641776084899902e-01
6.706926822662353516e-01
7.531910538673400879e-01
9.085751771926879883e-01
1.000000000000000000e+00
1.000000000000000000e+00
1.000000000000000000e+00
7.432234287261962891e-01
7.845786809921264648e-01
1.000000000000000000e+00
1.000000000000000000e+00
7.037590742111206055e-01
6.358336210250854492e-01
1.000000000000000000e+00
7.715067863464355469e-01
1.000000000000000000e+00
8.044462800025939941e-01
9.471918344497680664e-01
7.591997981071472168e-01
1.000000000000000000e+00
8.810442090034484863e-01
7.947264313697814941e-01
8.386690616607666016e-01
1.000000000000000000e+00
7.999842762947082520e-01
9.472887516021728516e-01
1.000000000000000000e+00
1.000000000000000000e+00
1.000000000000000000e+00
1.000000000000000000e+00
7.792286276817321777e-01
1.000000000000000000e+00
1.000000000000000000e+00
1.000000000000000000e+00
8.510718345642089844e-01
1.000000000000000000e+00
8.191455602645874023e-01
7.654507160186767578e-01
9.999693036079406738e-01
1.000000000000000000e+00
9.999497532844543457e-01
9.673169851303100586e-01
8.328939676284790039e-01
9.999207258224487305e-01
1.000000000000000000e+00
1.000000000000000000e+00
7.181249856948852539e-01
9.993971586227416992e-01
1.000000000000000000e+00
7.245594859123229980e-01
7.859799861907958984e-01
7.062579393386840820e-01
6.439053416252136230e-01
8.721276521682739258e-01
8.069199323654174805e-01
8.468572497367858887e-01
9.266493916511535645e-01
7.794641256332397461e-01
9.886599779129028320e-01
8.400532007217407227e-01
8.771284818649291992e-01
8.429686427116394043e-01
8.469959497451782227e-01
9.999958872795104980e-01
1.000000000000000000e+00
9.304286837577819824e-01
9.999902844429016113e-01
7.449115514755249023e-01
7.787609696388244629e-01
9.423475265502929688e-01
1.000000000000000000e+00
9.999729394912719727e-01
7.840378284454345703e-01
8.429660201072692871e-01
7.597943544387817383e-01
6.733110547065734863e-01
1.000000000000000000e+00
6.982334852218627930e-01
7.568061947822570801e-01
6.797185540199279785e-01
7.478420734405517578e-01
9.999829530715942383e-01
9.289891719818115234e-01
8.713487386703491211e-01
8.781350255012512207e-01
9.999992847442626953e-01
1.000000000000000000e+00
6.644946336746215820e-01
7.295451164245605469e-01
1.000000000000000000e+00
8.546181917190551758e-01
7.096643447875976562e-01
1.000000000000000000e+00
1.000000000000000000e+00
7.962847352027893066e-01
1.000000000000000000e+00
1.000000000000000000e+00
8.796576261520385742e-01
8.177974820137023926e-01
9.999948740005493164e-01
1.000000000000000000e+00
6.981166601181030273e-01
7.996551990509033203e-01
1.000000000000000000e+00
1.000000000000000000e+00
1.000000000000000000e+00
9.999698400497436523e-01
7.950575351715087891e-01
7.741194963455200195e-01
8.002479672431945801e-01
8.535528182983398438e-01
6.924384832382202148e-01
7.710613608360290527e-01
9.993672370910644531e-01
1.000000000000000000e+00
1.000000000000000000e+00
7.862523794174194336e-01
1.000000000000000000e+00
1.000000000000000000e+00
1.000000000000000000e+00
1.000000000000000000e+00
1.000000000000000000e+00
9.998263716697692871e-01
9.993082880973815918e-01
9.747620820999145508e-01
7.518155574798583984e-01
7.650970220565795898e-01
7.191891670227050781e-01
8.082793951034545898e-01
7.051857709884643555e-01
7.133301496505737305e-01
7.947890758514404297e-01
7.769298553466796875e-01
7.661013007164001465e-01
1.000000000000000000e+00
8.630936145782470703e-01
6.952320337295532227e-01
7.101510763168334961e-01
7.946218252182006836e-01
9.905638694763183594e-01
6.929204463958740234e-01
7.178412675857543945e-01
8.537908196449279785e-01
1.000000000000000000e+00
8.593327999114990234e-01
6.869835853576660156e-01
9.999415278434753418e-01
7.897996306419372559e-01
7.277657985687255859e-01
7.640666365623474121e-01
6.844335794448852539e-01
1.000000000000000000e+00
8.267863988876342773e-01
7.502456903457641602e-01
6.842415332794189453e-01
6.814786195755004883e-01
8.836147785186767578e-01
9.902988076210021973e-01
7.133454084396362305e-01
7.499239444732666016e-01
1.000000000000000000e+00
7.223935127258300781e-01
9.237616658210754395e-01
8.266574740409851074e-01
1.000000000000000000e+00
1.000000000000000000e+00
6.530692577362060547e-01
7.679697275161743164e-01
7.988065481185913086e-01
8.323051333427429199e-01
7.617546319961547852e-01
7.448334693908691406e-01
1.000000000000000000e+00
9.999999403953552246e-01
8.135472536087036133e-01
8.888916969299316406e-01
9.994593262672424316e-01
9.050016403198242188e-01
1.000000000000000000e+00
1.000000000000000000e+00
8.294116258621215820e-01
9.856092333793640137e-01
7.619200944900512695e-01
8.456988930702209473e-01
7.709382772445678711e-01
1.000000000000000000e+00
1.000000000000000000e+00
6.862866878509521484e-01
7.713739275932312012e-01
1.000000000000000000e+00
6.240625977516174316e-01
1.000000000000000000e+00
1.000000000000000000e+00
8.177455663681030273e-01
1.000000000000000000e+00
9.453260898590087891e-01
6.923761963844299316e-01
6.852687001228332520e-01
8.666664958000183105e-01
7.970726490020751953e-01
8.913896083831787109e-01
9.512670636177062988e-01
1.000000000000000000e+00
8.171849250793457031e-01
7.558906674385070801e-01
6.834818124771118164e-01
1.000000000000000000e+00
7.535167932510375977e-01
7.590103745460510254e-01
9.984036684036254883e-01
8.083895444869995117e-01
8.343247175216674805e-01
7.080714106559753418e-01
9.418627619743347168e-01
9.599156975746154785e-01
6.628117561340332031e-01
8.326097130775451660e-01
8.186392188072204590e-01
1.000000000000000000e+00
7.196167111396789551e-01
9.998933076858520508e-01
9.939323067665100098e-01
8.566247224807739258e-01
1.000000000000000000e+00
9.928883314132690430e-01
9.128720164299011230e-01
8.107405900955200195e-01
9.999992251396179199e-01
8.737698197364807129e-01
9.992135167121887207e-01
1.000000000000000000e+00
1.000000000000000000e+00
1.000000000000000000e+00
6.587493419647216797e-01
9.837827086448669434e-01
7.765836715698242188e-01
8.072535991668701172e-01
7.092445492744445801e-01
7.672216892242431641e-01
8.279871344566345215e-01
6.542762517929077148e-01
1.000000000000000000e+00
8.646204471588134766e-01
1.000000000000000000e+00
7.047823667526245117e-01
9.999873042106628418e-01
9.368885755538940430e-01
8.638473749160766602e-01
1.000000000000000000e+00
9.999876022338867188e-01
8.629013299942016602e-01
1.000000000000000000e+00
9.953666925430297852e-01
8.723492026329040527e-01
9.998593330383300781e-01
8.722062706947326660e-01
9.998288154602050781e-01
9.797664284706115723e-01
9.544230699539184570e-01
9.997912645339965820e-01
9.930542707443237305e-01
9.470020532608032227e-01
1.000000000000000000e+00
6.940935850143432617e-01
1.000000000000000000e+00
1.000000000000000000e+00
7.554588317871093750e-01
6.728365421295166016e-01
8.142334222793579102e-01
9.804574847221374512e-01
9.999999403953552246e-01
7.183007001876831055e-01
8.911209106445312500e-01
8.288346529006958008e-01
7.516388893127441406e-01
8.198131322860717773e-01
6.704787015914916992e-01
7.868393659591674805e-01
1.000000000000000000e+00
1.000000000000000000e+00
7.956840991973876953e-01
1.000000000000000000e+00
1.000000000000000000e+00
6.867535114288330078e-01
9.290449023246765137e-01
1.000000000000000000e+00
6.591401100158691406e-01
9.524939060211181641e-01
7.535208463668823242e-01
7.019518613815307617e-01
7.961640954017639160e-01
7.104148268699645996e-01
9.995249509811401367e-01
7.803700566291809082e-01
9.431222677230834961e-01
6.248018741607666016e-01
7.509590387344360352e-01
1.000000000000000000e+00
6.728284358978271484e-01
6.371620297431945801e-01
7.690375447273254395e-01
9.992772340774536133e-01
7.228397130966186523e-01
9.997825622558593750e-01
8.658109903335571289e-01
1.000000000000000000e+00
1.000000000000000000e+00
1.000000000000000000e+00
9.714607596397399902e-01
6.316050291061401367e-01
1.000000000000000000e+00
7.211836576461791992e-01
7.561206817626953125e-01
1.000000000000000000e+00
6.960680484771728516e-01
7.307223677635192871e-01
9.772208333015441895e-01
1.000000000000000000e+00
7.829427123069763184e-01
7.729107141494750977e-01
6.860661506652832031e-01
9.873983860015869141e-01
7.375824451446533203e-01
7.587856054306030273e-01
1.000000000000000000e+00
8.386582732200622559e-01
9.999321699142456055e-01
1.000000000000000000e+00
8.670832514762878418e-01
8.202245235443115234e-01
8.932284116744995117e-01
9.269729256629943848e-01
1.000000000000000000e+00
9.999996423721313477e-01
1.000000000000000000e+00
6.686930656433105469e-01
7.426092028617858887e-01
1.000000000000000000e+00
7.338856458663940430e-01
7.147973775863647461e-01
1.000000000000000000e+00
6.594774723052978516e-01
9.404100775718688965e-01
1.000000000000000000e+00
8.160399198532104492e-01
1.000000000000000000e+00
7.063269615173339844e-01
8.615684509277343750e-01
7.807128429412841797e-01
1.000000000000000000e+00
1.000000000000000000e+00
6.920560598373413086e-01
8.314818143844604492e-01
7.670249938964843750e-01
9.993537068367004395e-01
9.998125433921813965e-01
8.776476383209228516e-01
1.000000000000000000e+00
9.999791979789733887e-01
8.438934087753295898e-01
6.593317985534667969e-01
9.360618591308593750e-01
7.704640030860900879e-01
9.657781124114990234e-01
1.000000000000000000e+00
1.000000000000000000e+00
7.378839850425720215e-01
8.477798104286193848e-01
7.079355120658874512e-01
8.061772584915161133e-01
1.000000000000000000e+00
8.762520551681518555e-01
7.433825135231018066e-01
1.000000000000000000e+00
7.637893557548522949e-01
9.999081492424011230e-01
7.312608957290649414e-01
1.000000000000000000e+00
1.000000000000000000e+00
6.709194183349609375e-01
9.998375773429870605e-01
9.967495203018188477e-01
9.065064787864685059e-01
8.142055869102478027e-01
1.000000000000000000e+00
9.936602115631103516e-01
1.000000000000000000e+00
7.105771303176879883e-01
1.000000000000000000e+00
7.362002134323120117e-01
1.000000000000000000e+00
1.000000000000000000e+00
7.704809308052062988e-01
1.000000000000000000e+00
7.656235694885253906e-01
6.834663748741149902e-01
7.841932773590087891e-01
1.000000000000000000e+00
9.449970126152038574e-01
6.928097009658813477e-01
8.680098056793212891e-01
5.894780158996582031e-01
1.000000000000000000e+00
1.000000000000000000e+00
9.999734163284301758e-01
8.795483112335205078e-01
1.000000000000000000e+00
9.953005909919738770e-01
1.000000000000000000e+00
9.301269054412841797e-01
1.000000000000000000e+00
6.232932806015014648e-01
1.000000000000000000e+00
9.245717525482177734e-01
7.442647814750671387e-01
8.871859908103942871e-01
1.000000000000000000e+00
6.943224668502807617e-01
8.459504842758178711e-01
7.267013788223266602e-01
8.523012995719909668e-01
8.559072017669677734e-01
7.311419248580932617e-01
6.648213267326354980e-01
8.917287588119506836e-01
7.856258749961853027e-01
1.000000000000000000e+00
7.515087127685546875e-01
1.000000000000000000e+00
8.609548807144165039e-01
8.167765736579895020e-01
1.000000000000000000e+00
9.999772906303405762e-01
9.999991655349731445e-01
1.000000000000000000e+00
8.640855550765991211e-01
9.113982915878295898e-01
8.789611458778381348e-01
8.426232933998107910e-01
8.373643755912780762e-01
1.000000000000000000e+00
9.063403010368347168e-01
1.000000000000000000e+00
8.619478344917297363e-01
9.912897944450378418e-01
1.000000000000000000e+00
7.632090449333190918e-01
7.329131364822387695e-01
1.000000000000000000e+00
6.381936073303222656e-01
1.000000000000000000e+00
7.071980237960815430e-01
6.872233152389526367e-01
7.124453783035278320e-01
6.858354806900024414e-01
7.086504697799682617e-01
8.575934171676635742e-01
1.000000000000000000e+00
6.983343362808227539e-01
6.918724775314331055e-01
1.000000000000000000e+00
1.000000000000000000e+00
8.127388358116149902e-01
1.000000000000000000e+00
1.000000000000000000e+00
9.999670386314392090e-01
8.374966382980346680e-01
1.000000000000000000e+00
9.600134491920471191e-01
6.804575324058532715e-01
7.479784488677978516e-01
9.973249435424804688e-01
1.000000000000000000e+00
1.000000000000000000e+00
9.930654168128967285e-01
1.000000000000000000e+00
8.249315023422241211e-01
9.994812011718750000e-01
7.134397029876708984e-01
8.273410201072692871e-01
8.134504556655883789e-01
1.000000000000000000e+00
1.000000000000000000e+00
8.460189104080200195e-01
7.289917469024658203e-01
7.518740892410278320e-01
6.984338760375976562e-01
9.993470311164855957e-01
1.000000000000000000e+00
8.181892633438110352e-01
1.000000000000000000e+00
1.000000000000000000e+00
1.000000000000000000e+00
1.000000000000000000e+00
7.578367590904235840e-01
7.738538980484008789e-01
9.982772469520568848e-01
1.000000000000000000e+00
1.000000000000000000e+00
1.000000000000000000e+00
7.271097898483276367e-01
9.182418584823608398e-01
1.000000000000000000e+00
9.808747172355651855e-01
6.580696105957031250e-01
1.000000000000000000e+00
9.996305704116821289e-01
8.611235022544860840e-01
6.871268749237060547e-01
7.119967937469482422e-01
6.992409229278564453e-01
1.000000000000000000e+00
8.887932896614074707e-01
1.000000000000000000e+00
1.000000000000000000e+00
8.460876941680908203e-01
7.871326208114624023e-01
6.048862934112548828e-01
7.504377961158752441e-01
7.551589012145996094e-01
8.386709690093994141e-01
8.306456208229064941e-01
9.996659755706787109e-01
1.000000000000000000e+00
8.210762739181518555e-01
8.002263307571411133e-01
8.443624973297119141e-01
9.715204834938049316e-01
7.843141555786132812e-01
6.843409538269042969e-01
1.000000000000000000e+00
1.000000000000000000e+00
7.192515730857849121e-01
1.000000000000000000e+00
7.669829130172729492e-01
6.689519882202148438e-01
9.801705479621887207e-01
1.000000000000000000e+00
6.565670967102050781e-01
1.000000000000000000e+00
1.000000000000000000e+00
9.999879002571105957e-01
7.204018831253051758e-01
1.000000000000000000e+00
1.000000000000000000e+00
1.000000000000000000e+00
7.685478925704956055e-01
7.089862227439880371e-01
6.801526546478271484e-01
7.584993839263916016e-01
9.170486927032470703e-01
7.660062313079833984e-01
7.936913967132568359e-01
7.663303017616271973e-01
8.672440052032470703e-01
6.815333366394042969e-01
7.682118415832519531e-01
8.338060379028320312e-01
1.000000000000000000e+00
7.371559143066406250e-01
9.909200072288513184e-01
9.952817559242248535e-01
7.512778043746948242e-01
8.443737030029296875e-01
8.621615171432495117e-01
6.486963033676147461e-01
1.000000000000000000e+00
8.919760584831237793e-01
1.000000000000000000e+00
9.257052540779113770e-01
7.900823354721069336e-01
9.714385271072387695e-01
1.000000000000000000e+00
8.129197955131530762e-01
6.368684768676757812e-01
7.798815965652465820e-01
8.162354230880737305e-01
1.000000000000000000e+00
7.783699035644531250e-01
9.299353361129760742e-01
7.592666149139404297e-01
6.676126718521118164e-01
1.000000000000000000e+00
9.277762770652770996e-01
9.688405990600585938e-01
5.864577293395996094e-01
1.000000000000000000e+00
1.000000000000000000e+00
8.550656437873840332e-01
9.334876537322998047e-01
7.657533288002014160e-01
8.191095590591430664e-01
1.000000000000000000e+00
6.864402294158935547e-01
7.748125195503234863e-01
6.902480125427246094e-01
9.236882925033569336e-01
9.898385405540466309e-01
1.000000000000000000e+00
8.685317635536193848e-01
7.577379941940307617e-01
7.207478284835815430e-01
1.000000000000000000e+00
9.999220967292785645e-01
8.085814118385314941e-01
6.655603647232055664e-01
6.047158837318420410e-01
9.998123645782470703e-01
9.999991655349731445e-01
1.000000000000000000e+00
9.984930753707885742e-01
9.531056284904479980e-01
1.000000000000000000e+00
8.570796847343444824e-01
1.000000000000000000e+00
7.744365930557250977e-01
8.690363168716430664e-01
8.914509415626525879e-01
7.051638364791870117e-01
9.698697924613952637e-01
9.945697188377380371e-01
9.999949336051940918e-01
1.000000000000000000e+00
7.958064675331115723e-01
7.281491756439208984e-01
1.000000000000000000e+00
7.623589634895324707e-01
6.484196186065673828e-01
1.000000000000000000e+00
1.000000000000000000e+00
1.000000000000000000e+00
6.568688154220581055e-01
1.000000000000000000e+00
1.000000000000000000e+00
7.698204517364501953e-01
7.655737400054931641e-01
7.418326139450073242e-01
8.913947939872741699e-01
1.000000000000000000e+00
8.981104493141174316e-01
1.000000000000000000e+00
6.653915643692016602e-01
1.000000000000000000e+00
9.921512007713317871e-01
1.000000000000000000e+00
1.000000000000000000e+00
1.000000000000000000e+00
1.000000000000000000e+00
8.176677227020263672e-01
1.000000000000000000e+00
7.840319871902465820e-01
9.999996423721313477e-01
9.490284323692321777e-01
1.000000000000000000e+00
7.305202484130859375e-01
9.633900523185729980e-01
9.993443489074707031e-01
9.999351501464843750e-01
7.699822187423706055e-01
7.928484678268432617e-01
8.079138994216918945e-01
9.924013018608093262e-01
1.000000000000000000e+00
8.889598846435546875e-01
7.530795335769653320e-01
1.000000000000000000e+00
7.205148935317993164e-01
1.000000000000000000e+00
1.000000000000000000e+00
8.265367746353149414e-01
7.056714296340942383e-01
7.810299992561340332e-01
8.472082614898681641e-01
1.000000000000000000e+00
9.997408390045166016e-01
9.996288418769836426e-01
1.000000000000000000e+00
1.000000000000000000e+00
9.415960311889648438e-01
8.332166671752929688e-01
1.000000000000000000e+00
6.037176251411437988e-01
8.870997428894042969e-01
1.000000000000000000e+00
6.485795974731445312e-01
8.225530385971069336e-01
8.553227186203002930e-01
9.720334410667419434e-01
6.751921176910400391e-01
7.533040046691894531e-01
1.000000000000000000e+00
9.150616526603698730e-01
6.576601862907409668e-01
1.000000000000000000e+00
9.135010838508605957e-01
7.716717720031738281e-01
8.146170973777770996e-01
1.000000000000000000e+00
9.125946760177612305e-01
9.033733010292053223e-01
1.000000000000000000e+00
9.529846906661987305e-01
7.742367982864379883e-01
1.000000000000000000e+00
1.000000000000000000e+00
1.000000000000000000e+00
1.000000000000000000e+00
6.867637038230895996e-01
8.459932208061218262e-01
8.216495513916015625e-01
1.000000000000000000e+00
9.173998832702636719e-01
1.000000000000000000e+00
9.334248304367065430e-01
7.268894910812377930e-01
7.257447242736816406e-01
1.000000000000000000e+00
8.557771444320678711e-01
7.748209834098815918e-01
7.394073605537414551e-01
1.000000000000000000e+00
1.000000000000000000e+00
7.816671133041381836e-01
9.996920824050903320e-01
7.021055221557617188e-01
8.968693017959594727e-01
6.979203224182128906e-01
8.441631793975830078e-01
8.706423640251159668e-01
6.557160019874572754e-01
7.733308672904968262e-01
8.492364883422851562e-01
6.662815809249877930e-01
7.199161052703857422e-01
1.000000000000000000e+00
7.110826969146728516e-01
1.000000000000000000e+00
1.000000000000000000e+00
1.000000000000000000e+00
7.684065699577331543e-01
8.231764435768127441e-01
9.997501373291015625e-01
6.974308490753173828e-01
7.282427549362182617e-01
9.988755583763122559e-01
9.997672438621520996e-01
1.000000000000000000e+00
7.223747372627258301e-01
9.998629093170166016e-01
8.697361946105957031e-01
9.999998807907104492e-01
9.446197748184204102e-01
1.000000000000000000e+00
1.000000000000000000e+00
9.720159769058227539e-01
9.974816441535949707e-01
1.000000000000000000e+00
7.279134988784790039e-01
8.815770745277404785e-01
1.000000000000000000e+00
8.040541410446166992e-01
8.483531475067138672e-01
6.339071989059448242e-01
6.873205304145812988e-01
7.290554046630859375e-01
9.999864697456359863e-01
8.368875980377197266e-01
6.763923764228820801e-01
7.836774587631225586e-01
7.557538747787475586e-01
1.000000000000000000e+00
9.997397065162658691e-01
1.000000000000000000e+00
1.000000000000000000e+00
9.931101202964782715e-01
7.458218932151794434e-01
8.515119552612304688e-01
9.343738555908203125e-01
1.000000000000000000e+00
1.000000000000000000e+00
1.000000000000000000e+00
1.000000000000000000e+00
6.483012437820434570e-01
6.229857802391052246e-01
1.000000000000000000e+00
7.156794071197509766e-01
1.000000000000000000e+00
8.151199817657470703e-01
1.000000000000000000e+00
8.960050344467163086e-01
6.829364299774169922e-01
1.000000000000000000e+00
7.747766375541687012e-01
7.512642145156860352e-01
9.662389159202575684e-01
6.768476963043212891e-01
6.400841474533081055e-01
8.194062709808349609e-01
8.866389989852905273e-01
9.041003584861755371e-01
9.669646620750427246e-01
8.831036686897277832e-01
9.735556244850158691e-01
9.979544281959533691e-01
1.000000000000000000e+00
1.000000000000000000e+00
6.674473285675048828e-01
6.502873897552490234e-01
1.000000000000000000e+00
1.000000000000000000e+00
6.755599975585937500e-01
1.000000000000000000e+00
1.000000000000000000e+00
9.997590780258178711e-01
6.864035129547119141e-01
7.458909749984741211e-01
1.000000000000000000e+00
9.357559680938720703e-01
6.540101766586303711e-01
7.411281466484069824e-01
8.857716321945190430e-01
6.908181905746459961e-01
1.000000000000000000e+00
6.367571353912353516e-01
9.930222630500793457e-01
1.000000000000000000e+00
1.000000000000000000e+00
9.794588685035705566e-01
7.863622903823852539e-01
8.594368696212768555e-01
7.047801017761230469e-01
7.202634811401367188e-01
7.444863915443420410e-01
1.000000000000000000e+00
7.737194299697875977e-01
7.108144760131835938e-01
7.332037687301635742e-01
9.999987483024597168e-01
6.950807571411132812e-01
1.000000000000000000e+00
1.000000000000000000e+00
7.693804502487182617e-01
6.606478095054626465e-01
1.000000000000000000e+00
7.126487493515014648e-01
6.745568513870239258e-01
1.000000000000000000e+00
7.792611122131347656e-01
1.000000000000000000e+00
7.072983980178833008e-01
6.112737059593200684e-01
7.038677334785461426e-01
1.000000000000000000e+00
7.368259429931640625e-01
1.000000000000000000e+00
6.161565780639648438e-01
8.663297891616821289e-01
6.336991786956787109e-01
6.116660237312316895e-01
9.613156914710998535e-01
7.100729942321777344e-01
9.890483021736145020e-01
8.856039047241210938e-01
7.071781158447265625e-01
1.000000000000000000e+00
1.000000000000000000e+00
1.000000000000000000e+00
1.000000000000000000e+00
6.809509396553039551e-01
9.997525215148925781e-01
7.062761187553405762e-01
1.000000000000000000e+00
1.000000000000000000e+00
8.032896518707275391e-01
1.000000000000000000e+00
9.996870756149291992e-01
8.699736595153808594e-01
6.735220551490783691e-01
1.000000000000000000e+00
9.631918668746948242e-01
1.000000000000000000e+00
6.845523118972778320e-01
7.318761944770812988e-01
1.000000000000000000e+00
7.333712577819824219e-01
6.239376068115234375e-01
1.000000000000000000e+00
9.928247332572937012e-01
1.000000000000000000e+00
8.989694118499755859e-01
9.928621649742126465e-01
1.000000000000000000e+00
7.863590717315673828e-01
8.752983212471008301e-01
7.462834715843200684e-01
1.000000000000000000e+00
7.267980575561523438e-01
9.999896883964538574e-01
9.992550611495971680e-01
7.974071502685546875e-01
8.628230094909667969e-01
8.015294671058654785e-01
8.540182113647460938e-01
7.544935941696166992e-01
1.000000000000000000e+00
1.000000000000000000e+00
9.994657635688781738e-01
9.041386246681213379e-01
5.953898429870605469e-01
9.990597963333129883e-01
5.770940780639648438e-01
7.908931374549865723e-01
1.000000000000000000e+00
8.675506114959716797e-01
5.989204645156860352e-01
7.343870401382446289e-01
9.999752044677734375e-01
8.891614079475402832e-01
8.147073984146118164e-01
1.000000000000000000e+00
7.988942861557006836e-01
6.544677615165710449e-01
7.718676328659057617e-01
6.816776990890502930e-01
1.000000000000000000e+00
1.000000000000000000e+00
6.295572519302368164e-01
1.000000000000000000e+00
7.213344573974609375e-01
1.000000000000000000e+00
6.953634023666381836e-01
9.081054925918579102e-01
9.997584223747253418e-01
9.548225402832031250e-01
8.511477112770080566e-01
1.000000000000000000e+00
1.000000000000000000e+00
6.824917793273925781e-01
6.702592372894287109e-01
8.174661397933959961e-01
1.000000000000000000e+00
1.000000000000000000e+00
8.225264549255371094e-01
7.721248865127563477e-01
7.053047418594360352e-01
6.483194828033447266e-01
8.873203396797180176e-01
1.000000000000000000e+00
6.691132187843322754e-01
8.274825811386108398e-01
9.949454665184020996e-01
1.000000000000000000e+00
7.914184927940368652e-01
1.000000000000000000e+00
1.000000000000000000e+00
7.191051840782165527e-01
6.562180519104003906e-01
9.019524455070495605e-01
9.396134614944458008e-01
7.043526172637939453e-01
6.291093826293945312e-01
7.552852034568786621e-01
6.808227896690368652e-01
9.493151903152465820e-01
7.170069813728332520e-01
9.315124750137329102e-01
1.000000000000000000e+00
6.899538040161132812e-01
9.524765610694885254e-01
7.256680727005004883e-01
9.221694469451904297e-01
1.000000000000000000e+00
1.000000000000000000e+00
7.676879167556762695e-01
1.000000000000000000e+00
1.000000000000000000e+00
1.000000000000000000e+00
6.698182821273803711e-01
8.638052940368652344e-01
1.000000000000000000e+00
6.423848271369934082e-01
9.999795556068420410e-01
9.999964237213134766e-01
1.000000000000000000e+00
7.284201383590698242e-01
7.677983641624450684e-01
7.567073106765747070e-01
1.000000000000000000e+00
7.741649150848388672e-01
7.600078582763671875e-01
8.295007348060607910e-01
6.768543720245361328e-01
1.000000000000000000e+00
9.337487816810607910e-01
7.511103153228759766e-01
7.295620441436767578e-01
9.999870061874389648e-01
6.050854325294494629e-01
1.000000000000000000e+00
9.999643564224243164e-01
6.951800584793090820e-01
8.182412385940551758e-01
1.000000000000000000e+00
9.053077697753906250e-01
1.000000000000000000e+00
1.000000000000000000e+00
9.999577403068542480e-01
9.276119470596313477e-01
1.000000000000000000e+00
6.233955621719360352e-01
9.239293336868286133e-01
1.000000000000000000e+00
9.354004859924316406e-01
1.000000000000000000e+00
9.996021389961242676e-01
6.593761444091796875e-01
7.963020205497741699e-01
7.731577157974243164e-01
9.973806738853454590e-01
1.000000000000000000e+00
6.349844932556152344e-01
7.810305356979370117e-01
1.000000000000000000e+00
9.999957680702209473e-01
1.000000000000000000e+00
1.000000000000000000e+00
6.885786056518554688e-01
8.539246916770935059e-01
9.999177455902099609e-01
1.000000000000000000e+00
7.258101105690002441e-01
1.000000000000000000e+00
9.353970289230346680e-01
5.950889587402343750e-01
1.000000000000000000e+00
9.999999403953552246e-01
9.192807078361511230e-01
9.999530911445617676e-01
6.827389001846313477e-01
6.412462592124938965e-01
5.976140499114990234e-01
9.832789897918701172e-01
1.000000000000000000e+00
9.200584292411804199e-01
1.000000000000000000e+00
5.829799175262451172e-01
8.507148027420043945e-01
6.838134527206420898e-01
8.543019294738769531e-01
7.614587545394897461e-01
6.199505329132080078e-01
8.575623035430908203e-01
9.982056617736816406e-01
6.491976380348205566e-01
6.453096866607666016e-01
9.998621940612792969e-01
6.369997262954711914e-01
9.541359543800354004e-01
7.873736619949340820e-01
8.710384964942932129e-01
1.000000000000000000e+00
7.382916808128356934e-01
6.438088417053222656e-01
1.000000000000000000e+00
1.000000000000000000e+00
1.000000000000000000e+00
7.644115686416625977e-01
7.365742921829223633e-01
1.000000000000000000e+00
1.000000000000000000e+00
1.000000000000000000e+00
9.049076437950134277e-01
8.149972558021545410e-01
6.092916727066040039e-01
9.938942790031433105e-01
1.000000000000000000e+00
9.998433589935302734e-01
7.193006277084350586e-01
9.999881386756896973e-01
7.194998264312744141e-01
1.000000000000000000e+00
1.000000000000000000e+00
8.010379076004028320e-01
1.000000000000000000e+00
9.999448060989379883e-01
7.514317631721496582e-01
7.231068611145019531e-01
7.589270472526550293e-01
9.119285941123962402e-01
7.330232858657836914e-01
7.920250296592712402e-01
1.000000000000000000e+00
9.019763469696044922e-01
7.422862052917480469e-01
8.168267607688903809e-01
8.937329053878784180e-01
9.608035683631896973e-01
1.000000000000000000e+00
6.822406053543090820e-01
7.597209811210632324e-01
9.999991059303283691e-01
8.350554704666137695e-01
8.978147506713867188e-01
1.000000000000000000e+00
9.999853372573852539e-01
8.803136348724365234e-01
1.000000000000000000e+00
5.961965322494506836e-01
9.081188440322875977e-01
1.000000000000000000e+00
8.017171025276184082e-01
1.000000000000000000e+00
7.603756189346313477e-01
9.999988675117492676e-01
1.000000000000000000e+00
9.224393963813781738e-01
7.855533957481384277e-01
7.756465077400207520e-01
8.835011124610900879e-01
1.000000000000000000e+00
9.983796477317810059e-01
1.000000000000000000e+00
7.699353694915771484e-01
7.600226402282714844e-01
7.327486276626586914e-01
1.000000000000000000e+00
1.000000000000000000e+00
1.000000000000000000e+00
6.827744245529174805e-01
7.028533220291137695e-01
9.542961716651916504e-01
6.977686882019042969e-01
1.000000000000000000e+00
7.633858323097229004e-01
7.192882895469665527e-01
8.121514320373535156e-01
7.415459156036376953e-01
9.226480126380920410e-01
9.364380240440368652e-01
7.630336284637451172e-01
1.000000000000000000e+00
7.477366924285888672e-01
5.898872017860412598e-01
8.531927466392517090e-01
8.269980549812316895e-01
1.000000000000000000e+00
6.868644952774047852e-01
7.778284549713134766e-01
9.999077916145324707e-01
9.635408520698547363e-01
1.000000000000000000e+00
8.128380179405212402e-01
8.383607864379882812e-01
1.000000000000000000e+00
7.528455853462219238e-01
1.000000000000000000e+00
6.516160964965820312e-01
7.816014885902404785e-01
7.864862680435180664e-01
7.419239282608032227e-01
9.964774847030639648e-01
7.731817364692687988e-01
8.268301486968994141e-01
9.365700483322143555e-01
1.000000000000000000e+00
7.011783123016357422e-01
6.419111490249633789e-01
6.869903206825256348e-01
7.895507812500000000e-01
8.047436475753784180e-01
9.912931323051452637e-01
9.995424747467041016e-01
6.588187217712402344e-01
1.000000000000000000e+00
1.000000000000000000e+00
1.000000000000000000e+00
9.991622567176818848e-01
7.158662080764770508e-01
9.991771578788757324e-01
9.974820017814636230e-01
1.000000000000000000e+00
7.487226724624633789e-01
7.954474687576293945e-01
1.000000000000000000e+00
1.000000000000000000e+00
7.191690206527709961e-01
8.602521419525146484e-01
1.000000000000000000e+00
7.628508806228637695e-01
7.158495187759399414e-01
1.000000000000000000e+00
8.360788822174072266e-01
1.000000000000000000e+00
1.000000000000000000e+00
9.312906265258789062e-01
1.000000000000000000e+00
1.000000000000000000e+00
1.000000000000000000e+00
1.000000000000000000e+00
7.627962827682495117e-01
6.955286264419555664e-01
7.193888425827026367e-01
1.000000000000000000e+00
5.965922474861145020e-01
6.244966387748718262e-01
6.391068696975708008e-01
1.000000000000000000e+00
5.726559162139892578e-01
1.000000000000000000e+00
1.000000000000000000e+00
9.999139308929443359e-01
1.000000000000000000e+00
7.645240426063537598e-01
6.073020696640014648e-01
7.449349164962768555e-01
7.234593629837036133e-01
9.523597359657287598e-01
7.720462083816528320e-01
6.911857128143310547e-01
9.500837326049804688e-01
7.363852858543395996e-01
9.999995827674865723e-01
1.000000000000000000e+00
1.000000000000000000e+00
8.674741983413696289e-01
7.569390535354614258e-01
7.020249366760253906e-01
6.520712971687316895e-01
8.445661067962646484e-01
1.000000000000000000e+00
6.050128340721130371e-01
1.000000000000000000e+00
8.469616174697875977e-01
7.076805830001831055e-01
1.000000000000000000e+00
9.999189376831054688e-01
6.884256601333618164e-01
5.984898805618286133e-01
9.996074438095092773e-01
9.999769330024719238e-01
9.339225888252258301e-01
9.653809666633605957e-01
5.465120077133178711e-01
9.075983762741088867e-01
8.374656438827514648e-01
1.000000000000000000e+00
1.000000000000000000e+00
7.359007596969604492e-01
1.000000000000000000e+00
1.000000000000000000e+00
1.000000000000000000e+00
9.008403420448303223e-01
1.000000000000000000e+00
8.514223098754882812e-01
8.970928192138671875e-01
1.000000000000000000e+00
6.706582307815551758e-01
1.000000000000000000e+00
9.117027521133422852e-01
6.166159510612487793e-01
9.795073270797729492e-01
7.669446468353271484e-01
1.000000000000000000e+00
9.913402795791625977e-01
1.000000000000000000e+00
1.000000000000000000e+00
1.000000000000000000e+00
1.000000000000000000e+00
8.791240453720092773e-01
1.000000000000000000e+00
8.717103004455566406e-01
1.000000000000000000e+00
9.896672964096069336e-01
1.000000000000000000e+00
1.000000000000000000e+00
9.999163746833801270e-01
9.999916553497314453e-01
1.000000000000000000e+00
6.965285539627075195e-01
8.550766706466674805e-01
9.997681379318237305e-01
1.000000000000000000e+00
1.000000000000000000e+00
6.288903951644897461e-01
1.000000000000000000e+00
8.014948368072509766e-01
1.000000000000000000e+00
5.809195041656494141e-01
1.000000000000000000e+00
7.142205238342285156e-01
9.996103644371032715e-01
9.999945163726806641e-01
1.000000000000000000e+00
1.000000000000000000e+00
7.821370363235473633e-01
6.170132160186767578e-01
7.587597370147705078e-01
7.457233667373657227e-01
9.996549487113952637e-01
1.000000000000000000e+00
5.723816752433776855e-01
7.708235383033752441e-01
9.866265654563903809e-01
6.424205303192138672e-01
1.000000000000000000e+00
9.999690055847167969e-01
8.314408063888549805e-01
7.580044269561767578e-01
1.000000000000000000e+00
9.139196872711181641e-01
1.000000000000000000e+00
7.625454068183898926e-01
7.721103429794311523e-01
5.755151510238647461e-01
1.000000000000000000e+00
5.988891124725341797e-01
6.140004992485046387e-01
6.897239685058593750e-01
6.192650794982910156e-01
8.349264860153198242e-01
7.936673164367675781e-01
1.000000000000000000e+00
5.715909600257873535e-01
7.459483742713928223e-01
9.996988177299499512e-01
5.320050716400146484e-01
9.999525547027587891e-01
6.316731572151184082e-01
7.447441816329956055e-01
9.337400197982788086e-01
1.000000000000000000e+00
1.000000000000000000e+00
8.743548989295959473e-01
9.985779523849487305e-01
1.000000000000000000e+00
8.570662736892700195e-01
9.962139129638671875e-01
1.000000000000000000e+00
8.078199028968811035e-01
7.394345998764038086e-01
7.511687278747558594e-01
1.000000000000000000e+00
8.536231517791748047e-01
7.614113092422485352e-01
9.995367527008056641e-01
9.999419450759887695e-01
1.000000000000000000e+00
9.355657100677490234e-01
8.730850815773010254e-01
9.619044065475463867e-01
1.000000000000000000e+00
6.263220310211181641e-01
9.857969880104064941e-01
1.000000000000000000e+00
7.367250323295593262e-01
1.000000000000000000e+00
7.279075384140014648e-01
1.000000000000000000e+00
1.000000000000000000e+00
6.917122602462768555e-01
1.000000000000000000e+00
5.586625337600708008e-01
1.000000000000000000e+00
7.723742723464965820e-01
8.322705030441284180e-01
1.000000000000000000e+00
6.781512498855590820e-01
6.228267550468444824e-01
6.695408821105957031e-01
1.000000000000000000e+00
1.000000000000000000e+00
5.497331619262695312e-01
1.000000000000000000e+00
1.000000000000000000e+00
9.402269721031188965e-01
9.231632947921752930e-01
1.000000000000000000e+00
7.833853363990783691e-01
6.032981276512145996e-01
9.998675584793090820e-01
8.361241221427917480e-01
5.994524359703063965e-01
9.944461584091186523e-01
7.835698723793029785e-01
7.553826570510864258e-01
9.999703764915466309e-01
7.578751444816589355e-01
7.470457553863525391e-01
9.095821380615234375e-01
1.000000000000000000e+00
7.562562227249145508e-01
1.000000000000000000e+00
7.032664418220520020e-01
8.948252797126770020e-01
1.000000000000000000e+00
7.523945569992065430e-01
1.000000000000000000e+00
1.000000000000000000e+00
6.548753380775451660e-01
9.999936819076538086e-01
8.012430667877197266e-01
7.045693397521972656e-01
1.000000000000000000e+00
6.295050978660583496e-01
1.000000000000000000e+00
5.837177634239196777e-01
1.000000000000000000e+00
5.799589753150939941e-01
1.000000000000000000e+00
1.000000000000000000e+00
1.000000000000000000e+00
8.473981618881225586e-01
6.093747615814208984e-01
9.999136924743652344e-01
8.321921825408935547e-01
9.209752082824707031e-01
8.936935663223266602e-01
6.579279899597167969e-01
9.446264505386352539e-01
7.210706472396850586e-01
9.928663372993469238e-01
7.390996217727661133e-01
7.641298174858093262e-01
1.000000000000000000e+00
1.000000000000000000e+00
9.995166063308715820e-01
9.386759996414184570e-01
1.000000000000000000e+00
9.999994635581970215e-01
6.923220157623291016e-01
8.805732727050781250e-01
8.814845085144042969e-01
8.665237426757812500e-01
7.768697142601013184e-01
8.803654313087463379e-01
1.000000000000000000e+00
7.019072771072387695e-01
7.879844307899475098e-01
1.000000000000000000e+00
7.676022648811340332e-01
9.989918470382690430e-01
6.685103774070739746e-01
7.169746756553649902e-01
9.919333457946777344e-01
9.996402263641357422e-01
1.000000000000000000e+00
8.880708813667297363e-01
9.190053939819335938e-01
6.318116188049316406e-01
6.781004071235656738e-01
1.000000000000000000e+00
1.000000000000000000e+00
8.347578048706054688e-01
8.724734783172607422e-01
7.945423126220703125e-01
1.000000000000000000e+00
1.000000000000000000e+00
9.811602830886840820e-01
9.974091649055480957e-01
7.117896080017089844e-01
9.389872550964355469e-01
7.891828417778015137e-01
8.387194871902465820e-01
7.442753911018371582e-01
6.304266452789306641e-01
1.000000000000000000e+00
1.000000000000000000e+00
1.000000000000000000e+00
7.391518354415893555e-01
5.970638990402221680e-01
6.217663288116455078e-01
7.363650798797607422e-01
9.351776242256164551e-01
5.276227593421936035e-01
9.999853372573852539e-01
8.069593906402587891e-01
6.356144547462463379e-01
8.117169141769409180e-01
5.961434245109558105e-01
9.600239396095275879e-01
1.000000000000000000e+00
1.000000000000000000e+00
5.402251482009887695e-01
5.949001312255859375e-01
8.289139866828918457e-01
8.070569634437561035e-01
8.341026306152343750e-01
1.000000000000000000e+00
7.771014571189880371e-01
1.000000000000000000e+00
7.604835629463195801e-01
9.347631931304931641e-01
7.422016859054565430e-01
1.000000000000000000e+00
5.432441234588623047e-01
6.531401872634887695e-01
7.643773555755615234e-01
8.631048202514648438e-01
7.909797430038452148e-01
8.099322319030761719e-01
9.997054934501647949e-01
6.638511419296264648e-01
9.457291960716247559e-01
8.092508912086486816e-01
1.000000000000000000e+00
7.261931896209716797e-01
6.530914306640625000e-01
5.630995035171508789e-01
6.969890594482421875e-01
6.128362417221069336e-01
1.000000000000000000e+00
1.000000000000000000e+00
7.811577320098876953e-01
1.000000000000000000e+00
8.591083884239196777e-01
1.000000000000000000e+00
6.172378063201904297e-01
8.923885822296142578e-01
7.563141584396362305e-01
1.000000000000000000e+00
7.300590276718139648e-01
1.000000000000000000e+00
8.574888706207275391e-01
1.000000000000000000e+00
6.623438596725463867e-01
6.472431421279907227e-01
5.492769479751586914e-01
6.944534182548522949e-01
9.999989271163940430e-01
9.999988675117492676e-01
8.298491239547729492e-01
1.000000000000000000e+00
7.133941054344177246e-01
1.000000000000000000e+00
6.727337241172790527e-01
9.999862313270568848e-01
7.498223781585693359e-01
1.000000000000000000e+00
1.000000000000000000e+00
6.936434507369995117e-01
9.999742507934570312e-01
7.678543329238891602e-01
7.589542865753173828e-01
5.201085805892944336e-01
6.255739331245422363e-01
8.555791974067687988e-01
9.589388966560363770e-01
7.380340099334716797e-01
1.000000000000000000e+00
7.600835561752319336e-01
5.470069646835327148e-01
9.998554587364196777e-01
7.599942684173583984e-01
9.163600802421569824e-01
1.000000000000000000e+00
5.883073210716247559e-01
6.027925014495849609e-01
1.000000000000000000e+00
1.000000000000000000e+00
8.081580996513366699e-01
1.000000000000000000e+00
1.000000000000000000e+00
1.000000000000000000e+00
9.161043763160705566e-01
9.999995231628417969e-01
1.000000000000000000e+00
6.427379250526428223e-01
9.999944567680358887e-01
7.237399220466613770e-01
7.357838153839111328e-01
9.636553525924682617e-01
9.082766771316528320e-01
6.459162235260009766e-01
7.954425811767578125e-01
1.000000000000000000e+00
9.153100848197937012e-01
1.000000000000000000e+00
7.848663330078125000e-01
9.938656687736511230e-01
7.553621530532836914e-01
5.650770664215087891e-01
1.000000000000000000e+00
8.982723951339721680e-01
7.982944846153259277e-01
9.266180396080017090e-01
8.130516409873962402e-01
1.000000000000000000e+00
9.385366439819335938e-01
8.448898792266845703e-01
1.000000000000000000e+00
7.551178336143493652e-01
7.087460756301879883e-01
8.197290301322937012e-01
8.961436748504638672e-01
7.210369110107421875e-01
9.515008330345153809e-01
9.978387951850891113e-01
7.683802843093872070e-01
7.263340950012207031e-01
9.999998807907104492e-01
5.641813278198242188e-01
7.855522036552429199e-01
9.305092096328735352e-01
7.125613689422607422e-01
1.000000000000000000e+00
8.036117553710937500e-01
8.781650662422180176e-01
7.134292125701904297e-01
7.565332651138305664e-01
7.949455976486206055e-01
1.000000000000000000e+00
9.083251953125000000e-01
1.000000000000000000e+00
8.996227979660034180e-01
1.000000000000000000e+00
8.871094584465026855e-01
1.000000000000000000e+00
9.057912826538085938e-01
1.000000000000000000e+00
1.000000000000000000e+00
1.000000000000000000e+00
7.501789331436157227e-01
9.284562468528747559e-01
6.879903078079223633e-01
7.161551713943481445e-01
7.592415809631347656e-01
9.991305470466613770e-01
7.764367461204528809e-01
5.430822968482971191e-01
1.000000000000000000e+00
1.000000000000000000e+00
7.236608862876892090e-01
7.516449689865112305e-01
5.066008567810058594e-01
7.175900936126708984e-01
1.000000000000000000e+00
9.867992401123046875e-01
9.994770288467407227e-01
6.243420839309692383e-01
6.079286336898803711e-01
9.547435641288757324e-01
9.974563717842102051e-01
1.000000000000000000e+00
8.825707435607910156e-01
9.903253316879272461e-01
9.446402788162231445e-01
6.033747196197509766e-01
8.738231062889099121e-01
9.872348904609680176e-01
5.296145677566528320e-01
7.467617392539978027e-01
9.907137155532836914e-01
1.000000000000000000e+00
1.000000000000000000e+00
6.595300436019897461e-01
8.928583264350891113e-01
7.732552289962768555e-01
1.000000000000000000e+00
5.633722543716430664e-01
8.648917675018310547e-01
9.372190237045288086e-01
6.781724691390991211e-01
7.897210717201232910e-01
6.909256577491760254e-01
1.000000000000000000e+00
8.766104578971862793e-01
9.560093283653259277e-01
1.000000000000000000e+00
5.232583880424499512e-01
1.000000000000000000e+00
1.000000000000000000e+00
7.491257190704345703e-01
9.867630600929260254e-01
9.713289141654968262e-01
1.000000000000000000e+00
9.435359239578247070e-01
1.000000000000000000e+00
9.999929070472717285e-01
1.000000000000000000e+00
8.653706312179565430e-01
6.624661684036254883e-01
6.208447217941284180e-01
7.513815760612487793e-01
8.484892845153808594e-01
1.000000000000000000e+00
5.893598198890686035e-01
6.796563863754272461e-01
9.302411079406738281e-01
9.614071846008300781e-01
7.831765413284301758e-01
6.138851642608642578e-01
9.247952103614807129e-01
9.993621110916137695e-01
7.387370467185974121e-01
1.000000000000000000e+00
9.931481480598449707e-01
8.879805803298950195e-01
9.139394164085388184e-01
1.000000000000000000e+00
8.469836711883544922e-01
6.841441392898559570e-01
9.965457916259765625e-01
9.952921867370605469e-01
7.781217694282531738e-01
9.157698154449462891e-01
7.146140336990356445e-01
8.873134851455688477e-01
8.110904097557067871e-01
1.000000000000000000e+00
7.417727708816528320e-01
6.853185892105102539e-01
1.000000000000000000e+00
8.279298543930053711e-01
9.794031381607055664e-01
1.000000000000000000e+00
8.013368844985961914e-01
7.036830782890319824e-01
8.416161537170410156e-01
9.829561710357666016e-01
7.337610721588134766e-01
1.000000000000000000e+00
1.000000000000000000e+00
6.305180788040161133e-01
9.933129549026489258e-01
5.405415296554565430e-01
7.723128199577331543e-01
8.563966751098632812e-01
8.222033977508544922e-01
9.999065995216369629e-01
8.741777539253234863e-01
9.912330508232116699e-01
7.063490152359008789e-01
9.556720256805419922e-01
7.815735340118408203e-01
6.235811710357666016e-01
7.111757397651672363e-01
7.467581033706665039e-01
9.999347329139709473e-01
6.531394720077514648e-01
8.911263346672058105e-01
7.931375503540039062e-01
7.254162430763244629e-01
9.999491572380065918e-01
6.793820858001708984e-01
9.997440576553344727e-01
1.000000000000000000e+00
1.000000000000000000e+00
1.000000000000000000e+00
1.000000000000000000e+00
6.198198795318603516e-01
9.999989867210388184e-01
1.000000000000000000e+00
7.624658346176147461e-01
9.997796416282653809e-01
9.495759010314941406e-01
1.000000000000000000e+00
7.988119125366210938e-01
5.449248552322387695e-01
7.570205330848693848e-01
9.529935717582702637e-01
9.996004700660705566e-01
8.270816802978515625e-01
1.000000000000000000e+00
1.000000000000000000e+00
7.307006716728210449e-01
7.653850913047790527e-01
7.986935377120971680e-01
8.179847598075866699e-01
9.999998807907104492e-01
6.410512924194335938e-01
5.690071582794189453e-01
1.000000000000000000e+00
1.000000000000000000e+00
1.000000000000000000e+00
6.030446290969848633e-01
9.246536493301391602e-01
7.461882829666137695e-01
7.040680646896362305e-01
6.003146171569824219e-01
7.757798433303833008e-01
1.000000000000000000e+00
6.421748399734497070e-01
1.000000000000000000e+00
7.743898034095764160e-01
9.675196409225463867e-01
1.000000000000000000e+00
6.861041784286499023e-01
6.913103461265563965e-01
7.165952324867248535e-01
7.972629070281982422e-01
5.799689292907714844e-01
9.351196289062500000e-01
1.000000000000000000e+00
8.814646601676940918e-01
9.998169541358947754e-01
1.000000000000000000e+00
9.515736103057861328e-01
5.667256116867065430e-01
9.999992847442626953e-01
1.000000000000000000e+00
6.459839940071105957e-01
8.131465911865234375e-01
6.648294925689697266e-01
8.050920367240905762e-01
6.747485399246215820e-01
9.469733238220214844e-01
1.000000000000000000e+00
7.258373498916625977e-01
1.000000000000000000e+00
9.806633591651916504e-01
1.000000000000000000e+00
9.823815822601318359e-01
1.000000000000000000e+00
9.149861335754394531e-01
6.405822634696960449e-01
9.702033400535583496e-01
7.655996084213256836e-01
9.294018149375915527e-01
1.000000000000000000e+00
1.000000000000000000e+00
6.013813018798828125e-01
5.758175849914550781e-01
9.505530595779418945e-01
1.000000000000000000e+00
1.000000000000000000e+00
7.582676410675048828e-01
9.999424219131469727e-01
8.406218886375427246e-01
1.000000000000000000e+00
9.754980206489562988e-01
7.743140459060668945e-01
1.000000000000000000e+00
9.576828479766845703e-01
6.785656213760375977e-01
5.608061552047729492e-01
7.431377172470092773e-01
9.996762275695800781e-01
5.653680562973022461e-01
1.000000000000000000e+00
1.000000000000000000e+00
9.968502521514892578e-01
1.000000000000000000e+00
5.606617927551269531e-01
1.000000000000000000e+00
7.663706541061401367e-01
6.319409012794494629e-01
5.617457628250122070e-01
8.418359756469726562e-01
9.711899757385253906e-01
7.074955105781555176e-01
8.864586949348449707e-01
1.000000000000000000e+00
9.987055063247680664e-01
1.000000000000000000e+00
8.178501129150390625e-01
9.967853426933288574e-01
7.652037739753723145e-01
1.000000000000000000e+00
9.198953509330749512e-01
1.000000000000000000e+00
1.000000000000000000e+00
8.080690503120422363e-01
8.883108496665954590e-01
8.608117103576660156e-01
8.977149724960327148e-01
8.014695048332214355e-01
9.370021820068359375e-01
6.585294008255004883e-01
1.000000000000000000e+00
8.721002936363220215e-01
1.000000000000000000e+00
7.197077870368957520e-01
8.419955968856811523e-01
7.842725515365600586e-01
1.000000000000000000e+00
6.526478528976440430e-01
6.470751762390136719e-01
7.953521013259887695e-01
1.000000000000000000e+00
9.725816249847412109e-01
8.755206465721130371e-01
8.563711643218994141e-01
7.322196364402770996e-01
6.665399670600891113e-01
9.346170425415039062e-01
6.534927487373352051e-01
9.999923110008239746e-01
5.225386619567871094e-01
1.000000000000000000e+00
1.000000000000000000e+00
9.541749358177185059e-01
9.395798444747924805e-01
1.000000000000000000e+00
5.761528015136718750e-01
7.819999456405639648e-01
1.000000000000000000e+00
9.000440239906311035e-01
7.167157530784606934e-01
9.805060625076293945e-01
8.239983320236206055e-01
5.807019472122192383e-01
9.999730587005615234e-01
9.999998211860656738e-01
7.696049213409423828e-01
6.447516679763793945e-01
7.842764854431152344e-01
9.242473244667053223e-01
7.256716489791870117e-01
9.077607989311218262e-01
1.000000000000000000e+00
8.331444263458251953e-01
8.241014480590820312e-01
9.999999403953552246e-01
7.157379388809204102e-01
7.260329723358154297e-01
7.750573158264160156e-01
8.554770946502685547e-01
9.096623659133911133e-01
9.762699604034423828e-01
1.000000000000000000e+00
8.223750591278076172e-01
7.309839129447937012e-01
1.000000000000000000e+00
1.000000000000000000e+00
5.532200336456298828e-01
7.113148570060729980e-01
7.456566691398620605e-01
7.203886508941650391e-01
9.623982310295104980e-01
1.000000000000000000e+00
8.030734062194824219e-01
7.902622818946838379e-01
5.026322603225708008e-01
1.000000000000000000e+00
1.000000000000000000e+00
1.000000000000000000e+00
1.000000000000000000e+00
1.000000000000000000e+00
7.751120924949645996e-01
7.617501020431518555e-01
9.466336369514465332e-01
5.898956060409545898e-01
9.181504845619201660e-01
6.907750368118286133e-01
7.837633490562438965e-01
7.683954238891601562e-01
8.718184232711791992e-01
7.344529628753662109e-01
8.723807930946350098e-01
8.175017237663269043e-01
1.000000000000000000e+00
5.137157440185546875e-01
7.659795880317687988e-01
6.391975879669189453e-01
1.000000000000000000e+00
7.426490783691406250e-01
7.901549339294433594e-01
8.352235555648803711e-01
1.000000000000000000e+00
1.000000000000000000e+00
6.567258834838867188e-01
5.928173065185546875e-01
8.362123370170593262e-01
8.370299339294433594e-01
6.835032701492309570e-01
7.826626300811767578e-01
1.000000000000000000e+00
1.000000000000000000e+00
9.449262619018554688e-01
8.047459125518798828e-01
6.613188385963439941e-01
6.852120161056518555e-01
9.791755676269531250e-01
6.235022544860839844e-01
1.000000000000000000e+00
9.655990600585937500e-01
1.000000000000000000e+00
9.333762526512145996e-01
6.517206430435180664e-01
8.208785057067871094e-01
6.039587259292602539e-01
5.363349914550781250e-01
8.942334651947021484e-01
1.000000000000000000e+00
1.000000000000000000e+00
5.421071052551269531e-01
9.990042448043823242e-01
7.794298529624938965e-01
6.239989995956420898e-01
1.000000000000000000e+00
6.495525836944580078e-01
9.905676245689392090e-01
9.473945498466491699e-01
1.000000000000000000e+00
5.322958230972290039e-01
1.000000000000000000e+00
8.506845235824584961e-01
7.207090854644775391e-01
1.000000000000000000e+00
7.549741864204406738e-01
1.000000000000000000e+00
1.000000000000000000e+00
6.848543286323547363e-01
5.202941894531250000e-01
7.824782729148864746e-01
1.000000000000000000e+00
8.401739597320556641e-01
6.697916984558105469e-01
7.870416641235351562e-01
9.142981767654418945e-01
1.000000000000000000e+00
5.805008411407470703e-01
9.943463802337646484e-01
7.402088046073913574e-01
9.999117255210876465e-01
7.543766498565673828e-01
5.508382320404052734e-01
9.998290538787841797e-01
9.220101237297058105e-01
7.301247715950012207e-01
9.999158978462219238e-01
9.999979734420776367e-01
8.901797533035278320e-01
1.000000000000000000e+00
7.542755007743835449e-01
7.274458408355712891e-01
8.011045455932617188e-01
1.000000000000000000e+00
1.000000000000000000e+00
9.999999403953552246e-01
9.915103912353515625e-01
6.837223768234252930e-01
8.832871913909912109e-01
1.000000000000000000e+00
1.000000000000000000e+00
1.000000000000000000e+00
7.630656957626342773e-01
8.131822943687438965e-01
