9.790968298912048340e-01
9.179083108901977539e-01
9.822161793708801270e-01
9.953730702400207520e-01
9.470860958099365234e-01
1.000000000000000000e+00
9.318845868110656738e-01
9.995493888854980469e-01
1.000000000000000000e+00
9.582564234733581543e-01
9.998852610588073730e-01
9.495761394500732422e-01
1.000000000000000000e+00
9.988751411437988281e-01
9.650524258613586426e-01
9.498176574707031250e-01
9.972309470176696777e-01
1.000000000000000000e+00
1.000000000000000000e+00
9.890487790107727051e-01
9.863525032997131348e-01
1.000000000000000000e+00
8.969577550888061523e-01
9.710180759429931641e-01
9.618051052093505859e-01
9.699046015739440918e-01
9.488829970359802246e-01
1.000000000000000000e+00
9.445730447769165039e-01
9.855830669403076172e-01
9.961060881614685059e-01
1.000000000000000000e+00
1.000000000000000000e+00
9.827463626861572266e-01
9.999950528144836426e-01
1.000000000000000000e+00
9.937968254089355469e-01
9.998305439949035645e-01
9.910068511962890625e-01
9.999193549156188965e-01
9.386568665504455566e-01
9.799419045448303223e-01
9.355842471122741699e-01
1.000000000000000000e+00
9.656637907028198242e-01
1.000000000000000000e+00
9.611778259277343750e-01
1.000000000000000000e+00
9.846265912055969238e-01
8.037319779396057129e-01
7.940751314163208008e-01
1.000000000000000000e+00
9.179939627647399902e-01
9.439667463302612305e-01
9.141143560409545898e-01
7.572707533836364746e-01
9.368284344673156738e-01
8.473954200744628906e-01
8.767294883728027344e-01
9.793251752853393555e-01
1.000000000000000000e+00
7.742998600006103516e-01
8.688612580299377441e-01
8.112754821777343750e-01
8.110046386718750000e-01
1.000000000000000000e+00
8.358762860298156738e-01
1.000000000000000000e+00
7.610555887222290039e-01
7.887966632843017578e-01
8.011122941970825195e-01
8.403090238571166992e-01
9.699671864509582520e-01
7.488360404968261719e-01
8.307680487632751465e-01
1.000000000000000000e+00
8.241468667984008789e-01
1.000000000000000000e+00
8.818607330322265625e-01
9.995691776275634766e-01
8.396683335304260254e-01
8.856188058853149414e-01
8.443309068679809570e-01
8.363051414489746094e-01
1.000000000000000000e+00
8.145999312400817871e-01
1.000000000000000000e+00
1.000000000000000000e+00
9.331236481666564941e-01
1.000000000000000000e+00
8.333560824394226074e-01
9.280079603195190430e-01
1.000000000000000000e+00
8.115482330322265625e-01
7.002261877059936523e-01
8.639268875122070312e-01
8.009865283966064453e-01
8.230429291725158691e-01
1.000000000000000000e+00
1.000000000000000000e+00
1.000000000000000000e+00
9.988676309585571289e-01
8.393416404724121094e-01
8.181703090667724609e-01
9.999600052833557129e-01
1.000000000000000000e+00
1.000000000000000000e+00
9.187911152839660645e-01
7.730494737625122070e-01
7.916898727416992188e-01
8.946331739425659180e-01
1.000000000000000000e+00
6.576756238937377930e-01
1.000000000000000000e+00
7.873349785804748535e-01
1.000000000000000000e+00
6.782822608947753906e-01
7.892235517501831055e-01
9.999966621398925781e-01
1.000000000000000000e+00
9.981101155281066895e-01
9.979050159454345703e-01
9.999988675117492676e-01
9.436678290367126465e-01
1.000000000000000000e+00
9.999670982360839844e-01
1.000000000000000000e+00
8.895719647407531738e-01
8.463068008422851562e-01
7.463675737380981445e-01
7.401354312896728516e-01
7.898467779159545898e-01
1.000000000000000000e+00
7.395834326744079590e-01
1.000000000000000000e+00
1.000000000000000000e+00
8.232809901237487793e-01
9.920859932899475098e-01
1.000000000000000000e+00
9.445522427558898926e-01
9.999954700469970703e-01
9.053026437759399414e-01
7.138062715530395508e-01
1.000000000000000000e+00
8.252969980239868164e-01
9.854297041893005371e-01
1.000000000000000000e+00
1.000000000000000000e+00
8.538725972175598145e-01
1.000000000000000000e+00
8.229880928993225098e-01
8.593161106109619141e-01
9.650281071662902832e-01
1.000000000000000000e+00
9.325481653213500977e-01
1.000000000000000000e+00
8.910215497016906738e-01
9.818441271781921387e-01
8.749184608459472656e-01
9.577595591545104980e-01
9.619719982147216797e-01
1.000000000000000000e+00
1.000000000000000000e+00
8.699200153350830078e-01
7.548614144325256348e-01
1.000000000000000000e+00
1.000000000000000000e+00
9.999052882194519043e-01
7.691469192504882812e-01
9.579129219055175781e-01
1.000000000000000000e+00
7.841696739196777344e-01
9.139162898063659668e-01
9.999928474426269531e-01
7.223917245864868164e-01
9.999983310699462891e-01
1.000000000000000000e+00
7.153230905532836914e-01
9.290474653244018555e-01
7.982952594757080078e-01
1.000000000000000000e+00
9.382844567298889160e-01
8.704646825790405273e-01
9.214630126953125000e-01
7.194703817367553711e-01
1.000000000000000000e+00
6.936892271041870117e-01
6.776574850082397461e-01
8.047916889190673828e-01
9.129101037979125977e-01
1.000000000000000000e+00
1.000000000000000000e+00
7.214927673339843750e-01
6.362671852111816406e-01
8.421013355255126953e-01
8.609653711318969727e-01
9.994882345199584961e-01
7.889956235885620117e-01
1.000000000000000000e+00
9.462841749191284180e-01
1.000000000000000000e+00
1.000000000000000000e+00
8.191504478454589844e-01
7.217556238174438477e-01
9.999731183052062988e-01
1.000000000000000000e+00
7.994132637977600098e-01
8.715449571609497070e-01
9.205040335655212402e-01
8.280723094940185547e-01
9.999994039535522461e-01
8.771630525588989258e-01
9.105497002601623535e-01
7.680398821830749512e-01
1.000000000000000000e+00
8.794822692871093750e-01
8.254987001419067383e-01
1.000000000000000000e+00
8.733518123626708984e-01
1.000000000000000000e+00
8.150027394294738770e-01
9.215652942657470703e-01
6.442751288414001465e-01
1.000000000000000000e+00
8.090838789939880371e-01
1.000000000000000000e+00
9.160332679748535156e-01
7.166304588317871094e-01
8.896888494491577148e-01
9.069720506668090820e-01
1.000000000000000000e+00
9.624532461166381836e-01
6.574655771255493164e-01
7.933562994003295898e-01
8.979622125625610352e-01
1.000000000000000000e+00
8.081896901130676270e-01
1.000000000000000000e+00
8.137592673301696777e-01
8.843575716018676758e-01
7.762209177017211914e-01
8.672105669975280762e-01
1.000000000000000000e+00
1.000000000000000000e+00
9.983974099159240723e-01
1.000000000000000000e+00
1.000000000000000000e+00
9.013251066207885742e-01
1.000000000000000000e+00
8.632398843765258789e-01
9.930561184883117676e-01
1.000000000000000000e+00
1.000000000000000000e+00
7.529413104057312012e-01
8.670170307159423828e-01
8.270210623741149902e-01
8.844501972198486328e-01
7.614420652389526367e-01
1.000000000000000000e+00
8.595118522644042969e-01
6.842080950736999512e-01
1.000000000000000000e+00
9.928349256515502930e-01
1.000000000000000000e+00
1.000000000000000000e+00
8.745471239089965820e-01
8.728295564651489258e-01
8.292115926742553711e-01
8.879172801971435547e-01
7.552563548088073730e-01
7.365990877151489258e-01
7.185494899749755859e-01
9.999992847442626953e-01
9.848473072052001953e-01
1.000000000000000000e+00
9.259037971496582031e-01
9.860572814941406250e-01
8.412199616432189941e-01
8.858878612518310547e-01
7.575343847274780273e-01
1.000000000000000000e+00
8.580825328826904297e-01
9.156597852706909180e-01
7.636007666587829590e-01
7.972416877746582031e-01
1.000000000000000000e+00
1.000000000000000000e+00
1.000000000000000000e+00
8.763767480850219727e-01
9.770027399063110352e-01
7.368172407150268555e-01
6.954854726791381836e-01
7.715315222740173340e-01
9.999958872795104980e-01
7.512887120246887207e-01
8.928225636482238770e-01
8.220878243446350098e-01
1.000000000000000000e+00
1.000000000000000000e+00
1.000000000000000000e+00
8.425101041793823242e-01
9.999996423721313477e-01
6.491174697875976562e-01
6.697474718093872070e-01
1.000000000000000000e+00
9.987801313400268555e-01
8.624891042709350586e-01
7.072639465332031250e-01
7.131334543228149414e-01
9.361006617546081543e-01
8.987204432487487793e-01
9.534763693809509277e-01
1.000000000000000000e+00
7.255143523216247559e-01
6.928575038909912109e-01
8.968017101287841797e-01
7.917708158493041992e-01
9.123473763465881348e-01
6.893690824508666992e-01
9.987030029296875000e-01
7.441143989562988281e-01
7.506775259971618652e-01
7.465444803237915039e-01
8.715047836303710938e-01
1.000000000000000000e+00
6.718174219131469727e-01
7.511445879936218262e-01
7.689646482467651367e-01
6.260926127433776855e-01
1.000000000000000000e+00
1.000000000000000000e+00
9.999632239341735840e-01
8.027319908142089844e-01
1.000000000000000000e+00
8.567079305648803711e-01
9.450621008872985840e-01
6.402730941772460938e-01
7.178240418434143066e-01
8.580325245857238770e-01
1.000000000000000000e+00
6.588063240051269531e-01
7.409954071044921875e-01
1.000000000000000000e+00
1.000000000000000000e+00
9.765969514846801758e-01
7.848646640777587891e-01
9.557709693908691406e-01
8.806869387626647949e-01
8.146486282348632812e-01
1.000000000000000000e+00
8.086102604866027832e-01
6.491279602050781250e-01
6.349810361862182617e-01
8.925216794013977051e-01
9.238963723182678223e-01
6.998549699783325195e-01
8.933115601539611816e-01
9.999997019767761230e-01
7.742064595222473145e-01
7.005261182785034180e-01
7.504669427871704102e-01
1.000000000000000000e+00
8.660222291946411133e-01
8.808882832527160645e-01
8.152761459350585938e-01
1.000000000000000000e+00
1.000000000000000000e+00
8.726936578750610352e-01
9.999981522560119629e-01
9.234137535095214844e-01
1.000000000000000000e+00
9.829878211021423340e-01
8.794021010398864746e-01
7.994142174720764160e-01
7.982143163681030273e-01
8.141711950302124023e-01
9.671048521995544434e-01
9.990870952606201172e-01
6.637540459632873535e-01
1.000000000000000000e+00
8.429608345031738281e-01
9.347679615020751953e-01
1.000000000000000000e+00
1.000000000000000000e+00
6.801111698150634766e-01
1.000000000000000000e+00
7.922021746635437012e-01
9.258371591567993164e-01
1.000000000000000000e+00
1.000000000000000000e+00
8.061337471008300781e-01
6.109745502471923828e-01
8.106888532638549805e-01
9.121875762939453125e-01
9.315810203552246094e-01
6.135360002517700195e-01
1.000000000000000000e+00
1.000000000000000000e+00
9.913825392723083496e-01
6.836676597595214844e-01
7.584943175315856934e-01
8.926403522491455078e-01
7.877168655395507812e-01
1.000000000000000000e+00
7.389031648635864258e-01
9.423729181289672852e-01
1.000000000000000000e+00
7.065379619598388672e-01
8.681955337524414062e-01
7.243139743804931641e-01
6.938716173171997070e-01
8.786514997482299805e-01
1.000000000000000000e+00
1.000000000000000000e+00
8.141994476318359375e-01
7.820441722869873047e-01
7.014863491058349609e-01
1.000000000000000000e+00
7.671647071838378906e-01
8.081436753273010254e-01
1.000000000000000000e+00
1.000000000000000000e+00
1.000000000000000000e+00
1.000000000000000000e+00
7.994163632392883301e-01
1.000000000000000000e+00
7.340096235275268555e-01
8.451893329620361328e-01
7.624439001083374023e-01
1.000000000000000000e+00
1.000000000000000000e+00
6.381583213806152344e-01
9.387550354003906250e-01
1.000000000000000000e+00
7.917615771293640137e-01
6.655422449111938477e-01
1.000000000000000000e+00
1.000000000000000000e+00
8.783626556396484375e-01
1.000000000000000000e+00
1.000000000000000000e+00
8.075660467147827148e-01
1.000000000000000000e+00
1.000000000000000000e+00
1.000000000000000000e+00
6.334687471389770508e-01
9.999976158142089844e-01
7.231513261795043945e-01
1.000000000000000000e+00
6.876324415206909180e-01
9.460648298263549805e-01
1.000000000000000000e+00
1.000000000000000000e+00
8.473168015480041504e-01
1.000000000000000000e+00
7.456877827644348145e-01
7.310296297073364258e-01
1.000000000000000000e+00
5.960094332695007324e-01
6.900014281272888184e-01
1.000000000000000000e+00
8.417456150054931641e-01
9.954739212989807129e-01
6.651201248168945312e-01
1.000000000000000000e+00
8.167843818664550781e-01
1.000000000000000000e+00
8.037850856781005859e-01
8.193621635437011719e-01
8.307014703750610352e-01
7.861027717590332031e-01
9.919576644897460938e-01
7.015392780303955078e-01
8.076597452163696289e-01
7.605514526367187500e-01
8.975981473922729492e-01
7.751336097717285156e-01
5.813788175582885742e-01
1.000000000000000000e+00
6.593410968780517578e-01
6.708415150642395020e-01
9.999989867210388184e-01
1.000000000000000000e+00
1.000000000000000000e+00
8.748000860214233398e-01
9.285526275634765625e-01
1.000000000000000000e+00
9.471912980079650879e-01
6.200500726699829102e-01
1.000000000000000000e+00
6.858927607536315918e-01
6.119940280914306641e-01
9.952046871185302734e-01
8.421716094017028809e-01
6.871693134307861328e-01
6.821193695068359375e-01
1.000000000000000000e+00
1.000000000000000000e+00
9.378781318664550781e-01
9.999954104423522949e-01
8.857054710388183594e-01
6.716300249099731445e-01
1.000000000000000000e+00
1.000000000000000000e+00
9.852750301361083984e-01
9.833879470825195312e-01
7.914953231811523438e-01
1.000000000000000000e+00
1.000000000000000000e+00
1.000000000000000000e+00
1.000000000000000000e+00
9.138353466987609863e-01
6.725089550018310547e-01
1.000000000000000000e+00
1.000000000000000000e+00
8.151274919509887695e-01
1.000000000000000000e+00
8.430857658386230469e-01
5.623686313629150391e-01
6.645190119743347168e-01
1.000000000000000000e+00
1.000000000000000000e+00
1.000000000000000000e+00
7.030608654022216797e-01
9.463502764701843262e-01
8.716688752174377441e-01
7.018876075744628906e-01
5.696718692779541016e-01
9.999999403953552246e-01
1.000000000000000000e+00
7.568734288215637207e-01
5.917825698852539062e-01
5.305992960929870605e-01
7.795605659484863281e-01
1.000000000000000000e+00
7.981225252151489258e-01
8.649374246597290039e-01
1.000000000000000000e+00
9.785715341567993164e-01
1.000000000000000000e+00
9.721228480339050293e-01
7.531949877738952637e-01
8.787994980812072754e-01
6.688085794448852539e-01
8.567402958869934082e-01
7.647762894630432129e-01
1.000000000000000000e+00
5.803153514862060547e-01
9.999787211418151855e-01
1.000000000000000000e+00
1.000000000000000000e+00
7.170083522796630859e-01
1.000000000000000000e+00
1.000000000000000000e+00
7.932773828506469727e-01
1.000000000000000000e+00
6.003749370574951172e-01
6.475127935409545898e-01
9.249051213264465332e-01
7.912260890007019043e-01
7.252029180526733398e-01
1.000000000000000000e+00
6.473479270935058594e-01
1.000000000000000000e+00
6.740316152572631836e-01
8.328077197074890137e-01
9.976893067359924316e-01
6.528270244598388672e-01
8.225802183151245117e-01
1.000000000000000000e+00
1.000000000000000000e+00
1.000000000000000000e+00
1.000000000000000000e+00
1.000000000000000000e+00
6.690007448196411133e-01
6.433932781219482422e-01
9.199736118316650391e-01
1.000000000000000000e+00
8.678359985351562500e-01
9.479438662528991699e-01
8.414332270622253418e-01
6.860250234603881836e-01
8.930884599685668945e-01
6.599985361099243164e-01
6.654201745986938477e-01
7.451756596565246582e-01
1.000000000000000000e+00
6.923646926879882812e-01
7.733594775199890137e-01
1.000000000000000000e+00
7.220019102096557617e-01
5.958430767059326172e-01
1.000000000000000000e+00
8.711469173431396484e-01
9.663924574851989746e-01
9.999998211860656738e-01
7.606797218322753906e-01
8.473702669143676758e-01
1.000000000000000000e+00
9.639840722084045410e-01
7.417141199111938477e-01
7.357531785964965820e-01
9.989468455314636230e-01
7.343943119049072266e-01
9.413892030715942383e-01
7.598456144332885742e-01
9.664365649223327637e-01
9.852815866470336914e-01
1.000000000000000000e+00
5.331920385360717773e-01
8.002628087997436523e-01
1.000000000000000000e+00
9.179269671440124512e-01
7.831575274467468262e-01
9.010626673698425293e-01
1.000000000000000000e+00
7.360446453094482422e-01
1.000000000000000000e+00
1.000000000000000000e+00
1.000000000000000000e+00
9.999399781227111816e-01
8.263102173805236816e-01
6.039251089096069336e-01
9.843491315841674805e-01
1.000000000000000000e+00
1.000000000000000000e+00
8.627570271492004395e-01
9.442684054374694824e-01
6.749453544616699219e-01
6.806128025054931641e-01
7.448478937149047852e-01
8.273167610168457031e-01
8.760337829589843750e-01
8.397997021675109863e-01
9.397995471954345703e-01
7.227907180786132812e-01
8.547694683074951172e-01
8.930418491363525391e-01
1.000000000000000000e+00
9.489490985870361328e-01
7.759848833084106445e-01
1.000000000000000000e+00
1.000000000000000000e+00
1.000000000000000000e+00
7.119863033294677734e-01
9.532495737075805664e-01
7.511749267578125000e-01
9.220977425575256348e-01
8.045986890792846680e-01
9.993777871131896973e-01
1.000000000000000000e+00
9.216216802597045898e-01
1.000000000000000000e+00
1.000000000000000000e+00
1.000000000000000000e+00
5.729235410690307617e-01
1.000000000000000000e+00
1.000000000000000000e+00
9.076836109161376953e-01
9.979832172393798828e-01
1.000000000000000000e+00
7.806584239006042480e-01
6.605570912361145020e-01
7.328065633773803711e-01
1.000000000000000000e+00
1.000000000000000000e+00
7.786523103713989258e-01
6.026360988616943359e-01
9.636448621749877930e-01
9.335136413574218750e-01
9.999088048934936523e-01
7.136375308036804199e-01
6.212189197540283203e-01
8.780147433280944824e-01
1.000000000000000000e+00
1.000000000000000000e+00
1.000000000000000000e+00
7.901445627212524414e-01
7.313752174377441406e-01
9.386233091354370117e-01
8.782105445861816406e-01
1.000000000000000000e+00
7.373803853988647461e-01
9.733967781066894531e-01
9.951316714286804199e-01
7.357962131500244141e-01
6.547498703002929688e-01
9.577641487121582031e-01
9.999991655349731445e-01
6.518989801406860352e-01
6.719428896903991699e-01
1.000000000000000000e+00
6.396316289901733398e-01
1.000000000000000000e+00
1.000000000000000000e+00
1.000000000000000000e+00
6.498542428016662598e-01
8.233147263526916504e-01
1.000000000000000000e+00
7.166773080825805664e-01
6.246951818466186523e-01
7.516039609909057617e-01
7.177567481994628906e-01
9.515731334686279297e-01
8.509000539779663086e-01
1.000000000000000000e+00
9.742621779441833496e-01
9.053926467895507812e-01
6.628545522689819336e-01
7.536003589630126953e-01
8.063231706619262695e-01
1.000000000000000000e+00
8.987662196159362793e-01
8.754878044128417969e-01
9.275966882705688477e-01
7.189891338348388672e-01
1.000000000000000000e+00
1.000000000000000000e+00
5.209379196166992188e-01
8.120912313461303711e-01
1.000000000000000000e+00
8.125470876693725586e-01
7.472770214080810547e-01
6.163969039916992188e-01
1.000000000000000000e+00
9.999999403953552246e-01
1.000000000000000000e+00
1.000000000000000000e+00
1.000000000000000000e+00
8.044906854629516602e-01
7.805608510971069336e-01
6.618224382400512695e-01
8.176784515380859375e-01
1.000000000000000000e+00
9.999974370002746582e-01
7.268900871276855469e-01
4.977480769157409668e-01
1.000000000000000000e+00
9.487227797508239746e-01
7.257901430130004883e-01
9.926549196243286133e-01
1.000000000000000000e+00
6.241932511329650879e-01
9.485684633255004883e-01
7.942067980766296387e-01
8.701404333114624023e-01
7.700554728507995605e-01
9.376784563064575195e-01
6.779333353042602539e-01
7.601635456085205078e-01
8.044179081916809082e-01
9.994129538536071777e-01
1.000000000000000000e+00
7.866423726081848145e-01
7.359132170677185059e-01
1.000000000000000000e+00
7.758959531784057617e-01
1.000000000000000000e+00
1.000000000000000000e+00
1.000000000000000000e+00
8.607493638992309570e-01
1.000000000000000000e+00
7.532722949981689453e-01
1.000000000000000000e+00
1.000000000000000000e+00
9.998176693916320801e-01
9.999999403953552246e-01
9.988522529602050781e-01
7.902228236198425293e-01
1.000000000000000000e+00
6.410472989082336426e-01
1.000000000000000000e+00
9.549285769462585449e-01
7.788859605789184570e-01
5.844102501869201660e-01
1.000000000000000000e+00
9.201962947845458984e-01
1.000000000000000000e+00
6.101864576339721680e-01
9.999933838844299316e-01
7.753148078918457031e-01
6.868618726730346680e-01
8.934433460235595703e-01
8.291552066802978516e-01
8.573842644691467285e-01
1.000000000000000000e+00
8.452053666114807129e-01
8.836492300033569336e-01
1.000000000000000000e+00
8.011518120765686035e-01
8.980562686920166016e-01
6.509567499160766602e-01
1.000000000000000000e+00
6.053149700164794922e-01
5.893255472183227539e-01
5.619556307792663574e-01
6.662582159042358398e-01
7.570654153823852539e-01
7.079424858093261719e-01
1.000000000000000000e+00
6.852368116378784180e-01
7.789579033851623535e-01
1.000000000000000000e+00
6.566985845565795898e-01
1.000000000000000000e+00
1.000000000000000000e+00
1.000000000000000000e+00
9.999269843101501465e-01
1.000000000000000000e+00
6.725450754165649414e-01
8.499326705932617188e-01
9.999825358390808105e-01
9.337497949600219727e-01
7.727419137954711914e-01
5.815013647079467773e-01
9.090721607208251953e-01
1.000000000000000000e+00
9.995223879814147949e-01
6.411635875701904297e-01
1.000000000000000000e+00
1.000000000000000000e+00
9.999985098838806152e-01
1.000000000000000000e+00
9.376501441001892090e-01
9.421437382698059082e-01
9.843146800994873047e-01
9.016145467758178711e-01
8.266606926918029785e-01
8.522112369537353516e-01
6.729120016098022461e-01
6.912369132041931152e-01
6.291925907135009766e-01
8.087815642356872559e-01
7.367472648620605469e-01
9.999999403953552246e-01
1.000000000000000000e+00
9.999793767929077148e-01
1.000000000000000000e+00
9.868181347846984863e-01
9.491717815399169922e-01
1.000000000000000000e+00
1.000000000000000000e+00
5.187108516693115234e-01
1.000000000000000000e+00
9.952416419982910156e-01
9.163292050361633301e-01
1.000000000000000000e+00
8.380607962608337402e-01
8.653532862663269043e-01
6.427168846130371094e-01
7.840229868888854980e-01
1.000000000000000000e+00
6.437020301818847656e-01
5.942350625991821289e-01
5.453892946243286133e-01
6.819200515747070312e-01
6.410707235336303711e-01
9.220728874206542969e-01
6.794348359107971191e-01
8.793467283248901367e-01
9.058992862701416016e-01
1.000000000000000000e+00
7.632969617843627930e-01
5.977488160133361816e-01
5.921610593795776367e-01
9.999999403953552246e-01
7.594859004020690918e-01
1.000000000000000000e+00
9.999976754188537598e-01
1.000000000000000000e+00
8.211374282836914062e-01
6.671025753021240234e-01
1.000000000000000000e+00
8.171366453170776367e-01
9.999990463256835938e-01
6.427202820777893066e-01
7.022125124931335449e-01
6.577448844909667969e-01
7.539122104644775391e-01
1.000000000000000000e+00
9.809941053390502930e-01
6.448478698730468750e-01
6.324869990348815918e-01
6.070306301116943359e-01
7.259398102760314941e-01
1.000000000000000000e+00
1.000000000000000000e+00
1.000000000000000000e+00
7.772746682167053223e-01
9.209675788879394531e-01
9.218221306800842285e-01
6.845052838325500488e-01
9.315332174301147461e-01
6.231229305267333984e-01
1.000000000000000000e+00
8.817263841629028320e-01
9.999790787696838379e-01
1.000000000000000000e+00
8.460224866867065430e-01
8.206313848495483398e-01
7.526981830596923828e-01
9.494758248329162598e-01
8.761532306671142578e-01
7.033525705337524414e-01
6.777096986770629883e-01
8.040869235992431641e-01
1.000000000000000000e+00
9.999999403953552246e-01
9.947888851165771484e-01
7.473136186599731445e-01
9.697480201721191406e-01
1.000000000000000000e+00
1.000000000000000000e+00
1.000000000000000000e+00
5.828639268875122070e-01
1.000000000000000000e+00
9.998689293861389160e-01
9.970113039016723633e-01
1.000000000000000000e+00
8.047212362289428711e-01
1.000000000000000000e+00
6.893651485443115234e-01
9.981531500816345215e-01
8.269960880279541016e-01
6.875003576278686523e-01
9.470862746238708496e-01
7.855731844902038574e-01
9.999976754188537598e-01
1.000000000000000000e+00
6.941375732421875000e-01
9.062850475311279297e-01
1.000000000000000000e+00
6.552750468254089355e-01
9.043031334877014160e-01
8.014889359474182129e-01
6.693211197853088379e-01
1.000000000000000000e+00
7.616532444953918457e-01
8.408023118972778320e-01
6.823814511299133301e-01
1.000000000000000000e+00
1.000000000000000000e+00
1.000000000000000000e+00
5.697450637817382812e-01
9.631053209304809570e-01
1.000000000000000000e+00
1.000000000000000000e+00
8.035326600074768066e-01
7.371973991394042969e-01
6.764740943908691406e-01
1.000000000000000000e+00
7.702183127403259277e-01
8.663024902343750000e-01
5.058395862579345703e-01
7.283794879913330078e-01
7.772696614265441895e-01
7.680170536041259766e-01
5.589851737022399902e-01
8.676815032958984375e-01
6.902910470962524414e-01
8.271064758300781250e-01
7.341138124465942383e-01
9.253463149070739746e-01
9.412272572517395020e-01
7.612395882606506348e-01
1.000000000000000000e+00
7.324373722076416016e-01
7.611981034278869629e-01
6.259086132049560547e-01
6.931009292602539062e-01
1.000000000000000000e+00
9.999872446060180664e-01
6.051746606826782227e-01
1.000000000000000000e+00
1.000000000000000000e+00
8.811790943145751953e-01
7.034263610839843750e-01
9.862532019615173340e-01
9.531593918800354004e-01
1.000000000000000000e+00
9.704813361167907715e-01
9.936429262161254883e-01
1.000000000000000000e+00
1.000000000000000000e+00
9.868019223213195801e-01
7.396854758262634277e-01
9.784243702888488770e-01
7.427893877029418945e-01
6.243963241577148438e-01
7.466961145401000977e-01
1.000000000000000000e+00
9.999997019767761230e-01
8.822830915451049805e-01
9.982776641845703125e-01
7.768172621726989746e-01
1.000000000000000000e+00
8.628010749816894531e-01
4.895777702331542969e-01
8.545902371406555176e-01
1.000000000000000000e+00
1.000000000000000000e+00
1.000000000000000000e+00
1.000000000000000000e+00
6.932221651077270508e-01
8.673627376556396484e-01
8.826667070388793945e-01
1.000000000000000000e+00
6.284859180450439453e-01
8.333420157432556152e-01
8.399291038513183594e-01
6.496603488922119141e-01
9.282897114753723145e-01
8.526955842971801758e-01
7.526575326919555664e-01
7.564570307731628418e-01
1.000000000000000000e+00
5.223481655120849609e-01
7.767161130905151367e-01
8.496203422546386719e-01
7.659655213356018066e-01
7.583456039428710938e-01
1.000000000000000000e+00
8.554461002349853516e-01
7.410162687301635742e-01
7.654580473899841309e-01
6.388885378837585449e-01
9.574488997459411621e-01
8.365429639816284180e-01
1.000000000000000000e+00
5.748326182365417480e-01
7.855840921401977539e-01
1.000000000000000000e+00
6.826426982879638672e-01
1.000000000000000000e+00
6.713771820068359375e-01
1.000000000000000000e+00
7.165987491607666016e-01
1.000000000000000000e+00
8.854830265045166016e-01
6.731339693069458008e-01
6.724937558174133301e-01
1.000000000000000000e+00
6.916181445121765137e-01
1.000000000000000000e+00
9.398974180221557617e-01
9.528537988662719727e-01
6.383526325225830078e-01
1.000000000000000000e+00
1.000000000000000000e+00
9.645721912384033203e-01
7.697498202323913574e-01
1.000000000000000000e+00
7.102862000465393066e-01
1.000000000000000000e+00
5.598797798156738281e-01
1.000000000000000000e+00
5.934045314788818359e-01
7.003105878829956055e-01
9.658775329589843750e-01
1.000000000000000000e+00
5.106446743011474609e-01
1.000000000000000000e+00
1.000000000000000000e+00
1.000000000000000000e+00
9.827037453651428223e-01
7.838740348815917969e-01
7.071458101272583008e-01
7.037895917892456055e-01
9.410661458969116211e-01
1.000000000000000000e+00
1.000000000000000000e+00
1.000000000000000000e+00
1.000000000000000000e+00
8.326259851455688477e-01
7.839386463165283203e-01
6.471273303031921387e-01
1.000000000000000000e+00
6.353291273117065430e-01
7.354100942611694336e-01
1.000000000000000000e+00
1.000000000000000000e+00
1.000000000000000000e+00
4.834551811218261719e-01
9.981640577316284180e-01
9.995994567871093750e-01
9.848450422286987305e-01
6.793515682220458984e-01
6.071441173553466797e-01
7.194312810897827148e-01
1.000000000000000000e+00
7.597386240959167480e-01
5.151315927505493164e-01
1.000000000000000000e+00
1.000000000000000000e+00
8.203545212745666504e-01
9.815793037414550781e-01
8.277515172958374023e-01
9.800391793251037598e-01
1.000000000000000000e+00
7.695719003677368164e-01
8.962724804878234863e-01
9.640379548072814941e-01
6.528633832931518555e-01
7.279585003852844238e-01
7.042053937911987305e-01
7.487130761146545410e-01
9.422126412391662598e-01
1.000000000000000000e+00
7.200614213943481445e-01
9.999999403953552246e-01
1.000000000000000000e+00
6.694091558456420898e-01
9.999946355819702148e-01
9.647029638290405273e-01
1.000000000000000000e+00
5.211628675460815430e-01
1.000000000000000000e+00
9.999996423721313477e-01
6.644703149795532227e-01
1.000000000000000000e+00
9.480559229850769043e-01
6.573023796081542969e-01
1.000000000000000000e+00
6.916356086730957031e-01
1.000000000000000000e+00
9.671117663383483887e-01
5.949625968933105469e-01
1.000000000000000000e+00
7.616438269615173340e-01
1.000000000000000000e+00
5.935808420181274414e-01
9.867104887962341309e-01
8.528674840927124023e-01
6.188435554504394531e-01
1.000000000000000000e+00
8.191593885421752930e-01
9.783546328544616699e-01
8.702350854873657227e-01
7.779424190521240234e-01
9.477439522743225098e-01
1.000000000000000000e+00
1.000000000000000000e+00
5.817474126815795898e-01
5.404315590858459473e-01
9.999990463256835938e-01
8.849521875381469727e-01
9.051076769828796387e-01
9.886675477027893066e-01
1.000000000000000000e+00
8.213680982589721680e-01
7.702865600585937500e-01
8.223912119865417480e-01
7.865227460861206055e-01
9.386454820632934570e-01
9.989911913871765137e-01
1.000000000000000000e+00
9.335010051727294922e-01
7.954610586166381836e-01
7.908059358596801758e-01
6.610412597656250000e-01
5.167757272720336914e-01
7.115802764892578125e-01
7.063779234886169434e-01
9.999785423278808594e-01
9.998784065246582031e-01
9.480543136596679688e-01
9.018450379371643066e-01
9.375945925712585449e-01
1.000000000000000000e+00
7.805094718933105469e-01
1.000000000000000000e+00
9.999583363533020020e-01
7.081472277641296387e-01
1.000000000000000000e+00
7.936796545982360840e-01
8.927439451217651367e-01
1.000000000000000000e+00
1.000000000000000000e+00
8.218282461166381836e-01
1.000000000000000000e+00
7.675446867942810059e-01
1.000000000000000000e+00
8.798794150352478027e-01
7.609696388244628906e-01
8.382034301757812500e-01
9.182724356651306152e-01
8.936975598335266113e-01
1.000000000000000000e+00
1.000000000000000000e+00
7.350825071334838867e-01
6.622209548950195312e-01
1.000000000000000000e+00
1.000000000000000000e+00
1.000000000000000000e+00
1.000000000000000000e+00
1.000000000000000000e+00
1.000000000000000000e+00
6.580644845962524414e-01
7.162411808967590332e-01
1.000000000000000000e+00
9.513350129127502441e-01
9.642976522445678711e-01
9.824219942092895508e-01
9.997144937515258789e-01
1.000000000000000000e+00
9.932017922401428223e-01
5.273897647857666016e-01
7.004433274269104004e-01
6.487178802490234375e-01
5.643336772918701172e-01
9.995912313461303711e-01
7.348524332046508789e-01
6.931563615798950195e-01
6.775847673416137695e-01
7.505902647972106934e-01
1.000000000000000000e+00
1.000000000000000000e+00
1.000000000000000000e+00
6.336486339569091797e-01
1.000000000000000000e+00
8.590179681777954102e-01
7.532452344894409180e-01
7.110472917556762695e-01
8.378106951713562012e-01
6.799793839454650879e-01
1.000000000000000000e+00
6.046358346939086914e-01
1.000000000000000000e+00
1.000000000000000000e+00
9.184589982032775879e-01
1.000000000000000000e+00
9.925010204315185547e-01
9.988774061203002930e-01
7.017530202865600586e-01
1.000000000000000000e+00
6.201756596565246582e-01
9.999878406524658203e-01
9.553336501121520996e-01
9.407507181167602539e-01
1.000000000000000000e+00
1.000000000000000000e+00
6.751290559768676758e-01
6.155276894569396973e-01
7.022268772125244141e-01
1.000000000000000000e+00
5.745323300361633301e-01
1.000000000000000000e+00
1.000000000000000000e+00
1.000000000000000000e+00
1.000000000000000000e+00
6.619915962219238281e-01
9.576675295829772949e-01
6.636542677879333496e-01
1.000000000000000000e+00
7.986865043640136719e-01
9.772233963012695312e-01
8.841945528984069824e-01
9.522523880004882812e-01
5.078140497207641602e-01
9.999995231628417969e-01
4.688102006912231445e-01
1.000000000000000000e+00
1.000000000000000000e+00
1.000000000000000000e+00
1.000000000000000000e+00
7.937559485435485840e-01
1.000000000000000000e+00
1.000000000000000000e+00
8.029400706291198730e-01
1.000000000000000000e+00
1.000000000000000000e+00
1.000000000000000000e+00
5.635448694229125977e-01
1.000000000000000000e+00
1.000000000000000000e+00
5.063855051994323730e-01
6.537863612174987793e-01
1.000000000000000000e+00
5.397531986236572266e-01
1.000000000000000000e+00
8.337735533714294434e-01
4.884670972824096680e-01
7.425646185874938965e-01
7.581396102905273438e-01
8.526301383972167969e-01
9.964201450347900391e-01
1.000000000000000000e+00
9.999997615814208984e-01
1.000000000000000000e+00
8.146563768386840820e-01
6.308812499046325684e-01
8.556299209594726562e-01
1.000000000000000000e+00
8.152728676795959473e-01
9.307202100753784180e-01
7.281239628791809082e-01
9.991711974143981934e-01
1.000000000000000000e+00
8.618554472923278809e-01
1.000000000000000000e+00
8.918430209159851074e-01
9.427004456520080566e-01
7.204909324645996094e-01
7.970362901687622070e-01
8.062241077423095703e-01
1.000000000000000000e+00
9.996553659439086914e-01
7.529498338699340820e-01
5.671705603599548340e-01
7.517617940902709961e-01
5.390833616256713867e-01
7.240424156188964844e-01
1.000000000000000000e+00
9.683159589767456055e-01
7.019473910331726074e-01
7.718394994735717773e-01
8.336427211761474609e-01
6.001443862915039062e-01
5.545564293861389160e-01
1.000000000000000000e+00
6.404644846916198730e-01
9.994386434555053711e-01
6.269932985305786133e-01
6.931068897247314453e-01
9.413884282112121582e-01
8.196424841880798340e-01
1.000000000000000000e+00
8.775394558906555176e-01
9.278662204742431641e-01
6.591448783874511719e-01
1.000000000000000000e+00
7.333073616027832031e-01
1.000000000000000000e+00
7.119607925415039062e-01
6.466275453567504883e-01
6.219942569732666016e-01
6.369476318359375000e-01
5.653279423713684082e-01
9.597959518432617188e-01
6.775635480880737305e-01
7.157793045043945312e-01
1.000000000000000000e+00
7.604033946990966797e-01
8.173203468322753906e-01
1.000000000000000000e+00
7.343608140945434570e-01
5.586684346199035645e-01
1.000000000000000000e+00
1.000000000000000000e+00
1.000000000000000000e+00
1.000000000000000000e+00
1.000000000000000000e+00
1.000000000000000000e+00
9.999951124191284180e-01
9.994235038757324219e-01
1.000000000000000000e+00
9.952135682106018066e-01
1.000000000000000000e+00
1.000000000000000000e+00
7.497562766075134277e-01
1.000000000000000000e+00
9.820638298988342285e-01
5.689041614532470703e-01
6.603410243988037109e-01
8.690351247787475586e-01
9.302047491073608398e-01
1.000000000000000000e+00
1.000000000000000000e+00
8.702473044395446777e-01
9.999998807907104492e-01
9.558231830596923828e-01
1.000000000000000000e+00
1.000000000000000000e+00
1.000000000000000000e+00
6.762794256210327148e-01
1.000000000000000000e+00
6.756247282028198242e-01
1.000000000000000000e+00
6.381678581237792969e-01
7.111700177192687988e-01
5.443413257598876953e-01
9.999837279319763184e-01
6.721110343933105469e-01
8.100714087486267090e-01
1.000000000000000000e+00
1.000000000000000000e+00
5.979508161544799805e-01
9.532912969589233398e-01
1.000000000000000000e+00
7.448955178260803223e-01
9.062345027923583984e-01
1.000000000000000000e+00
1.000000000000000000e+00
1.000000000000000000e+00
7.091827392578125000e-01
9.077636599540710449e-01
5.527440309524536133e-01
1.000000000000000000e+00
6.521741747856140137e-01
7.717772126197814941e-01
6.766551733016967773e-01
1.000000000000000000e+00
7.412284612655639648e-01
5.226341485977172852e-01
8.690421581268310547e-01
6.422130465507507324e-01
5.479903221130371094e-01
8.537009954452514648e-01
4.963558912277221680e-01
5.632586479187011719e-01
1.000000000000000000e+00
5.973368287086486816e-01
8.001294136047363281e-01
9.754679799079895020e-01
9.046923518180847168e-01
8.574556112289428711e-01
8.559239506721496582e-01
9.460709095001220703e-01
6.650864481925964355e-01
6.520432233810424805e-01
8.073771595954895020e-01
5.511035919189453125e-01
8.653129339218139648e-01
7.392473220825195312e-01
5.838072896003723145e-01
6.270022392272949219e-01
9.159016609191894531e-01
9.999927878379821777e-01
5.293547511100769043e-01
7.944247722625732422e-01
5.745255947113037109e-01
1.000000000000000000e+00
7.226390838623046875e-01
6.897671818733215332e-01
7.321780920028686523e-01
7.550554871559143066e-01
9.424238204956054688e-01
7.081526517868041992e-01
7.715207338333129883e-01
1.000000000000000000e+00
5.299476385116577148e-01
6.202492117881774902e-01
1.000000000000000000e+00
6.236558556556701660e-01
1.000000000000000000e+00
9.999546408653259277e-01
6.835594177246093750e-01
1.000000000000000000e+00
6.898571252822875977e-01
1.000000000000000000e+00
9.407039284706115723e-01
6.056796312332153320e-01
1.000000000000000000e+00
1.000000000000000000e+00
7.434875965118408203e-01
9.246997237205505371e-01
7.031246423721313477e-01
8.902805447578430176e-01
6.913726925849914551e-01
7.864486575126647949e-01
1.000000000000000000e+00
1.000000000000000000e+00
1.000000000000000000e+00
9.662455320358276367e-01
1.000000000000000000e+00
1.000000000000000000e+00
1.000000000000000000e+00
6.156501173973083496e-01
1.000000000000000000e+00
5.881111025810241699e-01
1.000000000000000000e+00
1.000000000000000000e+00
1.000000000000000000e+00
9.951938390731811523e-01
7.430397272109985352e-01
9.989845156669616699e-01
7.642498016357421875e-01
9.166384935379028320e-01
6.480690240859985352e-01
1.000000000000000000e+00
6.925190091133117676e-01
6.062198877334594727e-01
9.102083444595336914e-01
6.722888350486755371e-01
1.000000000000000000e+00
7.131204009056091309e-01
1.000000000000000000e+00
1.000000000000000000e+00
5.576671361923217773e-01
6.253867149353027344e-01
6.535761356353759766e-01
1.000000000000000000e+00
1.000000000000000000e+00
1.000000000000000000e+00
6.316197514533996582e-01
1.000000000000000000e+00
9.935473799705505371e-01
7.191022038459777832e-01
8.706234693527221680e-01
6.982163190841674805e-01
7.361907958984375000e-01
9.130102396011352539e-01
9.635326862335205078e-01
1.000000000000000000e+00
1.000000000000000000e+00
7.262178063392639160e-01
7.758816480636596680e-01
9.988843202590942383e-01
9.003491401672363281e-01
8.920878171920776367e-01
8.887089490890502930e-01
5.652371048927307129e-01
8.153019547462463379e-01
1.000000000000000000e+00
1.000000000000000000e+00
1.000000000000000000e+00
8.599164485931396484e-01
7.719172239303588867e-01
9.090773463249206543e-01
7.487502098083496094e-01
1.000000000000000000e+00
1.000000000000000000e+00
1.000000000000000000e+00
1.000000000000000000e+00
1.000000000000000000e+00
1.000000000000000000e+00
8.209980726242065430e-01
9.250193834304809570e-01
7.569437623023986816e-01
1.000000000000000000e+00
7.027429342269897461e-01
9.711360335350036621e-01
1.000000000000000000e+00
9.999993443489074707e-01
7.960137128829956055e-01
7.413067817687988281e-01
9.999797344207763672e-01
6.749674081802368164e-01
5.812180042266845703e-01
5.708997845649719238e-01
7.037550210952758789e-01
9.871150851249694824e-01
8.048436641693115234e-01
1.000000000000000000e+00
7.113103866577148438e-01
1.000000000000000000e+00
1.000000000000000000e+00
7.436468005180358887e-01
9.374277591705322266e-01
6.717289090156555176e-01
1.000000000000000000e+00
7.451798915863037109e-01
9.999314546585083008e-01
1.000000000000000000e+00
7.243853807449340820e-01
6.971518993377685547e-01
9.990133643150329590e-01
9.819344878196716309e-01
1.000000000000000000e+00
1.000000000000000000e+00
8.400745391845703125e-01
8.924741148948669434e-01
9.124474525451660156e-01
8.113114237785339355e-01
1.000000000000000000e+00
7.073152065277099609e-01
6.077670454978942871e-01
7.658971548080444336e-01
9.905022382736206055e-01
6.918700933456420898e-01
1.000000000000000000e+00
1.000000000000000000e+00
5.398743152618408203e-01
8.972356319427490234e-01
1.000000000000000000e+00
5.688415169715881348e-01
8.563166856765747070e-01
6.672130823135375977e-01
1.000000000000000000e+00
6.886716485023498535e-01
7.529643774032592773e-01
1.000000000000000000e+00
5.176439881324768066e-01
7.737211585044860840e-01
6.574667692184448242e-01
8.715129494667053223e-01
6.742615699768066406e-01
7.593389749526977539e-01
6.773871183395385742e-01
1.000000000000000000e+00
1.000000000000000000e+00
7.857974171638488770e-01
9.447524547576904297e-01
7.463828325271606445e-01
1.000000000000000000e+00
7.376459240913391113e-01
6.504324078559875488e-01
1.000000000000000000e+00
7.612417936325073242e-01
1.000000000000000000e+00
1.000000000000000000e+00
9.847343564033508301e-01
7.364146709442138672e-01
9.944150447845458984e-01
1.000000000000000000e+00
8.137127757072448730e-01
1.000000000000000000e+00
1.000000000000000000e+00
7.389523983001708984e-01
8.879548311233520508e-01
5.562041401863098145e-01
5.706397294998168945e-01
7.070097327232360840e-01
1.000000000000000000e+00
5.538746118545532227e-01
9.678386449813842773e-01
5.205181837081909180e-01
1.000000000000000000e+00
6.211709976196289062e-01
1.000000000000000000e+00
1.000000000000000000e+00
1.000000000000000000e+00
6.407775282859802246e-01
5.373436212539672852e-01
1.000000000000000000e+00
1.000000000000000000e+00
8.536502122879028320e-01
9.463510513305664062e-01
5.974980592727661133e-01
6.495597958564758301e-01
9.811039566993713379e-01
9.303848743438720703e-01
5.726690888404846191e-01
9.819862842559814453e-01
1.000000000000000000e+00
8.885338306427001953e-01
1.000000000000000000e+00
8.507759571075439453e-01
1.000000000000000000e+00
1.000000000000000000e+00
6.767800450325012207e-01
7.596254348754882812e-01
7.403148412704467773e-01
6.853165030479431152e-01
8.708354830741882324e-01
1.000000000000000000e+00
1.000000000000000000e+00
1.000000000000000000e+00
9.930865764617919922e-01
9.999805092811584473e-01
9.861294627189636230e-01
6.151920557022094727e-01
1.000000000000000000e+00
1.000000000000000000e+00
1.000000000000000000e+00
1.000000000000000000e+00
9.799630641937255859e-01
6.489381790161132812e-01
9.999968409538269043e-01
1.000000000000000000e+00
8.517184257507324219e-01
1.000000000000000000e+00
8.083145618438720703e-01
1.000000000000000000e+00
7.146968841552734375e-01
6.157805919647216797e-01
1.000000000000000000e+00
1.000000000000000000e+00
8.123636245727539062e-01
7.625726461410522461e-01
8.885008692741394043e-01
6.865227222442626953e-01
7.576735019683837891e-01
9.145559072494506836e-01
5.437240004539489746e-01
6.495114564895629883e-01
6.557175517082214355e-01
5.554311275482177734e-01
5.761790275573730469e-01
7.419679164886474609e-01
5.718498229980468750e-01
1.000000000000000000e+00
6.326832771301269531e-01
6.868305206298828125e-01
9.281055927276611328e-01
1.000000000000000000e+00
6.971749067306518555e-01
1.000000000000000000e+00
9.063128829002380371e-01
7.163285017013549805e-01
1.000000000000000000e+00
9.999994039535522461e-01
1.000000000000000000e+00
1.000000000000000000e+00
8.271512389183044434e-01
1.000000000000000000e+00
1.000000000000000000e+00
7.576049566268920898e-01
9.999558329582214355e-01
8.683920502662658691e-01
9.590444564819335938e-01
8.662406206130981445e-01
1.000000000000000000e+00
8.059568405151367188e-01
1.000000000000000000e+00
1.000000000000000000e+00
1.000000000000000000e+00
1.000000000000000000e+00
1.000000000000000000e+00
6.428229212760925293e-01
1.000000000000000000e+00
9.784805774688720703e-01
9.245740771293640137e-01
1.000000000000000000e+00
6.038485765457153320e-01
6.303228139877319336e-01
5.916445851325988770e-01
9.999999403953552246e-01
6.448990106582641602e-01
1.000000000000000000e+00
8.949903845787048340e-01
6.418303847312927246e-01
7.762869000434875488e-01
8.954533934593200684e-01
1.000000000000000000e+00
8.187958002090454102e-01
1.000000000000000000e+00
8.445947170257568359e-01
6.615414619445800781e-01
8.227738142013549805e-01
1.000000000000000000e+00
7.936334609985351562e-01
4.966575503349304199e-01
9.513522982597351074e-01
9.902508258819580078e-01
6.986094713211059570e-01
7.782301902770996094e-01
7.554379701614379883e-01
7.529536485671997070e-01
1.000000000000000000e+00
7.501593232154846191e-01
1.000000000000000000e+00
1.000000000000000000e+00
7.891592979431152344e-01
9.659383296966552734e-01
1.000000000000000000e+00
1.000000000000000000e+00
5.399292111396789551e-01
1.000000000000000000e+00
7.662416696548461914e-01
7.744565010070800781e-01
5.564666986465454102e-01
5.747183561325073242e-01
1.000000000000000000e+00
8.596184849739074707e-01
9.999987483024597168e-01
8.318490386009216309e-01
8.883652091026306152e-01
1.000000000000000000e+00
5.804307460784912109e-01
1.000000000000000000e+00
5.952371954917907715e-01
1.000000000000000000e+00
1.000000000000000000e+00
1.000000000000000000e+00
9.118629693984985352e-01
9.705249667167663574e-01
6.681712865829467773e-01
5.332431793212890625e-01
1.000000000000000000e+00
5.736840367317199707e-01
1.000000000000000000e+00
9.942218661308288574e-01
6.945316791534423828e-01
1.000000000000000000e+00
1.000000000000000000e+00
9.467989206314086914e-01
9.817104935646057129e-01
6.800988316535949707e-01
8.293209075927734375e-01
7.744970917701721191e-01
9.008862376213073730e-01
5.959559679031372070e-01
6.255499124526977539e-01
9.948462247848510742e-01
7.311588525772094727e-01
1.000000000000000000e+00
6.322419643402099609e-01
9.166144132614135742e-01
5.461064577102661133e-01
9.254919886589050293e-01
9.336413145065307617e-01
6.682258844375610352e-01
8.377349376678466797e-01
6.469556093215942383e-01
9.999733567237854004e-01
7.621067166328430176e-01
1.000000000000000000e+00
1.000000000000000000e+00
9.454858303070068359e-01
8.592703342437744141e-01
6.828783154487609863e-01
1.000000000000000000e+00
1.000000000000000000e+00
7.021476030349731445e-01
8.039291501045227051e-01
7.366230487823486328e-01
7.251978516578674316e-01
8.259679079055786133e-01
5.668874382972717285e-01
8.729028701782226562e-01
1.000000000000000000e+00
9.214873313903808594e-01
1.000000000000000000e+00
9.603596925735473633e-01
6.851974725723266602e-01
6.183439493179321289e-01
8.162905573844909668e-01
1.000000000000000000e+00
8.083510398864746094e-01
9.999999403953552246e-01
1.000000000000000000e+00
1.000000000000000000e+00
1.000000000000000000e+00
9.997466206550598145e-01
1.000000000000000000e+00
5.665075778961181641e-01
5.859764814376831055e-01
7.849481105804443359e-01
6.057555675506591797e-01
1.000000000000000000e+00
5.724425315856933594e-01
9.603725075721740723e-01
5.878298282623291016e-01
6.896315813064575195e-01
9.096298217773437500e-01
8.444088697433471680e-01
7.807602882385253906e-01
6.436965465545654297e-01
5.650002956390380859e-01
1.000000000000000000e+00
8.523585796356201172e-01
7.585902214050292969e-01
6.733382940292358398e-01
6.196483969688415527e-01
9.014520049095153809e-01
6.514000296592712402e-01
9.296659827232360840e-01
1.000000000000000000e+00
1.000000000000000000e+00
9.999994635581970215e-01
9.772567152976989746e-01
1.000000000000000000e+00
6.181530356407165527e-01
7.494125366210937500e-01
7.357631325721740723e-01
7.013691067695617676e-01
6.188346147537231445e-01
5.940712690353393555e-01
1.000000000000000000e+00
1.000000000000000000e+00
1.000000000000000000e+00
7.185779213905334473e-01
1.000000000000000000e+00
8.843005895614624023e-01
7.714343070983886719e-01
6.113902330398559570e-01
7.178849577903747559e-01
6.724164485931396484e-01
1.000000000000000000e+00
6.811928749084472656e-01
8.522720336914062500e-01
1.000000000000000000e+00
1.000000000000000000e+00
9.989976286888122559e-01
1.000000000000000000e+00
1.000000000000000000e+00
6.833262443542480469e-01
7.842720746994018555e-01
7.758047580718994141e-01
5.982087850570678711e-01
8.642834424972534180e-01
5.533692836761474609e-01
6.268197298049926758e-01
6.469550132751464844e-01
9.999699592590332031e-01
6.365221738815307617e-01
7.693137526512145996e-01
1.000000000000000000e+00
7.292660474777221680e-01
7.190116643905639648e-01
5.428028106689453125e-01
1.000000000000000000e+00
9.556110501289367676e-01
7.061287164688110352e-01
6.136630773544311523e-01
9.727448821067810059e-01
1.000000000000000000e+00
5.949514508247375488e-01
5.755214095115661621e-01
8.167805671691894531e-01
7.820123434066772461e-01
7.915055751800537109e-01
8.886277675628662109e-01
1.000000000000000000e+00
7.255817651748657227e-01
8.224585652351379395e-01
9.128257632255554199e-01
6.901122331619262695e-01
1.000000000000000000e+00
7.456136941909790039e-01
9.639905095100402832e-01
7.946186661720275879e-01
1.000000000000000000e+00
9.924046397209167480e-01
9.999474883079528809e-01
7.736023664474487305e-01
9.243957996368408203e-01
8.996805548667907715e-01
9.999804496765136719e-01
9.333235621452331543e-01
9.065265655517578125e-01
7.003288269042968750e-01
6.885458230972290039e-01
6.670492887496948242e-01
5.418841838836669922e-01
7.661981582641601562e-01
9.449697136878967285e-01
9.769625067710876465e-01
9.999818205833435059e-01
5.490685105323791504e-01
1.000000000000000000e+00
9.131511449813842773e-01
9.879146814346313477e-01
7.113239169120788574e-01
1.000000000000000000e+00
9.999961256980895996e-01
7.390600442886352539e-01
1.000000000000000000e+00
1.000000000000000000e+00
9.683663845062255859e-01
1.000000000000000000e+00
8.098184466361999512e-01
7.925073504447937012e-01
5.951337218284606934e-01
1.000000000000000000e+00
9.800669550895690918e-01
6.649843454360961914e-01
7.262879610061645508e-01
7.338846921920776367e-01
1.000000000000000000e+00
1.000000000000000000e+00
6.601128578186035156e-01
1.000000000000000000e+00
6.757791042327880859e-01
1.000000000000000000e+00
5.977615118026733398e-01
6.353460550308227539e-01
1.000000000000000000e+00
5.447173118591308594e-01
8.141122460365295410e-01
1.000000000000000000e+00
5.841976404190063477e-01
1.000000000000000000e+00
1.000000000000000000e+00
8.082066774368286133e-01
1.000000000000000000e+00
7.652615308761596680e-01
1.000000000000000000e+00
5.911923646926879883e-01
9.999881982803344727e-01
7.077162861824035645e-01
7.663272023200988770e-01
6.556742191314697266e-01
1.000000000000000000e+00
5.596374273300170898e-01
8.110217452049255371e-01
1.000000000000000000e+00
1.000000000000000000e+00
4.914451241493225098e-01
1.000000000000000000e+00
7.258116602897644043e-01
1.000000000000000000e+00
1.000000000000000000e+00
6.865124702453613281e-01
9.756233096122741699e-01
1.000000000000000000e+00
9.961653947830200195e-01
1.000000000000000000e+00
9.898274540901184082e-01
5.581042170524597168e-01
5.893988013267517090e-01
7.980489134788513184e-01
7.003811001777648926e-01
6.980094313621520996e-01
8.213528990745544434e-01
7.038766145706176758e-01
6.070775985717773438e-01
1.000000000000000000e+00
8.211722373962402344e-01
8.435903787612915039e-01
8.499181270599365234e-01
1.000000000000000000e+00
9.487217068672180176e-01
1.000000000000000000e+00
1.000000000000000000e+00
7.006781101226806641e-01
8.990509510040283203e-01
9.938446879386901855e-01
7.732801437377929688e-01
6.645940542221069336e-01
6.276478767395019531e-01
7.935761213302612305e-01
9.999995827674865723e-01
6.488411426544189453e-01
6.754243373870849609e-01
1.000000000000000000e+00
1.000000000000000000e+00
8.880340456962585449e-01
6.814457178115844727e-01
1.000000000000000000e+00
9.999827146530151367e-01
5.513557195663452148e-01
8.981325030326843262e-01
6.551280021667480469e-01
8.640513420104980469e-01
6.013410091400146484e-01
1.000000000000000000e+00
8.089607954025268555e-01
5.709472894668579102e-01
5.579223036766052246e-01
9.601557850837707520e-01
6.622312068939208984e-01
1.000000000000000000e+00
7.284568548202514648e-01
1.000000000000000000e+00
6.970421075820922852e-01
8.039150238037109375e-01
7.170512080192565918e-01
6.313796043395996094e-01
1.000000000000000000e+00
7.821437120437622070e-01
5.377107262611389160e-01
1.000000000000000000e+00
7.791340351104736328e-01
6.024066209793090820e-01
1.000000000000000000e+00
6.042139530181884766e-01
1.000000000000000000e+00
8.826727271080017090e-01
1.000000000000000000e+00
6.871588230133056641e-01
8.188599348068237305e-01
6.831434965133666992e-01
1.000000000000000000e+00
1.000000000000000000e+00
5.819076299667358398e-01
1.000000000000000000e+00
9.999985694885253906e-01
1.000000000000000000e+00
1.000000000000000000e+00
8.811414241790771484e-01
6.355923414230346680e-01
5.650605559349060059e-01
7.418289184570312500e-01
7.200373411178588867e-01
6.472129821777343750e-01
9.999684691429138184e-01
8.806759119033813477e-01
9.999920725822448730e-01
6.026630997657775879e-01
9.999977946281433105e-01
1.000000000000000000e+00
7.914046645164489746e-01
9.480092525482177734e-01
7.878428697586059570e-01
9.999999403953552246e-01
6.497133374214172363e-01
6.349160671234130859e-01
9.716548323631286621e-01
5.878435373306274414e-01
6.382584571838378906e-01
9.734723567962646484e-01
6.887595653533935547e-01
7.617091536521911621e-01
6.397394537925720215e-01
1.000000000000000000e+00
7.703571915626525879e-01
7.838596701622009277e-01
9.195672869682312012e-01
1.000000000000000000e+00
9.999998211860656738e-01
6.814072132110595703e-01
9.997810721397399902e-01
7.009394764900207520e-01
1.000000000000000000e+00
1.000000000000000000e+00
9.159441590309143066e-01
6.363415718078613281e-01
6.355326175689697266e-01
8.778454661369323730e-01
4.920169115066528320e-01
8.148853778839111328e-01
9.521444439888000488e-01
7.866290211677551270e-01
9.691627621650695801e-01
1.000000000000000000e+00
1.000000000000000000e+00
5.291004180908203125e-01
1.000000000000000000e+00
6.891537308692932129e-01
6.728029847145080566e-01
7.262774705886840820e-01
7.842984199523925781e-01
9.745854735374450684e-01
6.102184057235717773e-01
1.000000000000000000e+00
1.000000000000000000e+00
8.122366666793823242e-01
1.000000000000000000e+00
6.473817825317382812e-01
6.473087072372436523e-01
9.461922645568847656e-01
6.730235219001770020e-01
1.000000000000000000e+00
1.000000000000000000e+00
1.000000000000000000e+00
1.000000000000000000e+00
9.108354449272155762e-01
9.999998807907104492e-01
6.960420608520507812e-01
6.498756408691406250e-01
9.959257841110229492e-01
1.000000000000000000e+00
9.819121360778808594e-01
6.948070526123046875e-01
7.385495901107788086e-01
7.611098885536193848e-01
5.618917346000671387e-01
6.758790016174316406e-01
9.999981522560119629e-01
9.768663644790649414e-01
1.000000000000000000e+00
9.333344697952270508e-01
7.213181257247924805e-01
9.989867806434631348e-01
7.800539731979370117e-01
1.000000000000000000e+00
7.291908860206604004e-01
9.773865342140197754e-01
6.667001247406005859e-01
6.827766895294189453e-01
7.599648833274841309e-01
6.046174764633178711e-01
9.999998211860656738e-01
9.702902436256408691e-01
7.173522710800170898e-01
5.083223581314086914e-01
5.215836763381958008e-01
1.000000000000000000e+00
8.243298530578613281e-01
9.562235474586486816e-01
8.929661512374877930e-01
8.401267528533935547e-01
6.376560926437377930e-01
1.000000000000000000e+00
5.975497961044311523e-01
1.000000000000000000e+00
7.618396282196044922e-01
7.678382396697998047e-01
1.000000000000000000e+00
8.429392576217651367e-01
7.624790072441101074e-01
7.522783279418945312e-01
1.000000000000000000e+00
6.459020972251892090e-01
5.263471603393554688e-01
1.000000000000000000e+00
1.000000000000000000e+00
1.000000000000000000e+00
1.000000000000000000e+00
1.000000000000000000e+00
1.000000000000000000e+00
8.886706829071044922e-01
8.203277587890625000e-01
7.644798159599304199e-01
6.577836871147155762e-01
7.919502258300781250e-01
1.000000000000000000e+00
8.305709362030029297e-01
1.000000000000000000e+00
6.980537176132202148e-01
6.249939203262329102e-01
7.591096162796020508e-01
9.745988249778747559e-01
9.108283519744873047e-01
6.831151843070983887e-01
6.547748446464538574e-01
9.999991655349731445e-01
9.883053898811340332e-01
1.000000000000000000e+00
6.001100540161132812e-01
9.689012765884399414e-01
7.935554385185241699e-01
1.000000000000000000e+00
6.086729764938354492e-01
7.806072831153869629e-01
1.000000000000000000e+00
5.584442615509033203e-01
8.863668441772460938e-01
7.263822555541992188e-01
7.865378856658935547e-01
9.999998211860656738e-01
8.417209982872009277e-01
7.801676988601684570e-01
9.354798793792724609e-01
8.065978884696960449e-01
1.000000000000000000e+00
8.368660211563110352e-01
8.246363401412963867e-01
9.129461646080017090e-01
6.721661090850830078e-01
8.716853260993957520e-01
6.893250942230224609e-01
6.601699590682983398e-01
1.000000000000000000e+00
7.478120326995849609e-01
9.999988675117492676e-01
1.000000000000000000e+00
1.000000000000000000e+00
6.697035431861877441e-01
8.749707341194152832e-01
8.593445420265197754e-01
6.688721179962158203e-01
8.439406156539916992e-01
6.523814201354980469e-01
7.499089241027832031e-01
1.000000000000000000e+00
8.804191350936889648e-01
7.867213487625122070e-01
6.768877506256103516e-01
1.000000000000000000e+00
9.999988675117492676e-01
7.786180973052978516e-01
6.690630912780761719e-01
7.972598075866699219e-01
1.000000000000000000e+00
5.263993740081787109e-01
6.207931041717529297e-01
1.000000000000000000e+00
6.409986019134521484e-01
6.847800016403198242e-01
5.574728846549987793e-01
1.000000000000000000e+00
7.310847043991088867e-01
8.137710094451904297e-01
1.000000000000000000e+00
1.000000000000000000e+00
1.000000000000000000e+00
6.533193588256835938e-01
8.094927072525024414e-01
9.999991059303283691e-01
8.867947459220886230e-01
8.010963201522827148e-01
1.000000000000000000e+00
9.809474945068359375e-01
7.053451538085937500e-01
7.929048538208007812e-01
1.000000000000000000e+00
1.000000000000000000e+00
9.747698903083801270e-01
1.000000000000000000e+00
8.384276628494262695e-01
1.000000000000000000e+00
6.286023855209350586e-01
7.338315248489379883e-01
9.672944545745849609e-01
1.000000000000000000e+00
8.566668033599853516e-01
8.567147254943847656e-01
9.689156413078308105e-01
8.615468144416809082e-01
6.915683150291442871e-01
5.774362087249755859e-01
8.551227450370788574e-01
1.000000000000000000e+00
9.999985694885253906e-01
1.000000000000000000e+00
9.362205862998962402e-01
1.000000000000000000e+00
8.576287031173706055e-01
7.281936407089233398e-01
1.000000000000000000e+00
1.000000000000000000e+00
1.000000000000000000e+00
8.771328926086425781e-01
1.000000000000000000e+00
9.749210476875305176e-01
1.000000000000000000e+00
9.999992847442626953e-01
6.979570388793945312e-01
1.000000000000000000e+00
6.483286619186401367e-01
7.058290839195251465e-01
1.000000000000000000e+00
1.000000000000000000e+00
5.461031198501586914e-01
6.629387140274047852e-01
7.696727514266967773e-01
9.223432540893554688e-01
1.000000000000000000e+00
1.000000000000000000e+00
7.437447309494018555e-01
1.000000000000000000e+00
6.640654206275939941e-01
8.340721726417541504e-01
8.654648661613464355e-01
7.156698703765869141e-01
7.899451255798339844e-01
8.571400046348571777e-01
1.000000000000000000e+00
7.244821190834045410e-01
1.000000000000000000e+00
1.000000000000000000e+00
7.229813933372497559e-01
1.000000000000000000e+00
1.000000000000000000e+00
1.000000000000000000e+00
7.845771312713623047e-01
7.373780608177185059e-01
1.000000000000000000e+00
1.000000000000000000e+00
7.308369874954223633e-01
6.984709501266479492e-01
1.000000000000000000e+00
1.000000000000000000e+00
9.999646544456481934e-01
7.002048492431640625e-01
7.415912151336669922e-01
6.645454168319702148e-01
1.000000000000000000e+00
1.000000000000000000e+00
6.971006393432617188e-01
6.696668863296508789e-01
6.646708250045776367e-01
1.000000000000000000e+00
8.272120952606201172e-01
7.915848493576049805e-01
7.423404455184936523e-01
1.000000000000000000e+00
5.685089826583862305e-01
7.747062444686889648e-01
9.999986886978149414e-01
6.045779585838317871e-01
9.655716419219970703e-01
6.637233495712280273e-01
9.404460191726684570e-01
6.852874159812927246e-01
1.000000000000000000e+00
7.189151048660278320e-01
7.505727410316467285e-01
5.950080156326293945e-01
8.957352042198181152e-01
8.343259096145629883e-01
6.423463821411132812e-01
5.888938307762145996e-01
1.000000000000000000e+00
1.000000000000000000e+00
6.988323926925659180e-01
1.000000000000000000e+00
7.863612174987792969e-01
8.352788090705871582e-01
6.926078200340270996e-01
6.355937719345092773e-01
9.886161684989929199e-01
1.000000000000000000e+00
1.000000000000000000e+00
7.634842991828918457e-01
1.000000000000000000e+00
6.004900932312011719e-01
8.174999356269836426e-01
1.000000000000000000e+00
9.357190728187561035e-01
7.305004596710205078e-01
6.917894482612609863e-01
6.148517131805419922e-01
5.577871799468994141e-01
7.869676351547241211e-01
5.020387172698974609e-01
1.000000000000000000e+00
8.218947052955627441e-01
9.271646142005920410e-01
1.000000000000000000e+00
6.716084480285644531e-01
1.000000000000000000e+00
7.223330736160278320e-01
8.865085244178771973e-01
1.000000000000000000e+00
6.339572668075561523e-01
9.638457894325256348e-01
1.000000000000000000e+00
1.000000000000000000e+00
8.889809250831604004e-01
7.902773618698120117e-01
5.378247499465942383e-01
7.926262617111206055e-01
8.604372739791870117e-01
1.000000000000000000e+00
9.999993443489074707e-01
5.710936188697814941e-01
9.970139265060424805e-01
5.022774934768676758e-01
1.000000000000000000e+00
7.000356912612915039e-01
7.429704666137695312e-01
6.789956092834472656e-01
9.977574348449707031e-01
6.452720165252685547e-01
9.999996423721313477e-01
7.291513085365295410e-01
9.999965429306030273e-01
8.053617477416992188e-01
8.555474281311035156e-01
8.508030772209167480e-01
1.000000000000000000e+00
9.999007582664489746e-01
6.439400315284729004e-01
9.389278292655944824e-01
8.850075006484985352e-01
6.391349434852600098e-01
8.306583166122436523e-01
1.000000000000000000e+00
1.000000000000000000e+00
8.128163218498229980e-01
6.667892932891845703e-01
1.000000000000000000e+00
1.000000000000000000e+00
1.000000000000000000e+00
7.114267349243164062e-01
6.499423980712890625e-01
6.278628110885620117e-01
6.019434928894042969e-01
8.255506753921508789e-01
1.000000000000000000e+00
1.000000000000000000e+00
6.659787297248840332e-01
1.000000000000000000e+00
1.000000000000000000e+00
5.889059305191040039e-01
7.278555035591125488e-01
7.140094041824340820e-01
1.000000000000000000e+00
1.000000000000000000e+00
6.118942499160766602e-01
1.000000000000000000e+00
9.990932345390319824e-01
9.110440611839294434e-01
1.000000000000000000e+00
1.000000000000000000e+00
8.265669345855712891e-01
6.650441884994506836e-01
5.551195144653320312e-01
1.000000000000000000e+00
1.000000000000000000e+00
9.999193549156188965e-01
1.000000000000000000e+00
1.000000000000000000e+00
1.000000000000000000e+00
1.000000000000000000e+00
8.524267673492431641e-01
9.344949722290039062e-01
7.816468477249145508e-01
1.000000000000000000e+00
7.134625315666198730e-01
7.787939906120300293e-01
6.982055306434631348e-01
6.700365543365478516e-01
9.435013532638549805e-01
7.383224964141845703e-01
9.221000671386718750e-01
9.220502972602844238e-01
5.638153553009033203e-01
6.353765726089477539e-01
6.978300809860229492e-01
9.940133690834045410e-01
5.296868085861206055e-01
8.035948872566223145e-01
5.758721828460693359e-01
6.381833553314208984e-01
1.000000000000000000e+00
9.733647704124450684e-01
6.962429285049438477e-01
1.000000000000000000e+00
6.978233456611633301e-01
6.715020537376403809e-01
1.000000000000000000e+00
1.000000000000000000e+00
1.000000000000000000e+00
1.000000000000000000e+00
1.000000000000000000e+00
8.311196565628051758e-01
7.645854949951171875e-01
1.000000000000000000e+00
7.070148587226867676e-01
7.772331833839416504e-01
9.579297304153442383e-01
6.071515083312988281e-01
1.000000000000000000e+00
1.000000000000000000e+00
6.832224130630493164e-01
9.901675581932067871e-01
8.765865564346313477e-01
1.000000000000000000e+00
7.675970792770385742e-01
9.454506635665893555e-01
9.368883371353149414e-01
9.269022941589355469e-01
9.257944822311401367e-01
7.209796905517578125e-01
9.520361423492431641e-01
7.228749990463256836e-01
1.000000000000000000e+00
1.000000000000000000e+00
7.263442277908325195e-01
1.000000000000000000e+00
8.219949007034301758e-01
6.175047159194946289e-01
6.955006122589111328e-01
9.985817670822143555e-01
8.275068402290344238e-01
1.000000000000000000e+00
6.040112972259521484e-01
9.229630231857299805e-01
5.877496004104614258e-01
7.720576524734497070e-01
6.186342835426330566e-01
5.236741304397583008e-01
8.514950275421142578e-01
6.099741458892822266e-01
1.000000000000000000e+00
1.000000000000000000e+00
4.749005436897277832e-01
1.000000000000000000e+00
9.979907870292663574e-01
1.000000000000000000e+00
7.722663283348083496e-01
1.000000000000000000e+00
1.000000000000000000e+00
1.000000000000000000e+00
9.674515724182128906e-01
9.999996423721313477e-01
5.117120742797851562e-01
8.402015566825866699e-01
6.436027288436889648e-01
1.000000000000000000e+00
6.354695558547973633e-01
6.733634471893310547e-01
6.540452837944030762e-01
1.000000000000000000e+00
1.000000000000000000e+00
1.000000000000000000e+00
9.999791979789733887e-01
9.999988675117492676e-01
7.100553512573242188e-01
7.165293693542480469e-01
9.880543947219848633e-01
1.000000000000000000e+00
7.823860645294189453e-01
5.819076299667358398e-01
5.469472408294677734e-01
7.657836079597473145e-01
7.113150954246520996e-01
9.367150664329528809e-01
6.313855051994323730e-01
9.854484200477600098e-01
6.875147819519042969e-01
5.712354183197021484e-01
8.529556989669799805e-01
1.000000000000000000e+00
9.790769219398498535e-01
1.000000000000000000e+00
5.422213077545166016e-01
1.000000000000000000e+00
9.562298655509948730e-01
7.662798166275024414e-01
5.848101973533630371e-01
8.027323484420776367e-01
9.999998211860656738e-01
5.616261959075927734e-01
9.957482814788818359e-01
1.000000000000000000e+00
9.891733527183532715e-01
5.558314323425292969e-01
6.208473443984985352e-01
1.000000000000000000e+00
7.706677317619323730e-01
7.039083242416381836e-01
9.999997019767761230e-01
8.670155405998229980e-01
6.037046909332275391e-01
7.200149893760681152e-01
1.000000000000000000e+00
1.000000000000000000e+00
5.102948546409606934e-01
1.000000000000000000e+00
7.041022777557373047e-01
1.000000000000000000e+00
1.000000000000000000e+00
1.000000000000000000e+00
8.162960410118103027e-01
1.000000000000000000e+00
6.782829165458679199e-01
9.999981522560119629e-01
6.335519552230834961e-01
1.000000000000000000e+00
8.017440438270568848e-01
4.935648441314697266e-01
7.261500358581542969e-01
6.704391241073608398e-01
7.067853212356567383e-01
1.000000000000000000e+00
1.000000000000000000e+00
9.170109629631042480e-01
1.000000000000000000e+00
8.006626963615417480e-01
9.257199168205261230e-01
6.041071414947509766e-01
1.000000000000000000e+00
1.000000000000000000e+00
1.000000000000000000e+00
7.697745561599731445e-01
9.753217697143554688e-01
1.000000000000000000e+00
9.785757064819335938e-01
1.000000000000000000e+00
9.436385035514831543e-01
9.408236145973205566e-01
1.000000000000000000e+00
7.359948158264160156e-01
1.000000000000000000e+00
1.000000000000000000e+00
1.000000000000000000e+00
7.052834033966064453e-01
1.000000000000000000e+00
6.112465858459472656e-01
1.000000000000000000e+00
1.000000000000000000e+00
8.789463639259338379e-01
1.000000000000000000e+00
7.539762854576110840e-01
8.747892975807189941e-01
7.450013160705566406e-01
9.971613883972167969e-01
9.999767541885375977e-01
6.561172008514404297e-01
1.000000000000000000e+00
1.000000000000000000e+00
1.000000000000000000e+00
9.998369216918945312e-01
7.635138034820556641e-01
4.893460273742675781e-01
5.139341354370117188e-01
6.993819475173950195e-01
1.000000000000000000e+00
7.677350640296936035e-01
1.000000000000000000e+00
6.875717639923095703e-01
1.000000000000000000e+00
6.331770420074462891e-01
6.951966285705566406e-01
1.000000000000000000e+00
1.000000000000000000e+00
5.405700206756591797e-01
9.999998807907104492e-01
5.892566442489624023e-01
8.125480413436889648e-01
8.867300152778625488e-01
9.999997019767761230e-01
7.459645271301269531e-01
6.630103588104248047e-01
8.220862150192260742e-01
5.990461707115173340e-01
1.000000000000000000e+00
6.010162830352783203e-01
1.000000000000000000e+00
1.000000000000000000e+00
1.000000000000000000e+00
5.322048068046569824e-01
1.000000000000000000e+00
1.000000000000000000e+00
1.000000000000000000e+00
5.875111222267150879e-01
1.000000000000000000e+00
7.518041133880615234e-01
8.612011075019836426e-01
5.162155032157897949e-01
7.365648746490478516e-01
9.864617586135864258e-01
1.000000000000000000e+00
5.925322771072387695e-01
4.885414838790893555e-01
9.982776641845703125e-01
5.453904867172241211e-01
8.827998638153076172e-01
1.000000000000000000e+00
1.000000000000000000e+00
7.486360073089599609e-01
8.273631334304809570e-01
1.000000000000000000e+00
9.746146202087402344e-01
1.000000000000000000e+00
1.000000000000000000e+00
1.000000000000000000e+00
7.620019316673278809e-01
7.478642463684082031e-01
1.000000000000000000e+00
1.000000000000000000e+00
7.402240633964538574e-01
6.781816482543945312e-01
6.779094934463500977e-01
6.145744323730468750e-01
6.274412870407104492e-01
1.000000000000000000e+00
5.092303752899169922e-01
8.953297734260559082e-01
1.000000000000000000e+00
1.000000000000000000e+00
7.549335956573486328e-01
8.149253726005554199e-01
1.000000000000000000e+00
7.382629513740539551e-01
9.999993443489074707e-01
6.500844955444335938e-01
1.000000000000000000e+00
5.808203220367431641e-01
7.513331174850463867e-01
8.893419504165649414e-01
6.893073320388793945e-01
1.000000000000000000e+00
7.730015516281127930e-01
9.999488592147827148e-01
1.000000000000000000e+00
9.248068928718566895e-01
6.438032388687133789e-01
8.621884584426879883e-01
1.000000000000000000e+00
6.371346712112426758e-01
6.810878515243530273e-01
7.421483993530273438e-01
8.055646419525146484e-01
5.372513532638549805e-01
6.932405829429626465e-01
1.000000000000000000e+00
9.890584945678710938e-01
6.196358799934387207e-01
8.790847659111022949e-01
7.210583090782165527e-01
1.000000000000000000e+00
9.138603806495666504e-01
1.000000000000000000e+00
6.597685813903808594e-01
6.254534721374511719e-01
7.939494848251342773e-01
8.448853492736816406e-01
7.336153984069824219e-01
6.912474632263183594e-01
9.534701704978942871e-01
8.528046607971191406e-01
7.803308963775634766e-01
5.429563522338867188e-01
1.000000000000000000e+00
9.999917745590209961e-01
8.845538496971130371e-01
1.000000000000000000e+00
8.431489467620849609e-01
1.000000000000000000e+00
1.000000000000000000e+00
1.000000000000000000e+00
1.000000000000000000e+00
8.992250561714172363e-01
1.000000000000000000e+00
5.643408894538879395e-01
7.452584505081176758e-01
7.873755693435668945e-01
9.783741235733032227e-01
6.126948595046997070e-01
9.171089529991149902e-01
9.964236617088317871e-01
6.839847564697265625e-01
8.926310539245605469e-01
6.806185245513916016e-01
6.376204490661621094e-01
6.748088598251342773e-01
9.999999403953552246e-01
1.000000000000000000e+00
1.000000000000000000e+00
9.999998807907104492e-01
9.155631065368652344e-01
9.237054586410522461e-01
9.882907867431640625e-01
1.000000000000000000e+00
7.263581156730651855e-01
7.523851394653320312e-01
1.000000000000000000e+00
8.468633294105529785e-01
1.000000000000000000e+00
7.575631141662597656e-01
1.000000000000000000e+00
5.994015336036682129e-01
9.374460577964782715e-01
1.000000000000000000e+00
9.830576181411743164e-01
9.999893903732299805e-01
7.537376284599304199e-01
1.000000000000000000e+00
9.999997019767761230e-01
8.220735788345336914e-01
9.959153532981872559e-01
1.000000000000000000e+00
6.257236003875732422e-01
6.393001675605773926e-01
9.360496997833251953e-01
5.069046020507812500e-01
8.554744124412536621e-01
7.772889137268066406e-01
1.000000000000000000e+00
9.053398370742797852e-01
9.868373870849609375e-01
7.584072947502136230e-01
6.740249395370483398e-01
1.000000000000000000e+00
1.000000000000000000e+00
5.796826481819152832e-01
5.369392633438110352e-01
1.000000000000000000e+00
1.000000000000000000e+00
8.617607355117797852e-01
6.864142417907714844e-01
6.407039761543273926e-01
1.000000000000000000e+00
6.293120384216308594e-01
8.673694133758544922e-01
5.515166521072387695e-01
5.383884310722351074e-01
8.095021247863769531e-01
4.386042356491088867e-01
9.999871253967285156e-01
4.761820435523986816e-01
6.476962566375732422e-01
9.987598657608032227e-01
1.000000000000000000e+00
8.124148249626159668e-01
6.472790241241455078e-01
1.000000000000000000e+00
1.000000000000000000e+00
7.016271352767944336e-01
1.000000000000000000e+00
7.196530103683471680e-01
1.000000000000000000e+00
9.797896146774291992e-01
5.760294198989868164e-01
5.323929786682128906e-01
9.999943971633911133e-01
1.000000000000000000e+00
6.708657741546630859e-01
1.000000000000000000e+00
7.793046236038208008e-01
9.699031114578247070e-01
1.000000000000000000e+00
6.710563898086547852e-01
7.724341750144958496e-01
7.024548053741455078e-01
9.732282161712646484e-01
1.000000000000000000e+00
8.108577132225036621e-01
5.252550840377807617e-01
9.504466056823730469e-01
7.089609503746032715e-01
9.909899234771728516e-01
1.000000000000000000e+00
8.087997436523437500e-01
8.339928388595581055e-01
1.000000000000000000e+00
8.805006742477416992e-01
6.993261575698852539e-01
9.999917745590209961e-01
8.044663667678833008e-01
1.000000000000000000e+00
1.000000000000000000e+00
1.000000000000000000e+00
8.079253435134887695e-01
6.561946868896484375e-01
7.681723833084106445e-01
9.999806880950927734e-01
1.000000000000000000e+00
6.955375671386718750e-01
1.000000000000000000e+00
6.964244246482849121e-01
5.114443302154541016e-01
7.831470370292663574e-01
8.723796010017395020e-01
6.055818796157836914e-01
9.999556541442871094e-01
6.020581722259521484e-01
7.493116259574890137e-01
7.504364252090454102e-01
6.633456349372863770e-01
1.000000000000000000e+00
6.109410524368286133e-01
7.963343858718872070e-01
5.302051305770874023e-01
6.381030082702636719e-01
5.873160362243652344e-01
5.533035993576049805e-01
1.000000000000000000e+00
8.012689948081970215e-01
1.000000000000000000e+00
8.116198778152465820e-01
9.125512838363647461e-01
1.000000000000000000e+00
9.491276741027832031e-01
8.739434480667114258e-01
5.993695259094238281e-01
6.262755393981933594e-01
1.000000000000000000e+00
9.895150065422058105e-01
7.567545175552368164e-01
1.000000000000000000e+00
1.000000000000000000e+00
6.106331348419189453e-01
1.000000000000000000e+00
1.000000000000000000e+00
6.686264276504516602e-01
9.825314879417419434e-01
9.938646554946899414e-01
6.088948249816894531e-01
1.000000000000000000e+00
1.000000000000000000e+00
9.108068346977233887e-01
7.834852933883666992e-01
6.537200808525085449e-01
1.000000000000000000e+00
9.168493747711181641e-01
9.429619312286376953e-01
6.975686550140380859e-01
5.030066967010498047e-01
6.861414909362792969e-01
1.000000000000000000e+00
7.747017145156860352e-01
1.000000000000000000e+00
5.299519300460815430e-01
7.175308465957641602e-01
7.592558860778808594e-01
9.030489325523376465e-01
6.854667067527770996e-01
7.426415681838989258e-01
7.576296329498291016e-01
9.193422198295593262e-01
7.804419994354248047e-01
8.957719802856445312e-01
1.000000000000000000e+00
8.386407494544982910e-01
9.770627617835998535e-01
6.189751029014587402e-01
7.430446147918701172e-01
6.104043722152709961e-01
8.690695762634277344e-01
6.318418383598327637e-01
1.000000000000000000e+00
8.345845341682434082e-01
7.186145782470703125e-01
6.474947929382324219e-01
1.000000000000000000e+00
1.000000000000000000e+00
8.513137102127075195e-01
8.035614490509033203e-01
1.000000000000000000e+00
1.000000000000000000e+00
1.000000000000000000e+00
8.207318782806396484e-01
9.990670084953308105e-01
1.000000000000000000e+00
9.746564626693725586e-01
9.187699556350708008e-01
4.830842614173889160e-01
6.385722160339355469e-01
8.677068948745727539e-01
6.452860236167907715e-01
7.709382772445678711e-01
1.000000000000000000e+00
7.276530265808105469e-01
1.000000000000000000e+00
6.814323663711547852e-01
1.000000000000000000e+00
1.000000000000000000e+00
9.992913007736206055e-01
7.610841989517211914e-01
9.364312887191772461e-01
1.000000000000000000e+00
9.572947025299072266e-01
