1.000000000000000000e+00
9.901726841926574707e-01
9.410236477851867676e-01
9.701086878776550293e-01
9.659487605094909668e-01
9.640915989875793457e-01
9.939073920249938965e-01
9.636124968528747559e-01
9.968776106834411621e-01
9.544200897216796875e-01
9.129393696784973145e-01
9.997342228889465332e-01
9.640343785285949707e-01
9.816066026687622070e-01
1.000000000000000000e+00
9.707047343254089355e-01
9.963869452476501465e-01
9.932971596717834473e-01
1.000000000000000000e+00
9.361948966979980469e-01
9.515428543090820312e-01
9.247324466705322266e-01
9.830204248428344727e-01
9.818815588951110840e-01
9.953954219818115234e-01
1.000000000000000000e+00
9.973984360694885254e-01
1.000000000000000000e+00
1.000000000000000000e+00
9.998634457588195801e-01
9.763343334197998047e-01
9.709123373031616211e-01
9.980245828628540039e-01
1.000000000000000000e+00
1.000000000000000000e+00
9.966874718666076660e-01
1.000000000000000000e+00
9.576358199119567871e-01
1.000000000000000000e+00
9.839017987251281738e-01
9.551701545715332031e-01
9.206015467643737793e-01
1.000000000000000000e+00
9.781863689422607422e-01
9.850945472717285156e-01
1.000000000000000000e+00
9.652509093284606934e-01
9.752148389816284180e-01
9.355176687240600586e-01
9.354243874549865723e-01
9.965617656707763672e-01
1.000000000000000000e+00
9.910102486610412598e-01
9.700918793678283691e-01
9.754575490951538086e-01
9.435631632804870605e-01
9.999549984931945801e-01
9.794306755065917969e-01
1.000000000000000000e+00
9.765962362289428711e-01
9.943852424621582031e-01
9.801759123802185059e-01
9.988550543785095215e-01
1.000000000000000000e+00
1.000000000000000000e+00
9.505605101585388184e-01
9.997255206108093262e-01
9.712752103805541992e-01
9.669480919837951660e-01
9.409621357917785645e-01
9.385155439376831055e-01
1.000000000000000000e+00
9.608778953552246094e-01
9.992855191230773926e-01
9.895049333572387695e-01
9.610246419906616211e-01
9.555530548095703125e-01
9.811881184577941895e-01
1.000000000000000000e+00
1.000000000000000000e+00
9.899598360061645508e-01
1.000000000000000000e+00
1.000000000000000000e+00
9.785931706428527832e-01
1.000000000000000000e+00
1.000000000000000000e+00
9.787850975990295410e-01
1.000000000000000000e+00
9.749814867973327637e-01
1.000000000000000000e+00
9.995617866516113281e-01
9.250944852828979492e-01
1.000000000000000000e+00
9.941752552986145020e-01
9.683345556259155273e-01
1.000000000000000000e+00
1.000000000000000000e+00
1.000000000000000000e+00
9.940778017044067383e-01
9.200044870376586914e-01
1.000000000000000000e+00
9.146135449409484863e-01
9.912717342376708984e-01
9.908881187438964844e-01
9.207978248596191406e-01
9.859178662300109863e-01
9.999982714653015137e-01
1.000000000000000000e+00
9.831695556640625000e-01
9.762548208236694336e-01
1.000000000000000000e+00
9.525004625320434570e-01
9.838382005691528320e-01
9.996479153633117676e-01
1.000000000000000000e+00
9.395301342010498047e-01
9.946681261062622070e-01
9.990119934082031250e-01
9.911252260208129883e-01
9.632499217987060547e-01
9.595995545387268066e-01
9.999520778656005859e-01
9.915230870246887207e-01
1.000000000000000000e+00
9.291777014732360840e-01
9.915413856506347656e-01
9.845401048660278320e-01
9.995793700218200684e-01
9.871606826782226562e-01
9.892067909240722656e-01
9.993527531623840332e-01
9.814578294754028320e-01
9.881052970886230469e-01
9.851154088973999023e-01
9.902929067611694336e-01
8.999881148338317871e-01
9.998020529747009277e-01
9.592711925506591797e-01
9.172876477241516113e-01
9.686309695243835449e-01
1.000000000000000000e+00
9.899741411209106445e-01
9.576359987258911133e-01
9.759468436241149902e-01
1.000000000000000000e+00
9.475933909416198730e-01
9.901787638664245605e-01
9.667953848838806152e-01
9.935709238052368164e-01
1.000000000000000000e+00
9.792103767395019531e-01
9.862781167030334473e-01
9.815514683723449707e-01
9.614573717117309570e-01
9.917021393775939941e-01
8.984865546226501465e-01
8.876066207885742188e-01
9.999230504035949707e-01
7.812455892562866211e-01
9.865674376487731934e-01
9.422274827957153320e-01
9.599695801734924316e-01
9.265646338462829590e-01
8.682562112808227539e-01
8.262804746627807617e-01
9.188915491104125977e-01
7.891984581947326660e-01
7.528144121170043945e-01
1.000000000000000000e+00
9.997532367706298828e-01
8.224184513092041016e-01
1.000000000000000000e+00
8.171486854553222656e-01
1.000000000000000000e+00
1.000000000000000000e+00
1.000000000000000000e+00
9.833568334579467773e-01
7.260836362838745117e-01
9.026314616203308105e-01
9.999964833259582520e-01
1.000000000000000000e+00
1.000000000000000000e+00
1.000000000000000000e+00
9.496491551399230957e-01
8.821687698364257812e-01
1.000000000000000000e+00
9.281590580940246582e-01
1.000000000000000000e+00
1.000000000000000000e+00
1.000000000000000000e+00
9.999501109123229980e-01
1.000000000000000000e+00
8.703873753547668457e-01
7.562760114669799805e-01
9.919745326042175293e-01
1.000000000000000000e+00
9.331026077270507812e-01
8.839718699455261230e-01
1.000000000000000000e+00
1.000000000000000000e+00
9.101912379264831543e-01
9.999901652336120605e-01
9.999762773513793945e-01
1.000000000000000000e+00
1.000000000000000000e+00
8.678882718086242676e-01
8.206318616867065430e-01
8.575229644775390625e-01
9.999980330467224121e-01
1.000000000000000000e+00
7.027497887611389160e-01
9.999700784683227539e-01
1.000000000000000000e+00
8.198579549789428711e-01
7.687349319458007812e-01
7.993361353874206543e-01
7.561583518981933594e-01
9.914981722831726074e-01
7.817259430885314941e-01
7.395166754722595215e-01
7.589358687400817871e-01
7.094858884811401367e-01
7.838411331176757812e-01
1.000000000000000000e+00
1.000000000000000000e+00
1.000000000000000000e+00
7.285164594650268555e-01
7.789844274520874023e-01
8.623926639556884766e-01
7.775890231132507324e-01
1.000000000000000000e+00
7.515201568603515625e-01
7.979693412780761719e-01
6.996617317199707031e-01
9.223061800003051758e-01
7.748864889144897461e-01
8.006787300109863281e-01
8.596258163452148438e-01
7.642316818237304688e-01
9.999994635581970215e-01
8.443173766136169434e-01
9.994084239006042480e-01
8.499288558959960938e-01
1.000000000000000000e+00
1.000000000000000000e+00
7.541344165802001953e-01
7.537306547164916992e-01
7.626515626907348633e-01
8.299716711044311523e-01
7.867897152900695801e-01
8.963378667831420898e-01
8.758913874626159668e-01
8.290715217590332031e-01
1.000000000000000000e+00
1.000000000000000000e+00
8.203089833259582520e-01
8.206475377082824707e-01
8.607625961303710938e-01
7.484503984451293945e-01
7.986400127410888672e-01
1.000000000000000000e+00
7.343397736549377441e-01
1.000000000000000000e+00
9.999940991401672363e-01
7.486719489097595215e-01
1.000000000000000000e+00
9.219036698341369629e-01
7.970299124717712402e-01
9.999988675117492676e-01
7.979155778884887695e-01
9.999997615814208984e-01
9.999992251396179199e-01
1.000000000000000000e+00
1.000000000000000000e+00
1.000000000000000000e+00
8.091453313827514648e-01
8.011546134948730469e-01
1.000000000000000000e+00
1.000000000000000000e+00
7.546694278717041016e-01
7.750853300094604492e-01
1.000000000000000000e+00
9.397931098937988281e-01
7.935324311256408691e-01
8.671748638153076172e-01
1.000000000000000000e+00
9.999735951423645020e-01
8.888369798660278320e-01
1.000000000000000000e+00
1.000000000000000000e+00
7.616156339645385742e-01
1.000000000000000000e+00
1.000000000000000000e+00
1.000000000000000000e+00
9.245721697807312012e-01
7.884755730628967285e-01
9.145207405090332031e-01
8.884897828102111816e-01
9.957505464553833008e-01
7.687515020370483398e-01
7.293929457664489746e-01
9.757415652275085449e-01
1.000000000000000000e+00
6.858109235763549805e-01
8.974593281745910645e-01
9.357867240905761719e-01
7.959668636322021484e-01
7.538245916366577148e-01
9.212465286254882812e-01
7.795767784118652344e-01
8.898879289627075195e-01
7.839186191558837891e-01
7.279416918754577637e-01
7.894945740699768066e-01
6.601389646530151367e-01
1.000000000000000000e+00
1.000000000000000000e+00
9.987940788269042969e-01
7.487106323242187500e-01
6.924777626991271973e-01
6.932804584503173828e-01
1.000000000000000000e+00
1.000000000000000000e+00
7.112567424774169922e-01
9.999985694885253906e-01
1.000000000000000000e+00
6.903567314147949219e-01
8.292787075042724609e-01
8.850414752960205078e-01
8.365772962570190430e-01
8.570716977119445801e-01
9.999728202819824219e-01
9.732895493507385254e-01
9.998736381530761719e-01
9.152587056159973145e-01
6.913855075836181641e-01
7.732003927230834961e-01
6.852738857269287109e-01
9.999997019767761230e-01
8.806108236312866211e-01
9.930250048637390137e-01
1.000000000000000000e+00
9.999925494194030762e-01
6.979837417602539062e-01
7.744732499122619629e-01
8.611310720443725586e-01
8.423455953598022461e-01
6.799743175506591797e-01
7.965450882911682129e-01
7.473092079162597656e-01
1.000000000000000000e+00
8.142794370651245117e-01
8.810634016990661621e-01
1.000000000000000000e+00
6.052483320236206055e-01
9.261343479156494141e-01
1.000000000000000000e+00
8.015555739402770996e-01
7.885317802429199219e-01
7.536015510559082031e-01
1.000000000000000000e+00
9.999997615814208984e-01
1.000000000000000000e+00
9.998826384544372559e-01
9.188259840011596680e-01
7.777206897735595703e-01
1.000000000000000000e+00
1.000000000000000000e+00
1.000000000000000000e+00
7.209918498992919922e-01
6.973729133605957031e-01
7.091476321220397949e-01
1.000000000000000000e+00
7.952028512954711914e-01
8.807729482650756836e-01
8.683226108551025391e-01
7.581983804702758789e-01
9.226918220520019531e-01
9.999994039535522461e-01
6.335377693176269531e-01
1.000000000000000000e+00
1.000000000000000000e+00
7.684875726699829102e-01
8.755114674568176270e-01
8.857103586196899414e-01
1.000000000000000000e+00
6.670354008674621582e-01
1.000000000000000000e+00
8.062658309936523438e-01
1.000000000000000000e+00
7.642404437065124512e-01
8.410758972167968750e-01
8.875027894973754883e-01
1.000000000000000000e+00
9.999796152114868164e-01
1.000000000000000000e+00
1.000000000000000000e+00
1.000000000000000000e+00
1.000000000000000000e+00
8.500520586967468262e-01
1.000000000000000000e+00
7.447370886802673340e-01
8.269847631454467773e-01
8.727033734321594238e-01
1.000000000000000000e+00
1.000000000000000000e+00
9.736080765724182129e-01
8.919201493263244629e-01
7.876822948455810547e-01
9.641286730766296387e-01
9.231489896774291992e-01
7.628015875816345215e-01
8.028257489204406738e-01
1.000000000000000000e+00
1.000000000000000000e+00
8.276860713958740234e-01
1.000000000000000000e+00
7.309550046920776367e-01
7.289960384368896484e-01
7.676194906234741211e-01
1.000000000000000000e+00
8.371685743331909180e-01
8.036763072013854980e-01
9.999998211860656738e-01
8.880338668823242188e-01
7.876142263412475586e-01
6.315751671791076660e-01
7.695581316947937012e-01
1.000000000000000000e+00
9.999950528144836426e-01
8.878698945045471191e-01
9.999952912330627441e-01
6.366009712219238281e-01
1.000000000000000000e+00
6.691699624061584473e-01
8.028551340103149414e-01
1.000000000000000000e+00
8.863881826400756836e-01
6.544150114059448242e-01
7.837834954261779785e-01
9.125344753265380859e-01
9.992004036903381348e-01
7.359381914138793945e-01
7.085234522819519043e-01
7.351781129837036133e-01
9.961997270584106445e-01
8.866759538650512695e-01
9.999999403953552246e-01
1.000000000000000000e+00
9.999973177909851074e-01
9.051195979118347168e-01
7.656103968620300293e-01
9.999990463256835938e-01
7.094863653182983398e-01
8.486480712890625000e-01
9.999997615814208984e-01
1.000000000000000000e+00
8.771715760231018066e-01
1.000000000000000000e+00
9.999640583992004395e-01
8.296238183975219727e-01
8.539028167724609375e-01
9.999949932098388672e-01
1.000000000000000000e+00
7.182964086532592773e-01
1.000000000000000000e+00
7.415244579315185547e-01
9.948158860206604004e-01
9.465726017951965332e-01
7.402608394622802734e-01
9.950996637344360352e-01
1.000000000000000000e+00
8.348598480224609375e-01
7.986950278282165527e-01
8.216652870178222656e-01
7.295176982879638672e-01
7.854788899421691895e-01
7.210067510604858398e-01
9.997676014900207520e-01
9.685631990432739258e-01
1.000000000000000000e+00
9.989604353904724121e-01
1.000000000000000000e+00
7.067537307739257812e-01
9.999991655349731445e-01
9.792494177818298340e-01
9.387580156326293945e-01
9.159594178199768066e-01
1.000000000000000000e+00
1.000000000000000000e+00
7.018814086914062500e-01
7.920101881027221680e-01
1.000000000000000000e+00
9.764789342880249023e-01
9.784377813339233398e-01
1.000000000000000000e+00
7.388247847557067871e-01
9.511357545852661133e-01
7.927472591400146484e-01
1.000000000000000000e+00
8.445280790328979492e-01
7.828252315521240234e-01
8.684828877449035645e-01
1.000000000000000000e+00
8.009680509567260742e-01
9.756163358688354492e-01
8.190618753433227539e-01
1.000000000000000000e+00
7.952643036842346191e-01
7.741950154304504395e-01
1.000000000000000000e+00
7.391276359558105469e-01
8.619520664215087891e-01
7.783734202384948730e-01
1.000000000000000000e+00
9.913173317909240723e-01
1.000000000000000000e+00
1.000000000000000000e+00
7.633980512619018555e-01
9.899853467941284180e-01
7.679620981216430664e-01
8.821623921394348145e-01
1.000000000000000000e+00
6.953297853469848633e-01
8.303499221801757812e-01
9.220130443572998047e-01
9.995690584182739258e-01
1.000000000000000000e+00
1.000000000000000000e+00
7.187501192092895508e-01
8.276854157447814941e-01
9.999983310699462891e-01
7.169737815856933594e-01
9.949876070022583008e-01
8.204476237297058105e-01
1.000000000000000000e+00
7.489639520645141602e-01
1.000000000000000000e+00
7.852529883384704590e-01
9.999975562095642090e-01
1.000000000000000000e+00
1.000000000000000000e+00
8.358208537101745605e-01
7.551890015602111816e-01
8.934740424156188965e-01
9.999980926513671875e-01
6.566611528396606445e-01
1.000000000000000000e+00
1.000000000000000000e+00
8.124570846557617188e-01
9.999879598617553711e-01
9.622943401336669922e-01
7.385892271995544434e-01
9.999988675117492676e-01
8.515367507934570312e-01
1.000000000000000000e+00
8.370574712753295898e-01
9.758915901184082031e-01
8.122864961624145508e-01
8.415663242340087891e-01
7.890032529830932617e-01
1.000000000000000000e+00
7.125639915466308594e-01
7.515723109245300293e-01
9.398961067199707031e-01
8.049802780151367188e-01
6.631114482879638672e-01
8.070396184921264648e-01
7.314687967300415039e-01
1.000000000000000000e+00
9.958338141441345215e-01
1.000000000000000000e+00
7.918142080307006836e-01
8.355263471603393555e-01
1.000000000000000000e+00
1.000000000000000000e+00
9.585044384002685547e-01
8.032759428024291992e-01
9.999986290931701660e-01
7.473694682121276855e-01
8.059135079383850098e-01
6.712012290954589844e-01
8.641157150268554688e-01
1.000000000000000000e+00
8.541032075881958008e-01
9.983097910881042480e-01
9.999871253967285156e-01
9.503037333488464355e-01
1.000000000000000000e+00
7.303881049156188965e-01
1.000000000000000000e+00
9.999439120292663574e-01
1.000000000000000000e+00
8.801841139793395996e-01
1.000000000000000000e+00
1.000000000000000000e+00
7.209743261337280273e-01
7.538713216781616211e-01
7.988175153732299805e-01
9.999991059303283691e-01
8.913757801055908203e-01
1.000000000000000000e+00
1.000000000000000000e+00
9.999921321868896484e-01
9.999999403953552246e-01
1.000000000000000000e+00
1.000000000000000000e+00
9.311652183532714844e-01
1.000000000000000000e+00
1.000000000000000000e+00
9.462763667106628418e-01
7.963282465934753418e-01
7.531145811080932617e-01
1.000000000000000000e+00
7.882311344146728516e-01
7.234650850296020508e-01
1.000000000000000000e+00
1.000000000000000000e+00
7.157148718833923340e-01
1.000000000000000000e+00
1.000000000000000000e+00
7.490383386611938477e-01
7.080566287040710449e-01
8.464470505714416504e-01
8.646581768989562988e-01
7.838639020919799805e-01
8.709389567375183105e-01
8.732671737670898438e-01
8.273026943206787109e-01
6.968395709991455078e-01
1.000000000000000000e+00
6.673851013183593750e-01
1.000000000000000000e+00
8.798719048500061035e-01
7.417181134223937988e-01
6.981736421585083008e-01
8.775410056114196777e-01
8.714987635612487793e-01
6.355881690979003906e-01
7.191483378410339355e-01
1.000000000000000000e+00
7.093650698661804199e-01
9.999901652336120605e-01
1.000000000000000000e+00
9.958906173706054688e-01
7.104095220565795898e-01
6.257947683334350586e-01
1.000000000000000000e+00
8.778390288352966309e-01
1.000000000000000000e+00
1.000000000000000000e+00
1.000000000000000000e+00
9.195929169654846191e-01
7.351955175399780273e-01
7.564358711242675781e-01
8.374011516571044922e-01
6.757270693778991699e-01
7.850365042686462402e-01
1.000000000000000000e+00
7.572701573371887207e-01
6.776798367500305176e-01
6.591511964797973633e-01
7.725816965103149414e-01
1.000000000000000000e+00
7.939234375953674316e-01
1.000000000000000000e+00
8.282573819160461426e-01
7.584070563316345215e-01
1.000000000000000000e+00
1.000000000000000000e+00
9.723001718521118164e-01
9.261326193809509277e-01
9.970858097076416016e-01
7.794512510299682617e-01
7.209859490394592285e-01
1.000000000000000000e+00
1.000000000000000000e+00
8.109357357025146484e-01
7.714229822158813477e-01
7.910617589950561523e-01
7.995976805686950684e-01
1.000000000000000000e+00
1.000000000000000000e+00
8.945695161819458008e-01
7.702790498733520508e-01
7.090927362442016602e-01
8.366302251815795898e-01
7.133940458297729492e-01
6.042953729629516602e-01
6.516443490982055664e-01
1.000000000000000000e+00
7.674940824508666992e-01
7.693830728530883789e-01
1.000000000000000000e+00
9.381353259086608887e-01
7.499908208847045898e-01
8.582031130790710449e-01
9.992096424102783203e-01
8.756015896797180176e-01
8.570141196250915527e-01
1.000000000000000000e+00
6.219485998153686523e-01
8.209717273712158203e-01
8.887304067611694336e-01
1.000000000000000000e+00
9.999987483024597168e-01
6.859227418899536133e-01
9.913778901100158691e-01
8.012243509292602539e-01
8.168627619743347168e-01
8.968839645385742188e-01
5.876437425613403320e-01
8.325271606445312500e-01
8.211193084716796875e-01
8.675656318664550781e-01
8.629400134086608887e-01
7.956699728965759277e-01
9.811215400695800781e-01
8.515179157257080078e-01
9.578076601028442383e-01
9.999962449073791504e-01
5.784004330635070801e-01
1.000000000000000000e+00
8.159711956977844238e-01
8.164453506469726562e-01
8.075286746025085449e-01
9.999997615814208984e-01
8.201292157173156738e-01
6.249185800552368164e-01
1.000000000000000000e+00
6.876955032348632812e-01
9.999999403953552246e-01
8.582940101623535156e-01
7.569018602371215820e-01
1.000000000000000000e+00
9.999834299087524414e-01
7.312792539596557617e-01
6.658096313476562500e-01
6.611715555191040039e-01
8.789075016975402832e-01
7.519372105598449707e-01
7.485631704330444336e-01
8.717279434204101562e-01
8.354673981666564941e-01
9.999998807907104492e-01
7.427345514297485352e-01
1.000000000000000000e+00
7.719262838363647461e-01
7.015750408172607422e-01
9.990361332893371582e-01
6.522440910339355469e-01
8.239798545837402344e-01
8.744704127311706543e-01
6.838495731353759766e-01
9.999982714653015137e-01
1.000000000000000000e+00
1.000000000000000000e+00
1.000000000000000000e+00
7.695981860160827637e-01
1.000000000000000000e+00
6.169728040695190430e-01
8.325481414794921875e-01
7.282982468605041504e-01
1.000000000000000000e+00
1.000000000000000000e+00
6.269797086715698242e-01
7.406476736068725586e-01
1.000000000000000000e+00
1.000000000000000000e+00
9.999979138374328613e-01
7.492175102233886719e-01
7.386811971664428711e-01
6.603543758392333984e-01
8.098492622375488281e-01
8.542310595512390137e-01
7.016624212265014648e-01
6.132829189300537109e-01
9.013740420341491699e-01
9.999999403953552246e-01
6.229649782180786133e-01
6.867199540138244629e-01
9.923000335693359375e-01
9.999957680702209473e-01
8.076220750808715820e-01
8.809613585472106934e-01
7.839273214340209961e-01
1.000000000000000000e+00
6.826882958412170410e-01
1.000000000000000000e+00
1.000000000000000000e+00
7.016444802284240723e-01
7.411201000213623047e-01
9.454143047332763672e-01
6.411913633346557617e-01
9.042397141456604004e-01
7.323414087295532227e-01
1.000000000000000000e+00
9.999681115150451660e-01
7.809544801712036133e-01
7.723611593246459961e-01
1.000000000000000000e+00
9.999994039535522461e-01
9.918748736381530762e-01
9.133478403091430664e-01
8.773931264877319336e-01
7.374260425567626953e-01
1.000000000000000000e+00
1.000000000000000000e+00
1.000000000000000000e+00
9.076306819915771484e-01
1.000000000000000000e+00
8.580727577209472656e-01
1.000000000000000000e+00
1.000000000000000000e+00
7.905488014221191406e-01
5.746952295303344727e-01
1.000000000000000000e+00
9.246158003807067871e-01
9.999992847442626953e-01
9.992274045944213867e-01
1.000000000000000000e+00
8.360973596572875977e-01
9.999896287918090820e-01
9.966444969177246094e-01
6.723523139953613281e-01
7.989837527275085449e-01
7.223490476608276367e-01
8.671225905418395996e-01
1.000000000000000000e+00
8.204357624053955078e-01
1.000000000000000000e+00
6.721679568290710449e-01
6.946632862091064453e-01
7.883322238922119141e-01
1.000000000000000000e+00
1.000000000000000000e+00
1.000000000000000000e+00
9.909194111824035645e-01
6.869140863418579102e-01
1.000000000000000000e+00
8.148060441017150879e-01
7.446285486221313477e-01
1.000000000000000000e+00
7.106095552444458008e-01
8.923971056938171387e-01
9.493697881698608398e-01
8.199497461318969727e-01
8.620796799659729004e-01
1.000000000000000000e+00
1.000000000000000000e+00
7.869538068771362305e-01
8.170498609542846680e-01
1.000000000000000000e+00
7.776255011558532715e-01
8.519108891487121582e-01
8.744325041770935059e-01
8.675806522369384766e-01
7.502270340919494629e-01
6.938188076019287109e-01
8.966895341873168945e-01
7.988931536674499512e-01
1.000000000000000000e+00
6.962525844573974609e-01
1.000000000000000000e+00
9.999983310699462891e-01
8.017015457153320312e-01
6.118898987770080566e-01
7.962821125984191895e-01
1.000000000000000000e+00
1.000000000000000000e+00
6.715297698974609375e-01
7.791510820388793945e-01
1.000000000000000000e+00
7.460497617721557617e-01
1.000000000000000000e+00
6.629457473754882812e-01
5.977734327316284180e-01
6.273198127746582031e-01
1.000000000000000000e+00
7.214195728302001953e-01
1.000000000000000000e+00
1.000000000000000000e+00
1.000000000000000000e+00
8.732290863990783691e-01
9.888359308242797852e-01
9.336787462234497070e-01
9.996734857559204102e-01
1.000000000000000000e+00
9.999831914901733398e-01
8.136168122291564941e-01
7.624362111091613770e-01
7.619935870170593262e-01
9.999982714653015137e-01
1.000000000000000000e+00
7.992804050445556641e-01
7.463454008102416992e-01
6.292454004287719727e-01
8.058525323867797852e-01
1.000000000000000000e+00
9.999995231628417969e-01
9.999994635581970215e-01
9.999982714653015137e-01
9.984539151191711426e-01
7.088403701782226562e-01
1.000000000000000000e+00
9.128282070159912109e-01
6.019533872604370117e-01
9.652311205863952637e-01
6.651918292045593262e-01
8.644977807998657227e-01
9.776404500007629395e-01
8.646733164787292480e-01
7.256238460540771484e-01
9.111360311508178711e-01
7.696092128753662109e-01
6.150546073913574219e-01
9.339328408241271973e-01
1.000000000000000000e+00
7.292845845222473145e-01
7.893608212471008301e-01
8.632948398590087891e-01
7.506034970283508301e-01
6.973586678504943848e-01
7.088853716850280762e-01
9.999998211860656738e-01
1.000000000000000000e+00
7.773888111114501953e-01
9.499684572219848633e-01
8.609052300453186035e-01
7.517661452293395996e-01
6.323754787445068359e-01
1.000000000000000000e+00
7.501760721206665039e-01
1.000000000000000000e+00
9.073080420494079590e-01
9.877578616142272949e-01
9.736604094505310059e-01
7.426966428756713867e-01
7.579147815704345703e-01
6.274998188018798828e-01
8.296989798545837402e-01
5.910348892211914062e-01
7.151221036911010742e-01
9.999998211860656738e-01
9.032277464866638184e-01
7.772103548049926758e-01
9.993814826011657715e-01
6.669263839721679688e-01
1.000000000000000000e+00
6.078529357910156250e-01
1.000000000000000000e+00
1.000000000000000000e+00
7.168629765510559082e-01
6.540143489837646484e-01
7.397911548614501953e-01
1.000000000000000000e+00
9.014570713043212891e-01
9.624439477920532227e-01
9.677694439888000488e-01
1.000000000000000000e+00
9.732312560081481934e-01
6.299747228622436523e-01
1.000000000000000000e+00
1.000000000000000000e+00
6.992267370223999023e-01
7.295312881469726562e-01
1.000000000000000000e+00
5.848581790924072266e-01
7.382175326347351074e-01
9.454321265220642090e-01
9.267162084579467773e-01
1.000000000000000000e+00
1.000000000000000000e+00
1.000000000000000000e+00
8.185282945632934570e-01
8.229413032531738281e-01
8.662108778953552246e-01
6.350178718566894531e-01
1.000000000000000000e+00
1.000000000000000000e+00
8.613297939300537109e-01
8.458009958267211914e-01
1.000000000000000000e+00
8.291709423065185547e-01
8.627368211746215820e-01
5.659282207489013672e-01
6.552674770355224609e-01
8.390217423439025879e-01
9.999997019767761230e-01
7.536408901214599609e-01
1.000000000000000000e+00
6.796723604202270508e-01
1.000000000000000000e+00
6.916058063507080078e-01
9.766764044761657715e-01
1.000000000000000000e+00
6.044938564300537109e-01
6.931213140487670898e-01
7.714723348617553711e-01
8.098741173744201660e-01
1.000000000000000000e+00
7.547194957733154297e-01
7.936963438987731934e-01
8.185907006263732910e-01
7.411702275276184082e-01
6.049106121063232422e-01
6.150920987129211426e-01
9.999996423721313477e-01
7.309470176696777344e-01
9.143520593643188477e-01
8.352887630462646484e-01
6.943688988685607910e-01
7.027673721313476562e-01
1.000000000000000000e+00
6.368828415870666504e-01
9.958267211914062500e-01
7.827336788177490234e-01
1.000000000000000000e+00
6.750398874282836914e-01
1.000000000000000000e+00
8.814044594764709473e-01
1.000000000000000000e+00
9.087509512901306152e-01
1.000000000000000000e+00
8.389952182769775391e-01
9.762090444564819336e-01
1.000000000000000000e+00
8.500509262084960938e-01
1.000000000000000000e+00
8.753001093864440918e-01
1.000000000000000000e+00
8.190447092056274414e-01
1.000000000000000000e+00
6.410279273986816406e-01
9.999983906745910645e-01
8.065793514251708984e-01
6.770620346069335938e-01
1.000000000000000000e+00
9.873698353767395020e-01
1.000000000000000000e+00
8.873854279518127441e-01
9.073661565780639648e-01
7.015714645385742188e-01
6.034966707229614258e-01
7.118937969207763672e-01
7.137922048568725586e-01
8.010402917861938477e-01
6.414786577224731445e-01
1.000000000000000000e+00
6.548978090286254883e-01
8.643293976783752441e-01
1.000000000000000000e+00
6.988090276718139648e-01
8.154113888740539551e-01
8.157848119735717773e-01
1.000000000000000000e+00
7.461552619934082031e-01
8.713244199752807617e-01
5.745137929916381836e-01
7.592235803604125977e-01
9.999980330467224121e-01
9.986349344253540039e-01
6.237238645553588867e-01
8.700801134109497070e-01
9.971699118614196777e-01
7.071655988693237305e-01
6.219387650489807129e-01
8.242713212966918945e-01
6.221643686294555664e-01
1.000000000000000000e+00
7.243552207946777344e-01
9.999991059303283691e-01
1.000000000000000000e+00
1.000000000000000000e+00
9.468790292739868164e-01
6.548638343811035156e-01
9.999993443489074707e-01
8.287802338600158691e-01
1.000000000000000000e+00
1.000000000000000000e+00
7.114802598953247070e-01
6.747454404830932617e-01
8.768141865730285645e-01
7.392929792404174805e-01
7.395126819610595703e-01
1.000000000000000000e+00
1.000000000000000000e+00
6.987297534942626953e-01
8.427505493164062500e-01
1.000000000000000000e+00
1.000000000000000000e+00
7.276864051818847656e-01
7.805898189544677734e-01
8.009774684906005859e-01
1.000000000000000000e+00
9.400084614753723145e-01
7.972401380538940430e-01
1.000000000000000000e+00
7.759829759597778320e-01
7.979902625083923340e-01
8.144592046737670898e-01
9.623408317565917969e-01
1.000000000000000000e+00
6.927593946456909180e-01
7.855306863784790039e-01
7.485728859901428223e-01
1.000000000000000000e+00
1.000000000000000000e+00
7.551276683807373047e-01
7.949978709220886230e-01
5.508958697319030762e-01
7.622423171997070312e-01
1.000000000000000000e+00
5.582504868507385254e-01
1.000000000000000000e+00
7.026606798171997070e-01
7.344417572021484375e-01
1.000000000000000000e+00
1.000000000000000000e+00
1.000000000000000000e+00
9.999740719795227051e-01
8.895633816719055176e-01
1.000000000000000000e+00
9.980774521827697754e-01
6.968628168106079102e-01
9.644662737846374512e-01
8.427098393440246582e-01
1.000000000000000000e+00
1.000000000000000000e+00
7.662731409072875977e-01
1.000000000000000000e+00
5.854182243347167969e-01
7.567999362945556641e-01
1.000000000000000000e+00
1.000000000000000000e+00
8.389354348182678223e-01
1.000000000000000000e+00
7.297770977020263672e-01
9.622820019721984863e-01
1.000000000000000000e+00
8.481603264808654785e-01
7.518170475959777832e-01
7.813289761543273926e-01
1.000000000000000000e+00
7.842552661895751953e-01
1.000000000000000000e+00
6.154354810714721680e-01
9.973121881484985352e-01
6.820105910301208496e-01
7.919168472290039062e-01
1.000000000000000000e+00
8.897148370742797852e-01
8.092620968818664551e-01
8.512278795242309570e-01
9.999999403953552246e-01
7.798283100128173828e-01
6.136590242385864258e-01
6.345160007476806641e-01
9.329344034194946289e-01
9.999721646308898926e-01
6.443423032760620117e-01
9.999993443489074707e-01
5.845952033996582031e-01
9.764851331710815430e-01
9.999989867210388184e-01
9.884365200996398926e-01
6.389950513839721680e-01
1.000000000000000000e+00
9.114874005317687988e-01
1.000000000000000000e+00
5.026977062225341797e-01
7.901195883750915527e-01
1.000000000000000000e+00
6.869242787361145020e-01
7.189125418663024902e-01
6.495600342750549316e-01
1.000000000000000000e+00
9.978452920913696289e-01
6.542538404464721680e-01
1.000000000000000000e+00
1.000000000000000000e+00
8.431739211082458496e-01
8.861971497535705566e-01
1.000000000000000000e+00
1.000000000000000000e+00
7.838986515998840332e-01
8.542999029159545898e-01
6.780210137367248535e-01
7.154528498649597168e-01
7.819253206253051758e-01
7.229381203651428223e-01
7.648713588714599609e-01
1.000000000000000000e+00
9.999976754188537598e-01
8.187723159790039062e-01
7.432562112808227539e-01
6.486442089080810547e-01
8.807998895645141602e-01
1.000000000000000000e+00
7.638952136039733887e-01
7.253096699714660645e-01
1.000000000000000000e+00
6.561590433120727539e-01
9.999997019767761230e-01
1.000000000000000000e+00
8.348729610443115234e-01
1.000000000000000000e+00
1.000000000000000000e+00
7.268865108489990234e-01
6.923381090164184570e-01
8.483791351318359375e-01
8.224069476127624512e-01
1.000000000000000000e+00
7.590515017509460449e-01
9.991275072097778320e-01
9.999997615814208984e-01
7.306838035583496094e-01
7.502658367156982422e-01
8.431575298309326172e-01
9.999999403953552246e-01
1.000000000000000000e+00
8.838036656379699707e-01
8.216110467910766602e-01
7.276311516761779785e-01
1.000000000000000000e+00
7.609891891479492188e-01
1.000000000000000000e+00
1.000000000000000000e+00
6.959871649742126465e-01
8.190699815750122070e-01
7.839621901512145996e-01
9.928905963897705078e-01
7.024486064910888672e-01
1.000000000000000000e+00
6.859006881713867188e-01
8.086889386177062988e-01
8.784350752830505371e-01
1.000000000000000000e+00
6.924227476119995117e-01
8.567696809768676758e-01
6.959170103073120117e-01
7.778818607330322266e-01
8.112807869911193848e-01
7.332645654678344727e-01
7.290472984313964844e-01
7.529799938201904297e-01
6.316217184066772461e-01
7.138448953628540039e-01
6.134617328643798828e-01
6.675490140914916992e-01
1.000000000000000000e+00
8.897922635078430176e-01
6.193968057632446289e-01
1.000000000000000000e+00
9.999989867210388184e-01
5.594547986984252930e-01
9.283339381217956543e-01
1.000000000000000000e+00
1.000000000000000000e+00
9.999985694885253906e-01
1.000000000000000000e+00
1.000000000000000000e+00
8.814459443092346191e-01
7.693707942962646484e-01
1.000000000000000000e+00
6.903454065322875977e-01
7.156435251235961914e-01
8.449634313583374023e-01
8.023190498352050781e-01
1.000000000000000000e+00
9.999898672103881836e-01
8.769339323043823242e-01
7.536578178405761719e-01
6.770122647285461426e-01
8.101466894149780273e-01
5.645757317543029785e-01
1.000000000000000000e+00
8.661676645278930664e-01
9.999855160713195801e-01
9.999848604202270508e-01
6.649519205093383789e-01
7.505289316177368164e-01
1.000000000000000000e+00
8.174962997436523438e-01
5.883338451385498047e-01
6.883288025856018066e-01
5.996205806732177734e-01
5.299739837646484375e-01
6.989421844482421875e-01
7.544136047363281250e-01
1.000000000000000000e+00
1.000000000000000000e+00
8.887302279472351074e-01
1.000000000000000000e+00
8.829271793365478516e-01
7.870196104049682617e-01
7.578020691871643066e-01
8.326970934867858887e-01
1.000000000000000000e+00
6.108553409576416016e-01
1.000000000000000000e+00
8.039335012435913086e-01
1.000000000000000000e+00
7.902898192405700684e-01
1.000000000000000000e+00
8.255683183670043945e-01
8.906378746032714844e-01
9.661072492599487305e-01
7.234882712364196777e-01
1.000000000000000000e+00
9.940568208694458008e-01
6.627416610717773438e-01
9.999980926513671875e-01
9.822735786437988281e-01
9.766412377357482910e-01
1.000000000000000000e+00
8.165674209594726562e-01
1.000000000000000000e+00
7.460946440696716309e-01
9.999861121177673340e-01
8.323220610618591309e-01
1.000000000000000000e+00
9.999859929084777832e-01
7.300653457641601562e-01
9.999119639396667480e-01
7.609838843345642090e-01
1.000000000000000000e+00
7.766942977905273438e-01
7.536221146583557129e-01
1.000000000000000000e+00
1.000000000000000000e+00
9.486817121505737305e-01
1.000000000000000000e+00
1.000000000000000000e+00
9.954168200492858887e-01
7.347411513328552246e-01
7.722592949867248535e-01
1.000000000000000000e+00
7.458518743515014648e-01
7.099088430404663086e-01
9.649007916450500488e-01
8.761186003684997559e-01
1.000000000000000000e+00
7.070094347000122070e-01
7.523501515388488770e-01
7.158721089363098145e-01
7.055211067199707031e-01
6.414215564727783203e-01
7.123466134071350098e-01
1.000000000000000000e+00
1.000000000000000000e+00
6.661788225173950195e-01
1.000000000000000000e+00
5.481626987457275391e-01
7.179704904556274414e-01
9.999992847442626953e-01
9.299166202545166016e-01
1.000000000000000000e+00
7.389332056045532227e-01
1.000000000000000000e+00
9.013285636901855469e-01
9.999938011169433594e-01
8.203154206275939941e-01
9.998713731765747070e-01
7.801442146301269531e-01
8.829507827758789062e-01
1.000000000000000000e+00
8.355542421340942383e-01
7.732243537902832031e-01
1.000000000000000000e+00
9.989590644836425781e-01
6.956487894058227539e-01
7.308719158172607422e-01
5.809549093246459961e-01
9.257490038871765137e-01
1.000000000000000000e+00
1.000000000000000000e+00
1.000000000000000000e+00
1.000000000000000000e+00
9.278030395507812500e-01
1.000000000000000000e+00
6.776983737945556641e-01
7.649861574172973633e-01
9.295111894607543945e-01
6.937923431396484375e-01
1.000000000000000000e+00
7.644073963165283203e-01
7.999088764190673828e-01
7.973365783691406250e-01
1.000000000000000000e+00
6.314913034439086914e-01
1.000000000000000000e+00
9.682130813598632812e-01
1.000000000000000000e+00
1.000000000000000000e+00
1.000000000000000000e+00
1.000000000000000000e+00
9.205892682075500488e-01
1.000000000000000000e+00
7.053396701812744141e-01
1.000000000000000000e+00
9.994154572486877441e-01
9.162761569023132324e-01
7.033677697181701660e-01
7.786438465118408203e-01
9.999995827674865723e-01
9.999944567680358887e-01
8.141907453536987305e-01
1.000000000000000000e+00
1.000000000000000000e+00
1.000000000000000000e+00
6.326455473899841309e-01
6.339240074157714844e-01
8.009069561958312988e-01
8.116487264633178711e-01
6.692945361137390137e-01
9.542346596717834473e-01
1.000000000000000000e+00
9.129135608673095703e-01
7.088904380798339844e-01
9.999944567680358887e-01
1.000000000000000000e+00
7.285305261611938477e-01
6.379194259643554688e-01
8.773482441902160645e-01
1.000000000000000000e+00
1.000000000000000000e+00
7.884695529937744141e-01
9.107488989830017090e-01
8.374578952789306641e-01
8.223617672920227051e-01
1.000000000000000000e+00
1.000000000000000000e+00
7.830387949943542480e-01
1.000000000000000000e+00
1.000000000000000000e+00
6.246191263198852539e-01
7.602528333663940430e-01
7.206129431724548340e-01
1.000000000000000000e+00
1.000000000000000000e+00
5.323073863983154297e-01
7.267881035804748535e-01
9.877574443817138672e-01
8.676799535751342773e-01
5.974637269973754883e-01
1.000000000000000000e+00
1.000000000000000000e+00
7.935581803321838379e-01
7.173786759376525879e-01
7.830662727355957031e-01
7.614364624023437500e-01
6.030488014221191406e-01
6.432448625564575195e-01
1.000000000000000000e+00
9.999998211860656738e-01
1.000000000000000000e+00
1.000000000000000000e+00
6.636645793914794922e-01
9.999554157257080078e-01
6.879877448081970215e-01
7.373250126838684082e-01
9.996845126152038574e-01
7.015233039855957031e-01
1.000000000000000000e+00
9.532319903373718262e-01
9.873930811882019043e-01
8.478196859359741211e-01
1.000000000000000000e+00
7.389254570007324219e-01
1.000000000000000000e+00
6.848270893096923828e-01
1.000000000000000000e+00
9.985068440437316895e-01
7.665046453475952148e-01
7.347624301910400391e-01
6.794170141220092773e-01
6.575521230697631836e-01
1.000000000000000000e+00
8.343995213508605957e-01
6.319501399993896484e-01
6.214891672134399414e-01
8.255708217620849609e-01
1.000000000000000000e+00
1.000000000000000000e+00
1.000000000000000000e+00
7.742957472801208496e-01
7.671000957489013672e-01
9.999998211860656738e-01
8.948817253112792969e-01
1.000000000000000000e+00
9.164800643920898438e-01
9.999999403953552246e-01
8.802712559700012207e-01
8.893538117408752441e-01
7.479065656661987305e-01
1.000000000000000000e+00
1.000000000000000000e+00
8.640981316566467285e-01
6.362811326980590820e-01
1.000000000000000000e+00
8.037579655647277832e-01
8.789803981781005859e-01
9.524141550064086914e-01
9.999410510063171387e-01
6.557883024215698242e-01
7.187919020652770996e-01
1.000000000000000000e+00
7.547794580459594727e-01
5.912407040596008301e-01
7.674493193626403809e-01
1.000000000000000000e+00
6.190081834793090820e-01
7.333973646163940430e-01
7.701404094696044922e-01
1.000000000000000000e+00
7.168831825256347656e-01
6.898540854454040527e-01
6.887810230255126953e-01
1.000000000000000000e+00
7.420797348022460938e-01
1.000000000000000000e+00
1.000000000000000000e+00
1.000000000000000000e+00
1.000000000000000000e+00
1.000000000000000000e+00
7.785735130310058594e-01
5.451205968856811523e-01
1.000000000000000000e+00
4.732340574264526367e-01
8.561592698097229004e-01
9.972150921821594238e-01
6.927455663681030273e-01
6.396169066429138184e-01
1.000000000000000000e+00
8.508052825927734375e-01
9.993342757225036621e-01
9.424455165863037109e-01
1.000000000000000000e+00
6.740234494209289551e-01
8.763690590858459473e-01
6.987360715866088867e-01
9.999176263809204102e-01
1.000000000000000000e+00
7.384725213050842285e-01
6.864665746688842773e-01
1.000000000000000000e+00
6.413731575012207031e-01
9.999955892562866211e-01
9.832995533943176270e-01
6.790109276771545410e-01
1.000000000000000000e+00
7.978221178054809570e-01
1.000000000000000000e+00
5.399453639984130859e-01
6.929461956024169922e-01
8.082441091537475586e-01
1.000000000000000000e+00
6.445521116256713867e-01
5.541114807128906250e-01
8.469209074974060059e-01
1.000000000000000000e+00
8.355745673179626465e-01
8.069102168083190918e-01
8.984220027923583984e-01
1.000000000000000000e+00
1.000000000000000000e+00
7.621151804924011230e-01
1.000000000000000000e+00
7.167586088180541992e-01
7.303603291511535645e-01
9.998228549957275391e-01
7.534908056259155273e-01
9.999999403953552246e-01
7.984814643859863281e-01
8.012437820434570312e-01
8.725231885910034180e-01
6.024670004844665527e-01
8.456033468246459961e-01
7.609459757804870605e-01
7.689156532287597656e-01
8.323385715484619141e-01
1.000000000000000000e+00
6.557254791259765625e-01
7.495732307434082031e-01
7.444374561309814453e-01
6.495025157928466797e-01
5.877693891525268555e-01
8.831766843795776367e-01
1.000000000000000000e+00
9.117177724838256836e-01
1.000000000000000000e+00
1.000000000000000000e+00
9.999672174453735352e-01
1.000000000000000000e+00
6.006864309310913086e-01
1.000000000000000000e+00
1.000000000000000000e+00
7.990760207176208496e-01
6.868374943733215332e-01
1.000000000000000000e+00
8.655028343200683594e-01
7.589938640594482422e-01
8.203666806221008301e-01
8.861583471298217773e-01
8.492843508720397949e-01
9.731148481369018555e-01
7.693324089050292969e-01
7.815383672714233398e-01
8.329867720603942871e-01
1.000000000000000000e+00
7.413779497146606445e-01
1.000000000000000000e+00
6.321017146110534668e-01
8.237349987030029297e-01
8.142516613006591797e-01
9.999895691871643066e-01
7.224947214126586914e-01
5.966361165046691895e-01
8.150007724761962891e-01
7.992823123931884766e-01
7.685878276824951172e-01
1.000000000000000000e+00
6.659033894538879395e-01
1.000000000000000000e+00
1.000000000000000000e+00
6.982123851776123047e-01
1.000000000000000000e+00
9.998059868812561035e-01
1.000000000000000000e+00
6.027077436447143555e-01
1.000000000000000000e+00
9.999895095825195312e-01
8.274409174919128418e-01
8.921487927436828613e-01
7.479854822158813477e-01
7.296254038810729980e-01
1.000000000000000000e+00
1.000000000000000000e+00
6.248661279678344727e-01
6.478466987609863281e-01
9.549930691719055176e-01
1.000000000000000000e+00
1.000000000000000000e+00
9.999863505363464355e-01
6.289863586425781250e-01
6.274276375770568848e-01
1.000000000000000000e+00
1.000000000000000000e+00
8.606309294700622559e-01
7.838902473449707031e-01
9.961596727371215820e-01
6.301752328872680664e-01
8.163676261901855469e-01
1.000000000000000000e+00
9.118756055831909180e-01
7.720763087272644043e-01
9.382882118225097656e-01
9.999497532844543457e-01
7.314117550849914551e-01
1.000000000000000000e+00
7.726625800132751465e-01
8.235424757003784180e-01
1.000000000000000000e+00
9.324634671211242676e-01
9.180592894554138184e-01
6.550226807594299316e-01
1.000000000000000000e+00
1.000000000000000000e+00
9.682443141937255859e-01
9.683251380920410156e-01
8.787934780120849609e-01
6.671990156173706055e-01
7.334176301956176758e-01
7.256770730018615723e-01
1.000000000000000000e+00
1.000000000000000000e+00
9.999995231628417969e-01
6.960400342941284180e-01
1.000000000000000000e+00
9.993882179260253906e-01
1.000000000000000000e+00
9.560815691947937012e-01
9.257506132125854492e-01
7.016146183013916016e-01
6.407437324523925781e-01
5.679526329040527344e-01
1.000000000000000000e+00
8.393124938011169434e-01
1.000000000000000000e+00
1.000000000000000000e+00
1.000000000000000000e+00
9.999964833259582520e-01
6.908241510391235352e-01
7.111328840255737305e-01
6.707016229629516602e-01
8.854202628135681152e-01
7.848586440086364746e-01
6.667330265045166016e-01
6.587321162223815918e-01
8.472092151641845703e-01
9.999823570251464844e-01
7.096894979476928711e-01
1.000000000000000000e+00
7.715642452239990234e-01
1.000000000000000000e+00
1.000000000000000000e+00
4.904127120971679688e-01
1.000000000000000000e+00
1.000000000000000000e+00
7.030515074729919434e-01
6.784327626228332520e-01
9.999693632125854492e-01
9.565799236297607422e-01
7.523199319839477539e-01
1.000000000000000000e+00
6.955127716064453125e-01
1.000000000000000000e+00
8.445940613746643066e-01
1.000000000000000000e+00
1.000000000000000000e+00
1.000000000000000000e+00
6.900868415832519531e-01
8.194279074668884277e-01
1.000000000000000000e+00
5.004441738128662109e-01
7.502058744430541992e-01
7.725776433944702148e-01
9.999579191207885742e-01
8.264651894569396973e-01
5.626951456069946289e-01
1.000000000000000000e+00
9.989032149314880371e-01
6.018818616867065430e-01
9.999883770942687988e-01
9.995216727256774902e-01
6.650986671447753906e-01
1.000000000000000000e+00
7.217329740524291992e-01
7.209477424621582031e-01
1.000000000000000000e+00
1.000000000000000000e+00
1.000000000000000000e+00
1.000000000000000000e+00
1.000000000000000000e+00
1.000000000000000000e+00
6.829426288604736328e-01
6.873851418495178223e-01
7.370750308036804199e-01
5.725918412208557129e-01
6.373680830001831055e-01
1.000000000000000000e+00
9.999967813491821289e-01
6.319314241409301758e-01
6.728624105453491211e-01
9.494670629501342773e-01
1.000000000000000000e+00
1.000000000000000000e+00
1.000000000000000000e+00
9.556943178176879883e-01
1.000000000000000000e+00
5.933362245559692383e-01
1.000000000000000000e+00
7.111096382141113281e-01
6.885311603546142578e-01
9.717519283294677734e-01
1.000000000000000000e+00
7.393859624862670898e-01
9.674646258354187012e-01
7.076342105865478516e-01
1.000000000000000000e+00
7.167497873306274414e-01
7.231479883193969727e-01
8.150282502174377441e-01
9.999998807907104492e-01
9.502246975898742676e-01
9.722831249237060547e-01
8.867015838623046875e-01
9.184651374816894531e-01
7.576969861984252930e-01
7.023106813430786133e-01
6.693348884582519531e-01
1.000000000000000000e+00
9.271665215492248535e-01
8.111237883567810059e-01
1.000000000000000000e+00
6.894658803939819336e-01
6.444727778434753418e-01
8.564838767051696777e-01
1.000000000000000000e+00
5.999940633773803711e-01
1.000000000000000000e+00
7.478266358375549316e-01
7.180035710334777832e-01
8.666256666183471680e-01
7.353397607803344727e-01
1.000000000000000000e+00
1.000000000000000000e+00
1.000000000000000000e+00
7.983427643775939941e-01
9.996869564056396484e-01
1.000000000000000000e+00
6.283500194549560547e-01
1.000000000000000000e+00
6.598747372627258301e-01
7.912219762802124023e-01
7.219552993774414062e-01
9.999180436134338379e-01
6.701458692550659180e-01
6.581529378890991211e-01
8.834574222564697266e-01
8.835520744323730469e-01
6.390931606292724609e-01
5.781684517860412598e-01
3.951179981231689453e-01
9.825366139411926270e-01
9.965407252311706543e-01
5.189250707626342773e-01
9.999649524688720703e-01
1.000000000000000000e+00
7.720916867256164551e-01
1.000000000000000000e+00
9.999880790710449219e-01
6.741615533828735352e-01
1.000000000000000000e+00
1.000000000000000000e+00
4.869823455810546875e-01
1.000000000000000000e+00
1.000000000000000000e+00
8.309317827224731445e-01
1.000000000000000000e+00
1.000000000000000000e+00
7.442277669906616211e-01
6.300886869430541992e-01
1.000000000000000000e+00
1.000000000000000000e+00
1.000000000000000000e+00
1.000000000000000000e+00
6.354789733886718750e-01
6.266241073608398438e-01
8.135975599288940430e-01
9.100139141082763672e-01
6.003293991088867188e-01
4.678651690483093262e-01
7.950456142425537109e-01
9.114698171615600586e-01
6.214420795440673828e-01
1.000000000000000000e+00
7.682729959487915039e-01
9.999936223030090332e-01
6.014732122421264648e-01
1.000000000000000000e+00
5.375166535377502441e-01
7.911376357078552246e-01
9.968203902244567871e-01
6.757614612579345703e-01
6.751878261566162109e-01
7.273540496826171875e-01
6.949870586395263672e-01
7.705006003379821777e-01
5.928151607513427734e-01
1.000000000000000000e+00
1.000000000000000000e+00
7.580653429031372070e-01
1.000000000000000000e+00
1.000000000000000000e+00
6.081347465515136719e-01
8.735431432723999023e-01
5.634021759033203125e-01
9.864141941070556641e-01
7.122594118118286133e-01
7.427215576171875000e-01
1.000000000000000000e+00
5.919405221939086914e-01
1.000000000000000000e+00
9.763060808181762695e-01
1.000000000000000000e+00
6.718994975090026855e-01
1.000000000000000000e+00
7.868059277534484863e-01
8.146899342536926270e-01
6.565173268318176270e-01
1.000000000000000000e+00
5.958086252212524414e-01
5.928159952163696289e-01
5.735054016113281250e-01
9.999763369560241699e-01
9.582312703132629395e-01
8.614768385887145996e-01
7.015756368637084961e-01
9.998418092727661133e-01
9.999739527702331543e-01
1.000000000000000000e+00
5.371717214584350586e-01
8.152836561203002930e-01
1.000000000000000000e+00
1.000000000000000000e+00
1.000000000000000000e+00
8.195002079010009766e-01
8.851286768913269043e-01
7.522698640823364258e-01
6.631541252136230469e-01
9.007172584533691406e-01
6.817584633827209473e-01
7.361711263656616211e-01
9.999731779098510742e-01
1.000000000000000000e+00
7.942126989364624023e-01
5.532881021499633789e-01
1.000000000000000000e+00
9.251128435134887695e-01
6.176946163177490234e-01
9.617922902107238770e-01
9.999424219131469727e-01
6.674019694328308105e-01
5.629550218582153320e-01
7.559892535209655762e-01
9.999972581863403320e-01
6.252485513687133789e-01
7.406700849533081055e-01
1.000000000000000000e+00
1.000000000000000000e+00
1.000000000000000000e+00
1.000000000000000000e+00
1.000000000000000000e+00
7.061824202537536621e-01
1.000000000000000000e+00
6.407431960105895996e-01
9.306356310844421387e-01
1.000000000000000000e+00
9.989661574363708496e-01
9.707766771316528320e-01
7.801812887191772461e-01
1.000000000000000000e+00
9.574575424194335938e-01
7.711242437362670898e-01
1.000000000000000000e+00
1.000000000000000000e+00
6.662228703498840332e-01
1.000000000000000000e+00
8.662049174308776855e-01
7.182948589324951172e-01
6.726095676422119141e-01
8.075971007347106934e-01
6.412026882171630859e-01
9.836940169334411621e-01
1.000000000000000000e+00
9.598541259765625000e-01
8.462879061698913574e-01
9.217781424522399902e-01
7.673863768577575684e-01
6.437230110168457031e-01
6.553109884262084961e-01
9.789252281188964844e-01
6.911279559135437012e-01
7.842828035354614258e-01
6.735862493515014648e-01
9.303725361824035645e-01
9.320212602615356445e-01
6.967321634292602539e-01
9.981700778007507324e-01
8.369207978248596191e-01
1.000000000000000000e+00
9.798256754875183105e-01
9.998248815536499023e-01
7.620971202850341797e-01
9.878816604614257812e-01
7.147191166877746582e-01
6.108264923095703125e-01
7.998244762420654297e-01
9.998962879180908203e-01
9.005434513092041016e-01
8.010809421539306641e-01
7.147132158279418945e-01
6.021541357040405273e-01
6.403388381004333496e-01
7.246389389038085938e-01
6.198809742927551270e-01
9.771065711975097656e-01
9.169389009475708008e-01
7.576658129692077637e-01
7.861835956573486328e-01
5.354762077331542969e-01
6.394182443618774414e-01
7.603101730346679688e-01
8.967335820198059082e-01
7.225309610366821289e-01
1.000000000000000000e+00
9.993269443511962891e-01
8.202210068702697754e-01
6.996450424194335938e-01
7.438569664955139160e-01
1.000000000000000000e+00
5.881780385971069336e-01
7.931069135665893555e-01
5.844522714614868164e-01
1.000000000000000000e+00
6.471297144889831543e-01
7.406615614891052246e-01
1.000000000000000000e+00
1.000000000000000000e+00
8.142150044441223145e-01
7.933863401412963867e-01
9.996396899223327637e-01
8.927312493324279785e-01
1.000000000000000000e+00
1.000000000000000000e+00
9.495033621788024902e-01
7.606802582740783691e-01
7.798839211463928223e-01
1.000000000000000000e+00
6.779567003250122070e-01
9.999914765357971191e-01
1.000000000000000000e+00
5.702222585678100586e-01
6.866236925125122070e-01
1.000000000000000000e+00
1.000000000000000000e+00
9.999761581420898438e-01
7.991197109222412109e-01
1.000000000000000000e+00
9.981198310852050781e-01
1.000000000000000000e+00
6.213367581367492676e-01
9.929818511009216309e-01
9.885451793670654297e-01
7.613986730575561523e-01
1.000000000000000000e+00
8.054506182670593262e-01
6.336675882339477539e-01
5.869840383529663086e-01
1.000000000000000000e+00
7.455161809921264648e-01
8.924630880355834961e-01
9.485322237014770508e-01
6.660528182983398438e-01
9.686717987060546875e-01
1.000000000000000000e+00
6.427506208419799805e-01
9.919802546501159668e-01
1.000000000000000000e+00
8.459219932556152344e-01
7.509440183639526367e-01
1.000000000000000000e+00
9.679293632507324219e-01
7.372857332229614258e-01
7.346638441085815430e-01
1.000000000000000000e+00
5.749993324279785156e-01
9.999983310699462891e-01
9.999930858612060547e-01
5.940059423446655273e-01
1.000000000000000000e+00
1.000000000000000000e+00
7.459180951118469238e-01
1.000000000000000000e+00
7.313787937164306641e-01
6.652615070343017578e-01
9.999625682830810547e-01
8.973341584205627441e-01
8.122432827949523926e-01
5.827156305313110352e-01
6.932743787765502930e-01
8.182133436203002930e-01
1.000000000000000000e+00
1.000000000000000000e+00
6.292525529861450195e-01
1.000000000000000000e+00
6.810758113861083984e-01
8.788844347000122070e-01
6.825568675994873047e-01
9.220518469810485840e-01
9.426834583282470703e-01
1.000000000000000000e+00
8.287724256515502930e-01
4.844983816146850586e-01
6.348870992660522461e-01
9.989572763442993164e-01
1.000000000000000000e+00
7.537144422531127930e-01
6.968381404876708984e-01
7.796391248703002930e-01
7.089926004409790039e-01
6.736957430839538574e-01
6.509696245193481445e-01
6.541292667388916016e-01
9.157565832138061523e-01
6.853792667388916016e-01
6.643337607383728027e-01
5.224357843399047852e-01
6.611003279685974121e-01
4.775365591049194336e-01
5.686881542205810547e-01
9.989575147628784180e-01
6.335626840591430664e-01
1.000000000000000000e+00
7.412483096122741699e-01
5.849043726921081543e-01
1.000000000000000000e+00
9.158339500427246094e-01
1.000000000000000000e+00
6.114866733551025391e-01
5.654302835464477539e-01
8.295512199401855469e-01
6.309185028076171875e-01
1.000000000000000000e+00
7.293507456779479980e-01
9.824261069297790527e-01
5.265615582466125488e-01
7.009224295616149902e-01
1.000000000000000000e+00
7.299792766571044922e-01
6.910479068756103516e-01
7.164790630340576172e-01
8.964016437530517578e-01
6.050759553909301758e-01
6.157425642013549805e-01
1.000000000000000000e+00
6.632201671600341797e-01
1.000000000000000000e+00
7.417914271354675293e-01
7.313360571861267090e-01
7.096830010414123535e-01
9.999721050262451172e-01
7.700250148773193359e-01
8.244854211807250977e-01
1.000000000000000000e+00
9.411919713020324707e-01
7.135908603668212891e-01
7.358176112174987793e-01
7.128237485885620117e-01
6.672093272209167480e-01
1.000000000000000000e+00
7.390978932380676270e-01
8.235715031623840332e-01
8.777521848678588867e-01
9.999997615814208984e-01
1.000000000000000000e+00
9.129618406295776367e-01
1.000000000000000000e+00
9.999990463256835938e-01
5.170730352401733398e-01
7.628164887428283691e-01
6.577615141868591309e-01
1.000000000000000000e+00
5.586012601852416992e-01
5.929962396621704102e-01
6.312327384948730469e-01
9.668768644332885742e-01
7.273994684219360352e-01
1.000000000000000000e+00
5.850516557693481445e-01
1.000000000000000000e+00
5.855545997619628906e-01
9.179704189300537109e-01
1.000000000000000000e+00
8.361347913742065430e-01
1.000000000000000000e+00
7.482601404190063477e-01
6.334368586540222168e-01
5.912961959838867188e-01
8.124504685401916504e-01
1.000000000000000000e+00
7.625838518142700195e-01
7.417219281196594238e-01
9.999839663505554199e-01
9.999808669090270996e-01
9.983425736427307129e-01
1.000000000000000000e+00
1.000000000000000000e+00
6.615111231803894043e-01
5.256094336509704590e-01
1.000000000000000000e+00
1.000000000000000000e+00
8.895933032035827637e-01
1.000000000000000000e+00
1.000000000000000000e+00
9.924813508987426758e-01
1.000000000000000000e+00
1.000000000000000000e+00
1.000000000000000000e+00
6.440529823303222656e-01
5.337961912155151367e-01
8.270778656005859375e-01
8.228469491004943848e-01
7.278240323066711426e-01
8.054839372634887695e-01
1.000000000000000000e+00
8.274360895156860352e-01
6.597627401351928711e-01
1.000000000000000000e+00
1.000000000000000000e+00
6.381222605705261230e-01
6.573768258094787598e-01
5.709835886955261230e-01
1.000000000000000000e+00
6.489881873130798340e-01
6.588242053985595703e-01
8.301772475242614746e-01
1.000000000000000000e+00
7.282878160476684570e-01
6.722623705863952637e-01
5.908548831939697266e-01
7.942335605621337891e-01
9.999839067459106445e-01
1.000000000000000000e+00
7.066015005111694336e-01
9.170599579811096191e-01
4.676185250282287598e-01
8.387951254844665527e-01
5.641287565231323242e-01
7.115579843521118164e-01
6.987541913986206055e-01
8.258255124092102051e-01
7.288048267364501953e-01
6.198604106903076172e-01
7.672944068908691406e-01
6.734827160835266113e-01
6.063919067382812500e-01
6.780818700790405273e-01
7.515833973884582520e-01
6.438305377960205078e-01
6.317641735076904297e-01
6.979221105575561523e-01
1.000000000000000000e+00
1.000000000000000000e+00
6.801125407218933105e-01
6.702212095260620117e-01
1.000000000000000000e+00
1.000000000000000000e+00
1.000000000000000000e+00
9.810534715652465820e-01
9.823465943336486816e-01
9.999679327011108398e-01
1.000000000000000000e+00
1.000000000000000000e+00
1.000000000000000000e+00
1.000000000000000000e+00
9.541257619857788086e-01
9.431243538856506348e-01
1.000000000000000000e+00
9.110352993011474609e-01
7.336705923080444336e-01
1.000000000000000000e+00
9.999998211860656738e-01
7.100962400436401367e-01
9.006127119064331055e-01
1.000000000000000000e+00
6.470682024955749512e-01
7.104876637458801270e-01
1.000000000000000000e+00
7.027608156204223633e-01
7.475489377975463867e-01
8.933343887329101562e-01
1.000000000000000000e+00
1.000000000000000000e+00
1.000000000000000000e+00
6.253113746643066406e-01
9.999790787696838379e-01
7.136659622192382812e-01
1.000000000000000000e+00
6.903025507926940918e-01
1.000000000000000000e+00
9.999994635581970215e-01
7.624582052230834961e-01
1.000000000000000000e+00
9.021040201187133789e-01
9.143125414848327637e-01
9.258020520210266113e-01
6.436301469802856445e-01
1.000000000000000000e+00
7.554514408111572266e-01
1.000000000000000000e+00
6.165817975997924805e-01
1.000000000000000000e+00
7.886837124824523926e-01
6.491689682006835938e-01
7.404234409332275391e-01
5.515419244766235352e-01
7.549984455108642578e-01
1.000000000000000000e+00
6.486024260520935059e-01
6.979044675827026367e-01
9.999828338623046875e-01
6.265945434570312500e-01
1.000000000000000000e+00
8.410987257957458496e-01
7.010278701782226562e-01
7.454732656478881836e-01
6.376947164535522461e-01
8.579285144805908203e-01
5.593036413192749023e-01
7.630573511123657227e-01
7.494473457336425781e-01
7.834554910659790039e-01
5.969659686088562012e-01
8.034294843673706055e-01
9.812037944793701172e-01
1.000000000000000000e+00
7.791435718536376953e-01
7.583995461463928223e-01
1.000000000000000000e+00
6.845768690109252930e-01
7.275797128677368164e-01
8.939101696014404297e-01
9.110150933265686035e-01
4.482302069664001465e-01
1.000000000000000000e+00
1.000000000000000000e+00
5.765881538391113281e-01
6.517294645309448242e-01
1.000000000000000000e+00
1.000000000000000000e+00
6.847481727600097656e-01
6.345402598381042480e-01
7.999736666679382324e-01
7.066049575805664062e-01
1.000000000000000000e+00
9.999859333038330078e-01
1.000000000000000000e+00
8.761522769927978516e-01
9.102081656455993652e-01
1.000000000000000000e+00
1.000000000000000000e+00
8.427187800407409668e-01
6.394018530845642090e-01
8.367292881011962891e-01
8.418829441070556641e-01
5.603356361389160156e-01
6.301748752593994141e-01
1.000000000000000000e+00
5.426965951919555664e-01
9.857031702995300293e-01
6.915094256401062012e-01
9.999993443489074707e-01
5.820698738098144531e-01
9.216299653053283691e-01
9.585119485855102539e-01
1.000000000000000000e+00
6.791654825210571289e-01
6.193632483482360840e-01
1.000000000000000000e+00
6.586097478866577148e-01
5.774358510971069336e-01
6.482783555984497070e-01
6.924393177032470703e-01
7.756140828132629395e-01
1.000000000000000000e+00
5.600101947784423828e-01
7.740763425827026367e-01
6.307314634323120117e-01
7.976633310317993164e-01
8.070583343505859375e-01
8.014358878135681152e-01
8.228911161422729492e-01
8.926329612731933594e-01
1.000000000000000000e+00
1.000000000000000000e+00
7.258287668228149414e-01
8.565746545791625977e-01
9.872193336486816406e-01
1.000000000000000000e+00
8.118770122528076172e-01
8.050235509872436523e-01
7.960645556449890137e-01
8.998155593872070312e-01
9.998474121093750000e-01
1.000000000000000000e+00
7.428672313690185547e-01
1.000000000000000000e+00
5.775399208068847656e-01
7.062173485755920410e-01
8.274250626564025879e-01
4.835901260375976562e-01
7.554370760917663574e-01
1.000000000000000000e+00
7.777458429336547852e-01
6.171955466270446777e-01
1.000000000000000000e+00
9.982931017875671387e-01
6.823545098304748535e-01
5.480885505676269531e-01
9.982420802116394043e-01
6.510772705078125000e-01
8.061106801033020020e-01
7.542712688446044922e-01
7.275031805038452148e-01
9.993970990180969238e-01
6.386551856994628906e-01
7.336285114288330078e-01
7.316478490829467773e-01
7.067148089408874512e-01
1.000000000000000000e+00
1.000000000000000000e+00
7.846423983573913574e-01
6.774402856826782227e-01
6.162949800491333008e-01
1.000000000000000000e+00
8.991482257843017578e-01
7.723167538642883301e-01
5.881307125091552734e-01
5.427601933479309082e-01
9.452853202819824219e-01
1.000000000000000000e+00
5.593847632408142090e-01
6.210510730743408203e-01
6.372810602188110352e-01
1.000000000000000000e+00
9.835374951362609863e-01
5.236369371414184570e-01
1.000000000000000000e+00
6.052603721618652344e-01
9.901918768882751465e-01
1.000000000000000000e+00
8.803898096084594727e-01
9.231787919998168945e-01
6.092910766601562500e-01
6.185245513916015625e-01
1.000000000000000000e+00
1.000000000000000000e+00
7.438292503356933594e-01
8.927021622657775879e-01
9.955111742019653320e-01
5.669851303100585938e-01
8.281728625297546387e-01
7.805474400520324707e-01
6.172866821289062500e-01
1.000000000000000000e+00
1.000000000000000000e+00
1.000000000000000000e+00
6.221513748168945312e-01
1.000000000000000000e+00
1.000000000000000000e+00
9.999976158142089844e-01
1.000000000000000000e+00
1.000000000000000000e+00
1.000000000000000000e+00
8.241798877716064453e-01
6.702598929405212402e-01
7.837493419647216797e-01
9.336748719215393066e-01
7.114591002464294434e-01
9.999951124191284180e-01
7.648884057998657227e-01
6.311026811599731445e-01
1.000000000000000000e+00
8.868494629859924316e-01
7.132477164268493652e-01
5.999636650085449219e-01
1.000000000000000000e+00
1.000000000000000000e+00
1.000000000000000000e+00
9.999969601631164551e-01
6.747187376022338867e-01
8.509988784790039062e-01
6.050144433975219727e-01
6.121827960014343262e-01
1.000000000000000000e+00
5.754907131195068359e-01
6.127257347106933594e-01
7.999192476272583008e-01
6.773928403854370117e-01
1.000000000000000000e+00
1.000000000000000000e+00
9.734669327735900879e-01
8.119619488716125488e-01
8.655137419700622559e-01
5.240782499313354492e-01
1.000000000000000000e+00
9.999979734420776367e-01
8.505388498306274414e-01
5.904369354248046875e-01
6.337299942970275879e-01
7.388303875923156738e-01
8.905665874481201172e-01
7.982264757156372070e-01
7.557227611541748047e-01
7.980819940567016602e-01
6.489449143409729004e-01
8.105031847953796387e-01
1.000000000000000000e+00
1.000000000000000000e+00
6.069188117980957031e-01
9.774839282035827637e-01
9.215669631958007812e-01
9.014462232589721680e-01
6.959071159362792969e-01
1.000000000000000000e+00
6.893482208251953125e-01
6.725102066993713379e-01
8.631764650344848633e-01
5.683478116989135742e-01
1.000000000000000000e+00
1.000000000000000000e+00
9.385091066360473633e-01
9.962018728256225586e-01
6.560122370719909668e-01
8.310149908065795898e-01
5.943985581398010254e-01
6.427909135818481445e-01
8.087225556373596191e-01
1.000000000000000000e+00
7.480238676071166992e-01
8.457261323928833008e-01
7.597523331642150879e-01
1.000000000000000000e+00
1.000000000000000000e+00
5.681565999984741211e-01
8.012399673461914062e-01
8.788107037544250488e-01
5.810734033584594727e-01
6.141110658645629883e-01
1.000000000000000000e+00
5.376548767089843750e-01
1.000000000000000000e+00
5.829000473022460938e-01
1.000000000000000000e+00
5.158016085624694824e-01
1.000000000000000000e+00
6.743055582046508789e-01
1.000000000000000000e+00
9.747251868247985840e-01
9.972597360610961914e-01
5.862407684326171875e-01
9.950145483016967773e-01
8.457795977592468262e-01
1.000000000000000000e+00
5.307222604751586914e-01
7.147060632705688477e-01
6.278865933418273926e-01
6.886662840843200684e-01
7.225491404533386230e-01
6.666885018348693848e-01
6.279840469360351562e-01
6.864876747131347656e-01
5.487458109855651855e-01
5.796323418617248535e-01
1.000000000000000000e+00
9.317837953567504883e-01
8.521301150321960449e-01
7.815201878547668457e-01
5.536532402038574219e-01
1.000000000000000000e+00
1.000000000000000000e+00
6.409932374954223633e-01
1.000000000000000000e+00
1.000000000000000000e+00
9.814265966415405273e-01
9.425513744354248047e-01
5.936495065689086914e-01
6.234620213508605957e-01
1.000000000000000000e+00
1.000000000000000000e+00
5.302076935768127441e-01
1.000000000000000000e+00
1.000000000000000000e+00
9.999463558197021484e-01
7.115311026573181152e-01
5.688872337341308594e-01
5.647774338722229004e-01
7.143034934997558594e-01
6.171085834503173828e-01
1.000000000000000000e+00
7.594277262687683105e-01
1.000000000000000000e+00
1.000000000000000000e+00
1.000000000000000000e+00
5.541050434112548828e-01
6.079561710357666016e-01
5.617060661315917969e-01
6.131232976913452148e-01
7.356092929840087891e-01
9.758712649345397949e-01
1.000000000000000000e+00
1.000000000000000000e+00
9.774234890937805176e-01
1.000000000000000000e+00
9.885265231132507324e-01
1.000000000000000000e+00
1.000000000000000000e+00
6.440283060073852539e-01
5.782204866409301758e-01
1.000000000000000000e+00
9.996801614761352539e-01
7.578563094139099121e-01
1.000000000000000000e+00
8.036437034606933594e-01
9.999951720237731934e-01
9.627028703689575195e-01
9.627849459648132324e-01
7.803715467453002930e-01
5.603412389755249023e-01
8.151302337646484375e-01
9.999625086784362793e-01
1.000000000000000000e+00
5.860277414321899414e-01
1.000000000000000000e+00
1.000000000000000000e+00
5.090605020523071289e-01
9.870206117630004883e-01
1.000000000000000000e+00
8.885189294815063477e-01
8.683098554611206055e-01
7.987135648727416992e-01
1.000000000000000000e+00
5.830628871917724609e-01
1.000000000000000000e+00
5.170310735702514648e-01
1.000000000000000000e+00
9.265893697738647461e-01
9.278063774108886719e-01
7.504599094390869141e-01
9.979879856109619141e-01
1.000000000000000000e+00
7.598392963409423828e-01
8.938062787055969238e-01
9.921082854270935059e-01
7.794405817985534668e-01
7.193222045898437500e-01
5.380743741989135742e-01
7.773001790046691895e-01
9.997810721397399902e-01
1.000000000000000000e+00
1.000000000000000000e+00
6.593322753906250000e-01
8.306148052215576172e-01
1.000000000000000000e+00
1.000000000000000000e+00
7.368963360786437988e-01
5.734285712242126465e-01
9.739752411842346191e-01
1.000000000000000000e+00
1.000000000000000000e+00
6.144570112228393555e-01
7.118768692016601562e-01
1.000000000000000000e+00
1.000000000000000000e+00
7.330549955368041992e-01
7.213792204856872559e-01
9.997733235359191895e-01
8.800976872444152832e-01
7.251256704330444336e-01
4.856091737747192383e-01
7.999220490455627441e-01
9.995450377464294434e-01
8.847343325614929199e-01
9.999867677688598633e-01
7.582608461380004883e-01
6.293593645095825195e-01
1.000000000000000000e+00
1.000000000000000000e+00
8.920340538024902344e-01
7.327191829681396484e-01
6.202364563941955566e-01
1.000000000000000000e+00
9.715070724487304688e-01
1.000000000000000000e+00
4.771065711975097656e-01
8.091242313385009766e-01
8.884551525115966797e-01
1.000000000000000000e+00
9.975290894508361816e-01
1.000000000000000000e+00
9.006581902503967285e-01
6.740388870239257812e-01
6.896119117736816406e-01
1.000000000000000000e+00
5.969593524932861328e-01
7.290332913398742676e-01
6.440242528915405273e-01
5.686312317848205566e-01
6.083086133003234863e-01
1.000000000000000000e+00
6.217420101165771484e-01
5.082464218139648438e-01
9.999930262565612793e-01
6.741468310356140137e-01
8.909267187118530273e-01
7.964180707931518555e-01
1.000000000000000000e+00
7.326948046684265137e-01
1.000000000000000000e+00
8.934220075607299805e-01
7.185504436492919922e-01
1.000000000000000000e+00
6.795175075531005859e-01
1.000000000000000000e+00
9.999986886978149414e-01
7.403256297111511230e-01
1.000000000000000000e+00
9.236357808113098145e-01
9.134283661842346191e-01
9.999734759330749512e-01
1.000000000000000000e+00
1.000000000000000000e+00
5.864354372024536133e-01
7.609279751777648926e-01
7.283462285995483398e-01
6.226695775985717773e-01
6.216014623641967773e-01
5.425209403038024902e-01
1.000000000000000000e+00
1.000000000000000000e+00
9.999400973320007324e-01
9.765573143959045410e-01
7.389674186706542969e-01
6.918773651123046875e-01
9.999988079071044922e-01
1.000000000000000000e+00
6.085967421531677246e-01
9.999881386756896973e-01
9.960880875587463379e-01
1.000000000000000000e+00
9.548936486244201660e-01
1.000000000000000000e+00
9.430697560310363770e-01
1.000000000000000000e+00
7.925527691841125488e-01
5.981117486953735352e-01
7.437713742256164551e-01
1.000000000000000000e+00
7.270110845565795898e-01
1.000000000000000000e+00
7.954084873199462891e-01
8.989907503128051758e-01
8.790726065635681152e-01
9.356556534767150879e-01
1.000000000000000000e+00
7.452409267425537109e-01
7.682104110717773438e-01
9.296303391456604004e-01
9.399103522300720215e-01
6.978608965873718262e-01
9.532284140586853027e-01
7.020649909973144531e-01
6.066422462463378906e-01
9.947884082794189453e-01
7.830049395561218262e-01
8.090779185295104980e-01
9.432545900344848633e-01
8.935809731483459473e-01
9.144784808158874512e-01
8.897491097450256348e-01
8.066509366035461426e-01
5.222111940383911133e-01
5.928945541381835938e-01
8.469398021697998047e-01
5.715777873992919922e-01
5.714261531829833984e-01
8.638927340507507324e-01
6.267960071563720703e-01
9.128468632698059082e-01
6.150959134101867676e-01
1.000000000000000000e+00
6.621369123458862305e-01
6.684046983718872070e-01
7.123813629150390625e-01
8.895333409309387207e-01
7.296748161315917969e-01
6.704469919204711914e-01
7.605261206626892090e-01
1.000000000000000000e+00
8.509602546691894531e-01
5.045977234840393066e-01
5.057837963104248047e-01
1.000000000000000000e+00
9.994271993637084961e-01
7.056806683540344238e-01
9.868015646934509277e-01
1.000000000000000000e+00
4.812182188034057617e-01
1.000000000000000000e+00
1.000000000000000000e+00
8.888143301010131836e-01
6.201790571212768555e-01
9.999200701713562012e-01
5.542654991149902344e-01
5.861507654190063477e-01
6.780462861061096191e-01
1.000000000000000000e+00
5.644437670707702637e-01
6.389442682266235352e-01
6.386469006538391113e-01
6.717817187309265137e-01
6.433229446411132812e-01
6.174367666244506836e-01
6.221822500228881836e-01
6.132431626319885254e-01
7.188999652862548828e-01
8.155478239059448242e-01
8.791850209236145020e-01
5.767953395843505859e-01
1.000000000000000000e+00
9.393732547760009766e-01
9.999759793281555176e-01
7.876886129379272461e-01
7.016259431838989258e-01
7.487056255340576172e-01
1.000000000000000000e+00
9.865966439247131348e-01
9.223034381866455078e-01
6.021564602851867676e-01
6.521866321563720703e-01
9.155930876731872559e-01
9.421430230140686035e-01
9.676061868667602539e-01
7.923833131790161133e-01
6.026371717453002930e-01
6.775962114334106445e-01
9.997272491455078125e-01
9.809315800666809082e-01
6.434340476989746094e-01
9.648957252502441406e-01
6.944911479949951172e-01
1.000000000000000000e+00
4.994609951972961426e-01
7.215442657470703125e-01
5.050203800201416016e-01
1.000000000000000000e+00
9.788800477981567383e-01
5.761963129043579102e-01
7.467048168182373047e-01
6.697459220886230469e-01
5.960948467254638672e-01
8.867281079292297363e-01
8.039548397064208984e-01
1.000000000000000000e+00
1.000000000000000000e+00
4.907879233360290527e-01
8.658605813980102539e-01
4.978168606758117676e-01
8.884081840515136719e-01
7.582150697708129883e-01
6.017791032791137695e-01
9.999988079071044922e-01
5.848578214645385742e-01
1.000000000000000000e+00
9.999977350234985352e-01
6.993057727813720703e-01
6.136296987533569336e-01
9.487488865852355957e-01
7.430306673049926758e-01
6.365398168563842773e-01
5.405330657958984375e-01
8.876132965087890625e-01
8.020897507667541504e-01
1.000000000000000000e+00
7.800360918045043945e-01
1.000000000000000000e+00
7.126688957214355469e-01
9.205037355422973633e-01
9.282538294792175293e-01
7.717884778976440430e-01
7.193729877471923828e-01
9.773936271667480469e-01
6.397870779037475586e-01
1.000000000000000000e+00
7.504280805587768555e-01
9.999825358390808105e-01
7.902432680130004883e-01
5.994823575019836426e-01
9.999497532844543457e-01
9.155766963958740234e-01
8.555797338485717773e-01
6.952624917030334473e-01
1.000000000000000000e+00
7.207848429679870605e-01
1.000000000000000000e+00
7.302124500274658203e-01
6.457185745239257812e-01
5.790783762931823730e-01
6.661585569381713867e-01
9.614016413688659668e-01
6.725957393646240234e-01
6.777594089508056641e-01
9.905984997749328613e-01
6.337221860885620117e-01
1.000000000000000000e+00
7.090681791305541992e-01
7.979252934455871582e-01
8.927870988845825195e-01
7.008301615715026855e-01
1.000000000000000000e+00
7.246962189674377441e-01
7.256760597229003906e-01
1.000000000000000000e+00
8.728188276290893555e-01
1.000000000000000000e+00
1.000000000000000000e+00
6.483016014099121094e-01
5.691282153129577637e-01
7.772910594940185547e-01
1.000000000000000000e+00
1.000000000000000000e+00
1.000000000000000000e+00
1.000000000000000000e+00
7.367961406707763672e-01
7.380015850067138672e-01
1.000000000000000000e+00
7.830028533935546875e-01
6.053277254104614258e-01
1.000000000000000000e+00
8.970947265625000000e-01
8.437377810478210449e-01
1.000000000000000000e+00
7.525597810745239258e-01
6.325514912605285645e-01
7.922685146331787109e-01
6.978681683540344238e-01
8.145350813865661621e-01
7.811753749847412109e-01
9.382573962211608887e-01
1.000000000000000000e+00
9.999067783355712891e-01
6.135460734367370605e-01
9.694559574127197266e-01
8.757475018501281738e-01
9.995509982109069824e-01
6.352651119232177734e-01
6.276416778564453125e-01
6.436654329299926758e-01
7.594074010848999023e-01
9.999940395355224609e-01
7.548972368240356445e-01
1.000000000000000000e+00
9.928408265113830566e-01
1.000000000000000000e+00
5.858072042465209961e-01
9.999645948410034180e-01
6.150889992713928223e-01
4.663667678833007812e-01
7.939974069595336914e-01
1.000000000000000000e+00
7.203068137168884277e-01
1.000000000000000000e+00
7.163754701614379883e-01
1.000000000000000000e+00
9.995560646057128906e-01
5.839202404022216797e-01
6.803965568542480469e-01
6.005122065544128418e-01
1.000000000000000000e+00
7.246429920196533203e-01
7.323857545852661133e-01
8.389962911605834961e-01
9.684801101684570312e-01
9.675781726837158203e-01
6.946016550064086914e-01
5.975978374481201172e-01
1.000000000000000000e+00
1.000000000000000000e+00
1.000000000000000000e+00
9.999751448631286621e-01
9.997536540031433105e-01
8.309404253959655762e-01
8.231130838394165039e-01
7.496709227561950684e-01
1.000000000000000000e+00
7.323611378669738770e-01
1.000000000000000000e+00
6.262499094009399414e-01
7.260496616363525391e-01
1.000000000000000000e+00
1.000000000000000000e+00
6.456078290939331055e-01
6.450451612472534180e-01
7.879468798637390137e-01
7.319304943084716797e-01
5.627602338790893555e-01
6.837315559387207031e-01
9.910046458244323730e-01
1.000000000000000000e+00
7.092062234878540039e-01
1.000000000000000000e+00
7.387890815734863281e-01
5.645433664321899414e-01
1.000000000000000000e+00
1.000000000000000000e+00
9.999976754188537598e-01
8.266686201095581055e-01
6.582440733909606934e-01
1.000000000000000000e+00
6.484676599502563477e-01
1.000000000000000000e+00
7.243638038635253906e-01
9.452105760574340820e-01
5.975100994110107422e-01
9.999347329139709473e-01
1.000000000000000000e+00
1.000000000000000000e+00
6.674588918685913086e-01
6.031813621520996094e-01
1.000000000000000000e+00
6.427996754646301270e-01
1.000000000000000000e+00
6.959873437881469727e-01
1.000000000000000000e+00
7.446403503417968750e-01
6.486589908599853516e-01
9.327139258384704590e-01
