9.654669761657714844e-01
9.018813371658325195e-01
9.990466833114624023e-01
9.863162636756896973e-01
9.841271638870239258e-01
9.911627173423767090e-01
1.000000000000000000e+00
9.598184823989868164e-01
1.000000000000000000e+00
9.810733795166015625e-01
9.936080574989318848e-01
9.966529011726379395e-01
9.700844287872314453e-01
1.000000000000000000e+00
9.588642716407775879e-01
9.881397485733032227e-01
9.794786572456359863e-01
9.801469445228576660e-01
9.893292784690856934e-01
9.928926825523376465e-01
9.858705401420593262e-01
9.863620400428771973e-01
9.792992472648620605e-01
9.756806492805480957e-01
9.799184203147888184e-01
1.000000000000000000e+00
9.799783825874328613e-01
9.239096641540527344e-01
9.998990297317504883e-01
9.911528825759887695e-01
9.805939793586730957e-01
9.954832196235656738e-01
9.875039458274841309e-01
1.000000000000000000e+00
9.859432578086853027e-01
9.965130686759948730e-01
9.924455285072326660e-01
9.465632438659667969e-01
9.967935681343078613e-01
9.981140494346618652e-01
1.000000000000000000e+00
9.872061014175415039e-01
9.781839847564697266e-01
9.999040365219116211e-01
9.860891103744506836e-01
9.976060390472412109e-01
9.849430322647094727e-01
9.929112195968627930e-01
9.965641498565673828e-01
9.758190512657165527e-01
9.974333047866821289e-01
9.929032325744628906e-01
9.980491995811462402e-01
9.789868593215942383e-01
9.866782426834106445e-01
9.840462207794189453e-01
9.337830543518066406e-01
9.664816856384277344e-01
9.786441922187805176e-01
1.000000000000000000e+00
9.701204299926757812e-01
9.661220312118530273e-01
1.000000000000000000e+00
9.866592288017272949e-01
9.981020092964172363e-01
9.801988005638122559e-01
1.000000000000000000e+00
9.999559521675109863e-01
9.865889549255371094e-01
9.735465049743652344e-01
9.942727088928222656e-01
9.990459084510803223e-01
9.640995860099792480e-01
9.921095967292785645e-01
1.000000000000000000e+00
9.851235747337341309e-01
9.570829272270202637e-01
1.000000000000000000e+00
9.884071946144104004e-01
9.573798775672912598e-01
9.825316667556762695e-01
9.790489077568054199e-01
1.000000000000000000e+00
1.000000000000000000e+00
9.998105764389038086e-01
9.897921085357666016e-01
9.846702218055725098e-01
9.998124837875366211e-01
1.000000000000000000e+00
9.911281466484069824e-01
1.000000000000000000e+00
9.991986155509948730e-01
9.972684979438781738e-01
9.917356967926025391e-01
1.000000000000000000e+00
1.000000000000000000e+00
9.734668135643005371e-01
9.818311333656311035e-01
9.859263300895690918e-01
9.418902993202209473e-01
9.816491603851318359e-01
9.993470907211303711e-01
9.978757500648498535e-01
9.380263686180114746e-01
9.638134837150573730e-01
1.000000000000000000e+00
9.981174468994140625e-01
1.000000000000000000e+00
9.925569891929626465e-01
9.528088569641113281e-01
9.876507520675659180e-01
1.000000000000000000e+00
1.000000000000000000e+00
9.567321538925170898e-01
9.975300431251525879e-01
9.836599230766296387e-01
1.000000000000000000e+00
9.971888065338134766e-01
9.999940395355224609e-01
9.374895095825195312e-01
1.000000000000000000e+00
9.871509075164794922e-01
9.903409481048583984e-01
9.733541607856750488e-01
9.604193568229675293e-01
9.589963555335998535e-01
8.515873551368713379e-01
8.784661293029785156e-01
1.000000000000000000e+00
9.768786430358886719e-01
1.000000000000000000e+00
9.998666048049926758e-01
9.740732908248901367e-01
9.989422559738159180e-01
9.156302809715270996e-01
9.999116659164428711e-01
9.011918902397155762e-01
1.000000000000000000e+00
9.811081290245056152e-01
9.821171164512634277e-01
9.900593757629394531e-01
9.936594963073730469e-01
1.000000000000000000e+00
1.000000000000000000e+00
9.468609690666198730e-01
9.950131177902221680e-01
9.332396984100341797e-01
9.998947978019714355e-01
9.843086600303649902e-01
9.737060070037841797e-01
9.885558485984802246e-01
9.926867485046386719e-01
9.652014374732971191e-01
1.000000000000000000e+00
1.000000000000000000e+00
9.848935008049011230e-01
1.000000000000000000e+00
9.901983141899108887e-01
9.921173453330993652e-01
1.000000000000000000e+00
9.911184906959533691e-01
9.635602831840515137e-01
9.935847520828247070e-01
9.810488820075988770e-01
9.994275569915771484e-01
9.996781945228576660e-01
9.426829814910888672e-01
9.790493845939636230e-01
9.922442436218261719e-01
9.783598780632019043e-01
1.000000000000000000e+00
9.820329546928405762e-01
9.886875152587890625e-01
9.988079071044921875e-01
1.000000000000000000e+00
9.492527842521667480e-01
9.999020099639892578e-01
1.000000000000000000e+00
9.950010776519775391e-01
9.904569983482360840e-01
1.000000000000000000e+00
1.000000000000000000e+00
9.753493070602416992e-01
1.000000000000000000e+00
9.731327891349792480e-01
9.927955269813537598e-01
9.881277084350585938e-01
1.000000000000000000e+00
9.556990861892700195e-01
9.411039948463439941e-01
1.000000000000000000e+00
1.000000000000000000e+00
9.359244704246520996e-01
9.684478044509887695e-01
9.892842769622802734e-01
9.994314312934875488e-01
9.720297455787658691e-01
9.999564886093139648e-01
8.824685215950012207e-01
1.000000000000000000e+00
1.000000000000000000e+00
1.000000000000000000e+00
9.657225608825683594e-01
9.991621375083923340e-01
9.029156565666198730e-01
9.619029164314270020e-01
9.661082625389099121e-01
9.342706203460693359e-01
1.000000000000000000e+00
1.000000000000000000e+00
9.662919044494628906e-01
9.652274250984191895e-01
9.802013039588928223e-01
1.000000000000000000e+00
1.000000000000000000e+00
1.000000000000000000e+00
9.936391711235046387e-01
9.800018668174743652e-01
1.000000000000000000e+00
1.000000000000000000e+00
9.999858736991882324e-01
9.993391036987304688e-01
1.000000000000000000e+00
9.544625282287597656e-01
1.000000000000000000e+00
8.531944751739501953e-01
1.000000000000000000e+00
9.424653053283691406e-01
1.000000000000000000e+00
9.990528225898742676e-01
6.992135643959045410e-01
9.805988073348999023e-01
8.374358415603637695e-01
9.468647241592407227e-01
9.190248250961303711e-01
9.745823740959167480e-01
9.780744910240173340e-01
9.936187267303466797e-01
9.997012019157409668e-01
9.628601670265197754e-01
9.724982976913452148e-01
9.660730361938476562e-01
9.853840470314025879e-01
9.999861717224121094e-01
9.884352087974548340e-01
9.701572656631469727e-01
9.797571301460266113e-01
1.000000000000000000e+00
1.000000000000000000e+00
1.000000000000000000e+00
9.663333296775817871e-01
1.000000000000000000e+00
9.933891296386718750e-01
1.000000000000000000e+00
9.945337772369384766e-01
1.000000000000000000e+00
9.951772093772888184e-01
9.354009032249450684e-01
9.990767240524291992e-01
1.000000000000000000e+00
9.997392892837524414e-01
9.869358539581298828e-01
9.516304731369018555e-01
9.466090798377990723e-01
9.815917611122131348e-01
9.085504412651062012e-01
1.000000000000000000e+00
9.597011804580688477e-01
1.000000000000000000e+00
9.880563020706176758e-01
9.437258243560791016e-01
9.999300837516784668e-01
9.785469770431518555e-01
1.000000000000000000e+00
9.366735219955444336e-01
9.999985694885253906e-01
9.868316054344177246e-01
9.893018007278442383e-01
1.000000000000000000e+00
9.512965679168701172e-01
9.200944304466247559e-01
9.999727010726928711e-01
9.999649524688720703e-01
1.000000000000000000e+00
8.155851960182189941e-01
8.156505823135375977e-01
8.105021119117736816e-01
8.191442489624023438e-01
7.543332576751708984e-01
7.527341842651367188e-01
9.999998807907104492e-01
1.000000000000000000e+00
8.947466015815734863e-01
7.339897155761718750e-01
1.000000000000000000e+00
1.000000000000000000e+00
9.126247167587280273e-01
9.998653531074523926e-01
1.000000000000000000e+00
1.000000000000000000e+00
9.729593396186828613e-01
9.329161643981933594e-01
1.000000000000000000e+00
1.000000000000000000e+00
7.839045524597167969e-01
6.612082719802856445e-01
1.000000000000000000e+00
7.419219613075256348e-01
7.669649124145507812e-01
1.000000000000000000e+00
1.000000000000000000e+00
1.000000000000000000e+00
7.954859733581542969e-01
7.480443120002746582e-01
7.597028613090515137e-01
9.341048002243041992e-01
7.835468649864196777e-01
6.658501029014587402e-01
7.389935255050659180e-01
7.099304199218750000e-01
9.999526143074035645e-01
8.395655751228332520e-01
9.389393329620361328e-01
9.769995808601379395e-01
6.018781065940856934e-01
7.073167562484741211e-01
8.454420566558837891e-01
7.243700027465820312e-01
9.344850778579711914e-01
7.287448644638061523e-01
7.009545564651489258e-01
1.000000000000000000e+00
7.240270376205444336e-01
8.082897663116455078e-01
1.000000000000000000e+00
6.949748992919921875e-01
9.999998211860656738e-01
9.999999403953552246e-01
7.141500711441040039e-01
1.000000000000000000e+00
9.659206271171569824e-01
1.000000000000000000e+00
8.167830705642700195e-01
7.167769670486450195e-01
9.379529356956481934e-01
7.620748281478881836e-01
1.000000000000000000e+00
7.828873991966247559e-01
9.887745380401611328e-01
9.999991059303283691e-01
7.380564212799072266e-01
7.950073480606079102e-01
6.678161621093750000e-01
1.000000000000000000e+00
9.291749596595764160e-01
8.140364885330200195e-01
7.630110979080200195e-01
1.000000000000000000e+00
7.351777553558349609e-01
8.300390839576721191e-01
8.966718912124633789e-01
9.856357574462890625e-01
6.375093460083007812e-01
7.706837654113769531e-01
1.000000000000000000e+00
1.000000000000000000e+00
7.797021865844726562e-01
1.000000000000000000e+00
7.374632358551025391e-01
1.000000000000000000e+00
1.000000000000000000e+00
1.000000000000000000e+00
9.110020399093627930e-01
1.000000000000000000e+00
7.231760025024414062e-01
8.060979843139648438e-01
7.909682989120483398e-01
1.000000000000000000e+00
7.674236297607421875e-01
1.000000000000000000e+00
1.000000000000000000e+00
1.000000000000000000e+00
7.440869808197021484e-01
1.000000000000000000e+00
9.831116795539855957e-01
8.456100225448608398e-01
7.784168720245361328e-01
9.640583395957946777e-01
8.802876472473144531e-01
7.816067337989807129e-01
1.000000000000000000e+00
1.000000000000000000e+00
7.976642847061157227e-01
9.999862909317016602e-01
9.495645165443420410e-01
9.999999403953552246e-01
1.000000000000000000e+00
7.400450110435485840e-01
9.275470972061157227e-01
1.000000000000000000e+00
8.086093664169311523e-01
8.058192729949951172e-01
9.795307517051696777e-01
1.000000000000000000e+00
8.243329524993896484e-01
6.732565164566040039e-01
9.999985694885253906e-01
1.000000000000000000e+00
1.000000000000000000e+00
9.999958276748657227e-01
7.455003261566162109e-01
1.000000000000000000e+00
8.181606531143188477e-01
1.000000000000000000e+00
1.000000000000000000e+00
1.000000000000000000e+00
9.706370830535888672e-01
9.999979138374328613e-01
7.273310422897338867e-01
1.000000000000000000e+00
9.999985098838806152e-01
7.336993217468261719e-01
9.119337797164916992e-01
1.000000000000000000e+00
1.000000000000000000e+00
6.876804828643798828e-01
8.428121805191040039e-01
7.568154335021972656e-01
1.000000000000000000e+00
9.153143167495727539e-01
7.370194196701049805e-01
8.907390832901000977e-01
1.000000000000000000e+00
6.625619530677795410e-01
9.972029328346252441e-01
9.534577131271362305e-01
1.000000000000000000e+00
7.739269733428955078e-01
7.934428453445434570e-01
7.538960576057434082e-01
8.992697596549987793e-01
7.193112373352050781e-01
7.714957594871520996e-01
7.590212225914001465e-01
7.662531733512878418e-01
8.485470414161682129e-01
7.711949944496154785e-01
1.000000000000000000e+00
8.618835806846618652e-01
7.655398845672607422e-01
6.674520969390869141e-01
9.999856948852539062e-01
8.546568155288696289e-01
8.815752863883972168e-01
9.617862701416015625e-01
7.008075714111328125e-01
8.726721405982971191e-01
7.388916611671447754e-01
8.736072182655334473e-01
1.000000000000000000e+00
8.859483003616333008e-01
9.173143506050109863e-01
6.617438793182373047e-01
7.587736845016479492e-01
7.010767459869384766e-01
1.000000000000000000e+00
7.055606842041015625e-01
9.468218684196472168e-01
8.057534098625183105e-01
8.726265430450439453e-01
6.400843858718872070e-01
8.214479684829711914e-01
1.000000000000000000e+00
9.999929070472717285e-01
7.304766178131103516e-01
1.000000000000000000e+00
9.777342677116394043e-01
6.869804263114929199e-01
1.000000000000000000e+00
8.616045713424682617e-01
1.000000000000000000e+00
1.000000000000000000e+00
7.673357725143432617e-01
8.491598367691040039e-01
1.000000000000000000e+00
9.999567866325378418e-01
1.000000000000000000e+00
9.999999403953552246e-01
9.769431948661804199e-01
8.174778819084167480e-01
9.437616467475891113e-01
9.999998211860656738e-01
8.323481082916259766e-01
1.000000000000000000e+00
6.666635274887084961e-01
6.387174129486083984e-01
7.158966064453125000e-01
1.000000000000000000e+00
5.963275432586669922e-01
1.000000000000000000e+00
1.000000000000000000e+00
8.502237796783447266e-01
9.994859099388122559e-01
9.966119527816772461e-01
8.509992957115173340e-01
9.083667397499084473e-01
1.000000000000000000e+00
1.000000000000000000e+00
6.298026442527770996e-01
1.000000000000000000e+00
1.000000000000000000e+00
8.779349327087402344e-01
1.000000000000000000e+00
7.111526727676391602e-01
7.592346072196960449e-01
1.000000000000000000e+00
1.000000000000000000e+00
6.948946118354797363e-01
1.000000000000000000e+00
7.626880407333374023e-01
9.992248415946960449e-01
6.677490472793579102e-01
1.000000000000000000e+00
7.582716941833496094e-01
9.185045957565307617e-01
6.872078180313110352e-01
9.067165851593017578e-01
1.000000000000000000e+00
6.346237659454345703e-01
1.000000000000000000e+00
1.000000000000000000e+00
1.000000000000000000e+00
8.748387694358825684e-01
9.022007584571838379e-01
9.961025118827819824e-01
7.806187868118286133e-01
6.573121547698974609e-01
6.880398392677307129e-01
9.309052228927612305e-01
7.789787054061889648e-01
1.000000000000000000e+00
1.000000000000000000e+00
8.847769498825073242e-01
1.000000000000000000e+00
9.036526679992675781e-01
1.000000000000000000e+00
9.999986886978149414e-01
8.619384765625000000e-01
8.264499902725219727e-01
6.567120552062988281e-01
9.804371595382690430e-01
8.185687065124511719e-01
8.429846167564392090e-01
7.848833799362182617e-01
7.513602375984191895e-01
6.550852060317993164e-01
7.426834106445312500e-01
8.342024087905883789e-01
8.140919804573059082e-01
1.000000000000000000e+00
9.999958276748657227e-01
1.000000000000000000e+00
1.000000000000000000e+00
7.095924615859985352e-01
8.041570186614990234e-01
8.353587388992309570e-01
7.974740266799926758e-01
7.232135534286499023e-01
8.450682163238525391e-01
1.000000000000000000e+00
8.660575151443481445e-01
6.688096523284912109e-01
1.000000000000000000e+00
1.000000000000000000e+00
7.543879151344299316e-01
7.995157837867736816e-01
7.797818779945373535e-01
7.014552354812622070e-01
1.000000000000000000e+00
7.872236371040344238e-01
1.000000000000000000e+00
9.048005938529968262e-01
6.832313537597656250e-01
6.703672409057617188e-01
9.935852885246276855e-01
1.000000000000000000e+00
7.310744524002075195e-01
8.687827587127685547e-01
7.934812307357788086e-01
7.976910471916198730e-01
1.000000000000000000e+00
1.000000000000000000e+00
8.386831283569335938e-01
6.709951162338256836e-01
6.502022743225097656e-01
8.031476140022277832e-01
1.000000000000000000e+00
9.995914697647094727e-01
9.307547211647033691e-01
1.000000000000000000e+00
9.023993015289306641e-01
9.587547183036804199e-01
9.999965429306030273e-01
1.000000000000000000e+00
8.528623580932617188e-01
6.979560852050781250e-01
7.834846377372741699e-01
8.222346305847167969e-01
1.000000000000000000e+00
7.930083274841308594e-01
8.403676152229309082e-01
7.840356826782226562e-01
1.000000000000000000e+00
8.694441914558410645e-01
7.957335710525512695e-01
7.902737855911254883e-01
8.045098781585693359e-01
5.883669853210449219e-01
5.832548141479492188e-01
7.538746595382690430e-01
7.720804214477539062e-01
6.345970034599304199e-01
8.438473939895629883e-01
1.000000000000000000e+00
9.006403684616088867e-01
7.351855635643005371e-01
1.000000000000000000e+00
6.757974624633789062e-01
7.289282083511352539e-01
8.933214545249938965e-01
1.000000000000000000e+00
1.000000000000000000e+00
1.000000000000000000e+00
9.976745843887329102e-01
7.549719810485839844e-01
8.409122824668884277e-01
1.000000000000000000e+00
9.999799132347106934e-01
7.222046852111816406e-01
1.000000000000000000e+00
6.995024681091308594e-01
1.000000000000000000e+00
6.535679101943969727e-01
1.000000000000000000e+00
8.922820687294006348e-01
6.488408446311950684e-01
8.670466542243957520e-01
9.998059868812561035e-01
1.000000000000000000e+00
1.000000000000000000e+00
1.000000000000000000e+00
8.178633451461791992e-01
9.254603385925292969e-01
6.828408241271972656e-01
8.303350210189819336e-01
9.999823570251464844e-01
9.999970793724060059e-01
8.514220714569091797e-01
1.000000000000000000e+00
9.272344112396240234e-01
8.768224716186523438e-01
1.000000000000000000e+00
1.000000000000000000e+00
1.000000000000000000e+00
9.993803501129150391e-01
8.297400474548339844e-01
1.000000000000000000e+00
8.902710676193237305e-01
1.000000000000000000e+00
1.000000000000000000e+00
1.000000000000000000e+00
6.725821495056152344e-01
1.000000000000000000e+00
6.577189564704895020e-01
7.499232292175292969e-01
1.000000000000000000e+00
5.819617509841918945e-01
8.409060239791870117e-01
9.194068312644958496e-01
1.000000000000000000e+00
1.000000000000000000e+00
9.999998807907104492e-01
6.910349130630493164e-01
1.000000000000000000e+00
9.984733462333679199e-01
1.000000000000000000e+00
9.998424053192138672e-01
8.744687438011169434e-01
7.215324044227600098e-01
8.750951290130615234e-01
8.254758119583129883e-01
6.107553243637084961e-01
9.535269141197204590e-01
7.058531045913696289e-01
9.970883727073669434e-01
6.444578170776367188e-01
6.030008792877197266e-01
9.999998211860656738e-01
6.321801543235778809e-01
1.000000000000000000e+00
7.997021079063415527e-01
7.843335866928100586e-01
6.777740716934204102e-01
7.038201093673706055e-01
1.000000000000000000e+00
9.988700747489929199e-01
8.727946877479553223e-01
7.302812933921813965e-01
8.486522436141967773e-01
1.000000000000000000e+00
7.200108766555786133e-01
9.961412549018859863e-01
9.844469428062438965e-01
9.749284386634826660e-01
8.986186385154724121e-01
8.816984295845031738e-01
6.257002353668212891e-01
9.975363612174987793e-01
8.372344970703125000e-01
9.695326089859008789e-01
8.169814348220825195e-01
1.000000000000000000e+00
8.491155505180358887e-01
7.367110252380371094e-01
1.000000000000000000e+00
7.450617551803588867e-01
6.337741613388061523e-01
1.000000000000000000e+00
7.868522405624389648e-01
1.000000000000000000e+00
1.000000000000000000e+00
9.172542095184326172e-01
8.181147575378417969e-01
1.000000000000000000e+00
1.000000000000000000e+00
1.000000000000000000e+00
9.999996423721313477e-01
1.000000000000000000e+00
6.121461391448974609e-01
1.000000000000000000e+00
7.098398804664611816e-01
6.691003441810607910e-01
1.000000000000000000e+00
8.916401267051696777e-01
7.370006442070007324e-01
6.134152412414550781e-01
7.128151059150695801e-01
6.834448575973510742e-01
1.000000000000000000e+00
1.000000000000000000e+00
8.278876543045043945e-01
1.000000000000000000e+00
8.786140680313110352e-01
7.008212208747863770e-01
1.000000000000000000e+00
1.000000000000000000e+00
9.588971734046936035e-01
8.532105088233947754e-01
9.999954700469970703e-01
1.000000000000000000e+00
7.561154365539550781e-01
7.401773929595947266e-01
6.682197451591491699e-01
8.074710369110107422e-01
6.286585330963134766e-01
9.999997615814208984e-01
1.000000000000000000e+00
7.147439718246459961e-01
1.000000000000000000e+00
5.646818876266479492e-01
9.885484576225280762e-01
1.000000000000000000e+00
8.039339184761047363e-01
8.439764380455017090e-01
6.944209337234497070e-01
9.995742440223693848e-01
1.000000000000000000e+00
7.417119741439819336e-01
1.000000000000000000e+00
7.018781900405883789e-01
7.353252768516540527e-01
6.593714952468872070e-01
7.207516431808471680e-01
6.327065229415893555e-01
6.248712539672851562e-01
1.000000000000000000e+00
7.314494848251342773e-01
9.999595284461975098e-01
1.000000000000000000e+00
8.419017791748046875e-01
6.875963211059570312e-01
1.000000000000000000e+00
8.667672276496887207e-01
8.575675487518310547e-01
1.000000000000000000e+00
7.582402825355529785e-01
5.734512209892272949e-01
8.298033475875854492e-01
1.000000000000000000e+00
9.999983310699462891e-01
8.664998412132263184e-01
7.270355224609375000e-01
6.601834297180175781e-01
9.999997615814208984e-01
9.185477495193481445e-01
6.568899750709533691e-01
1.000000000000000000e+00
1.000000000000000000e+00
9.966867566108703613e-01
1.000000000000000000e+00
9.999920725822448730e-01
8.002569079399108887e-01
7.892968654632568359e-01
1.000000000000000000e+00
1.000000000000000000e+00
9.980428218841552734e-01
8.396884202957153320e-01
9.999975562095642090e-01
1.000000000000000000e+00
5.945367217063903809e-01
8.212199211120605469e-01
1.000000000000000000e+00
9.170400500297546387e-01
8.164509534835815430e-01
9.604954123497009277e-01
7.832302451133728027e-01
8.117316961288452148e-01
7.623620629310607910e-01
6.533171534538269043e-01
5.796394348144531250e-01
8.107926249504089355e-01
7.481096982955932617e-01
1.000000000000000000e+00
6.155248880386352539e-01
7.100464701652526855e-01
8.263908028602600098e-01
6.582183837890625000e-01
1.000000000000000000e+00
6.009774804115295410e-01
6.213104724884033203e-01
9.999871253967285156e-01
1.000000000000000000e+00
1.000000000000000000e+00
6.158260107040405273e-01
7.241905331611633301e-01
9.999864101409912109e-01
6.300257444381713867e-01
8.399130105972290039e-01
1.000000000000000000e+00
7.611576318740844727e-01
6.103960275650024414e-01
7.991464734077453613e-01
9.999877810478210449e-01
8.370236754417419434e-01
6.320100426673889160e-01
7.537859678268432617e-01
8.393468856811523438e-01
1.000000000000000000e+00
6.865696907043457031e-01
7.971297502517700195e-01
6.973483562469482422e-01
7.481455206871032715e-01
6.590895056724548340e-01
7.447103857994079590e-01
1.000000000000000000e+00
1.000000000000000000e+00
8.863099217414855957e-01
1.000000000000000000e+00
5.908387303352355957e-01
7.721346020698547363e-01
1.000000000000000000e+00
8.192280530929565430e-01
1.000000000000000000e+00
7.943701148033142090e-01
7.515149116516113281e-01
1.000000000000000000e+00
9.231171607971191406e-01
8.023813962936401367e-01
1.000000000000000000e+00
6.378473043441772461e-01
6.811517477035522461e-01
6.256510019302368164e-01
1.000000000000000000e+00
1.000000000000000000e+00
1.000000000000000000e+00
1.000000000000000000e+00
1.000000000000000000e+00
7.034961581230163574e-01
7.948194146156311035e-01
8.680937290191650391e-01
9.996390938758850098e-01
6.866827607154846191e-01
1.000000000000000000e+00
7.038525342941284180e-01
7.668227553367614746e-01
6.668226718902587891e-01
7.165807485580444336e-01
5.626779794692993164e-01
7.416949868202209473e-01
9.999976158142089844e-01
8.143378496170043945e-01
9.792100787162780762e-01
1.000000000000000000e+00
7.813541889190673828e-01
1.000000000000000000e+00
7.598272562026977539e-01
8.586120009422302246e-01
7.547118663787841797e-01
6.361081600189208984e-01
8.476802110671997070e-01
9.995866417884826660e-01
7.933999300003051758e-01
9.267632365226745605e-01
1.000000000000000000e+00
8.302040696144104004e-01
1.000000000000000000e+00
1.000000000000000000e+00
8.831335306167602539e-01
8.736928105354309082e-01
1.000000000000000000e+00
8.588545322418212891e-01
8.606795668601989746e-01
9.999954104423522949e-01
9.976050853729248047e-01
1.000000000000000000e+00
9.378784298896789551e-01
7.484321594238281250e-01
1.000000000000000000e+00
8.708083629608154297e-01
1.000000000000000000e+00
1.000000000000000000e+00
6.807199716567993164e-01
9.999679327011108398e-01
7.556446194648742676e-01
1.000000000000000000e+00
8.093217015266418457e-01
9.960820078849792480e-01
7.305291295051574707e-01
6.503829956054687500e-01
1.000000000000000000e+00
1.000000000000000000e+00
7.797949314117431641e-01
7.597994208335876465e-01
7.732523679733276367e-01
7.042011618614196777e-01
9.032409787178039551e-01
6.707652211189270020e-01
7.793100476264953613e-01
7.021969556808471680e-01
9.999337196350097656e-01
9.999942779541015625e-01
1.000000000000000000e+00
9.999015927314758301e-01
7.602776288986206055e-01
9.619322419166564941e-01
9.744912981986999512e-01
1.000000000000000000e+00
1.000000000000000000e+00
1.000000000000000000e+00
8.252300620079040527e-01
7.970097661018371582e-01
1.000000000000000000e+00
7.421729564666748047e-01
5.662796497344970703e-01
8.808571100234985352e-01
6.623269319534301758e-01
9.130172133445739746e-01
1.000000000000000000e+00
1.000000000000000000e+00
8.270512819290161133e-01
6.732977628707885742e-01
8.877106308937072754e-01
7.513395547866821289e-01
7.194048166275024414e-01
7.713563442230224609e-01
7.244414687156677246e-01
1.000000000000000000e+00
8.523312807083129883e-01
7.213251590728759766e-01
8.850812315940856934e-01
6.782372593879699707e-01
8.179639577865600586e-01
1.000000000000000000e+00
9.811708927154541016e-01
9.326248168945312500e-01
8.884870409965515137e-01
1.000000000000000000e+00
1.000000000000000000e+00
7.029708027839660645e-01
8.153318762779235840e-01
7.575560808181762695e-01
7.575808763504028320e-01
6.292090415954589844e-01
8.472597599029541016e-01
1.000000000000000000e+00
6.084932088851928711e-01
1.000000000000000000e+00
6.697595119476318359e-01
6.568292379379272461e-01
7.987123727798461914e-01
7.627187967300415039e-01
1.000000000000000000e+00
1.000000000000000000e+00
9.999484419822692871e-01
1.000000000000000000e+00
9.909087419509887695e-01
9.997423887252807617e-01
1.000000000000000000e+00
8.475621938705444336e-01
1.000000000000000000e+00
1.000000000000000000e+00
8.150588870048522949e-01
7.518618106842041016e-01
9.409949183464050293e-01
1.000000000000000000e+00
1.000000000000000000e+00
1.000000000000000000e+00
9.999991655349731445e-01
1.000000000000000000e+00
6.644462347030639648e-01
9.405448436737060547e-01
1.000000000000000000e+00
6.843723058700561523e-01
5.753844976425170898e-01
1.000000000000000000e+00
7.986216545104980469e-01
6.956245899200439453e-01
7.443081140518188477e-01
8.052060604095458984e-01
1.000000000000000000e+00
1.000000000000000000e+00
8.871160745620727539e-01
9.797793030738830566e-01
7.936353683471679688e-01
7.945660352706909180e-01
7.545307874679565430e-01
1.000000000000000000e+00
9.078511595726013184e-01
1.000000000000000000e+00
6.822139024734497070e-01
1.000000000000000000e+00
7.773255109786987305e-01
5.973004102706909180e-01
7.530846595764160156e-01
6.010337471961975098e-01
1.000000000000000000e+00
8.932036757469177246e-01
1.000000000000000000e+00
7.485117912292480469e-01
5.711198449134826660e-01
9.889265894889831543e-01
9.983024001121520996e-01
1.000000000000000000e+00
7.100293636322021484e-01
8.547202348709106445e-01
1.000000000000000000e+00
1.000000000000000000e+00
1.000000000000000000e+00
1.000000000000000000e+00
9.998947381973266602e-01
7.571251988410949707e-01
8.989614844322204590e-01
8.375529646873474121e-01
9.976715445518493652e-01
6.686121821403503418e-01
9.999797344207763672e-01
7.235097885131835938e-01
9.857482910156250000e-01
8.479827642440795898e-01
7.456043958663940430e-01
8.047769069671630859e-01
7.397060990333557129e-01
9.996836781501770020e-01
6.621003150939941406e-01
1.000000000000000000e+00
5.489462018013000488e-01
1.000000000000000000e+00
9.194984436035156250e-01
7.952175140380859375e-01
1.000000000000000000e+00
9.946733117103576660e-01
9.761410355567932129e-01
8.361301422119140625e-01
1.000000000000000000e+00
1.000000000000000000e+00
6.887753605842590332e-01
1.000000000000000000e+00
6.528182029724121094e-01
6.756830215454101562e-01
1.000000000000000000e+00
9.995136857032775879e-01
1.000000000000000000e+00
1.000000000000000000e+00
5.855198502540588379e-01
5.850036144256591797e-01
1.000000000000000000e+00
6.869395971298217773e-01
1.000000000000000000e+00
5.830481052398681641e-01
7.259387373924255371e-01
1.000000000000000000e+00
6.994499564170837402e-01
7.360482215881347656e-01
9.999195933341979980e-01
9.189446568489074707e-01
1.000000000000000000e+00
7.963212728500366211e-01
6.503193378448486328e-01
8.322110772132873535e-01
1.000000000000000000e+00
9.998961091041564941e-01
7.740616798400878906e-01
7.867535352706909180e-01
8.272746801376342773e-01
8.114950656890869141e-01
7.027730941772460938e-01
7.977787256240844727e-01
1.000000000000000000e+00
6.229997873306274414e-01
9.129580855369567871e-01
1.000000000000000000e+00
7.680411338806152344e-01
1.000000000000000000e+00
1.000000000000000000e+00
1.000000000000000000e+00
1.000000000000000000e+00
1.000000000000000000e+00
7.719765901565551758e-01
6.597805023193359375e-01
8.307248950004577637e-01
6.585690975189208984e-01
9.620529413223266602e-01
1.000000000000000000e+00
7.869104743003845215e-01
9.998605251312255859e-01
7.078887224197387695e-01
5.904642343521118164e-01
1.000000000000000000e+00
8.631023764610290527e-01
9.781658053398132324e-01
1.000000000000000000e+00
1.000000000000000000e+00
6.039819121360778809e-01
6.696104407310485840e-01
7.408382892608642578e-01
1.000000000000000000e+00
6.899996995925903320e-01
7.183451652526855469e-01
5.842312574386596680e-01
7.549444437026977539e-01
7.674872279167175293e-01
8.080804944038391113e-01
7.894003391265869141e-01
1.000000000000000000e+00
5.781432390213012695e-01
1.000000000000000000e+00
9.998406767845153809e-01
9.999683499336242676e-01
6.525845527648925781e-01
8.397772908210754395e-01
9.999959468841552734e-01
1.000000000000000000e+00
7.030467987060546875e-01
1.000000000000000000e+00
6.812447309494018555e-01
6.860440969467163086e-01
6.716406345367431641e-01
9.999970197677612305e-01
7.652683258056640625e-01
6.586397886276245117e-01
1.000000000000000000e+00
9.987265467643737793e-01
1.000000000000000000e+00
8.306760787963867188e-01
7.901858091354370117e-01
1.000000000000000000e+00
7.325450778007507324e-01
5.961223840713500977e-01
1.000000000000000000e+00
9.999409317970275879e-01
1.000000000000000000e+00
8.213836550712585449e-01
8.491003513336181641e-01
6.508592367172241211e-01
7.297536730766296387e-01
1.000000000000000000e+00
9.999814033508300781e-01
7.408865690231323242e-01
6.220281124114990234e-01
7.255564928054809570e-01
9.040741920471191406e-01
9.087918996810913086e-01
1.000000000000000000e+00
7.312138676643371582e-01
1.000000000000000000e+00
1.000000000000000000e+00
1.000000000000000000e+00
6.396211981773376465e-01
7.248374223709106445e-01
6.721374392509460449e-01
9.381550550460815430e-01
5.009859204292297363e-01
7.189445495605468750e-01
9.791278839111328125e-01
9.972139000892639160e-01
7.682565450668334961e-01
6.642415523529052734e-01
1.000000000000000000e+00
6.702899336814880371e-01
7.514696121215820312e-01
9.972841143608093262e-01
1.000000000000000000e+00
8.690786957740783691e-01
7.076927423477172852e-01
6.584904789924621582e-01
5.827680826187133789e-01
8.306195735931396484e-01
8.248629570007324219e-01
6.853662133216857910e-01
9.922392964363098145e-01
1.000000000000000000e+00
1.000000000000000000e+00
8.579453825950622559e-01
1.000000000000000000e+00
8.402240276336669922e-01
7.333999872207641602e-01
6.801502704620361328e-01
7.284858226776123047e-01
7.282373905181884766e-01
9.399324059486389160e-01
1.000000000000000000e+00
8.079949617385864258e-01
9.469507336616516113e-01
8.085862994194030762e-01
1.000000000000000000e+00
6.667116880416870117e-01
5.579544305801391602e-01
7.031107544898986816e-01
1.000000000000000000e+00
9.980632066726684570e-01
7.726040482521057129e-01
1.000000000000000000e+00
9.297049045562744141e-01
1.000000000000000000e+00
1.000000000000000000e+00
9.999908804893493652e-01
5.858803987503051758e-01
9.925698041915893555e-01
6.199020147323608398e-01
6.777952909469604492e-01
6.834341883659362793e-01
6.235071420669555664e-01
1.000000000000000000e+00
1.000000000000000000e+00
6.967970132827758789e-01
7.586340308189392090e-01
1.000000000000000000e+00
1.000000000000000000e+00
6.701211333274841309e-01
6.104182600975036621e-01
1.000000000000000000e+00
9.635568857192993164e-01
1.000000000000000000e+00
9.987408518791198730e-01
6.048040986061096191e-01
6.522816419601440430e-01
1.000000000000000000e+00
6.660344600677490234e-01
9.839170575141906738e-01
9.123657941818237305e-01
7.006709575653076172e-01
8.496519923210144043e-01
1.000000000000000000e+00
9.999850392341613770e-01
1.000000000000000000e+00
7.894209623336791992e-01
9.999999403953552246e-01
1.000000000000000000e+00
1.000000000000000000e+00
8.454188704490661621e-01
6.364010572433471680e-01
9.763036966323852539e-01
6.696010828018188477e-01
1.000000000000000000e+00
8.027988672256469727e-01
9.786937832832336426e-01
8.392973542213439941e-01
8.794153332710266113e-01
7.144533395767211914e-01
6.910954713821411133e-01
9.990350604057312012e-01
8.189464807510375977e-01
1.000000000000000000e+00
9.998228549957275391e-01
6.497998237609863281e-01
5.984281301498413086e-01
1.000000000000000000e+00
6.463003158569335938e-01
1.000000000000000000e+00
1.000000000000000000e+00
7.132507562637329102e-01
1.000000000000000000e+00
7.083010673522949219e-01
1.000000000000000000e+00
9.862171411514282227e-01
8.521961569786071777e-01
6.655505895614624023e-01
8.108217716217041016e-01
1.000000000000000000e+00
7.450766563415527344e-01
9.592031836509704590e-01
7.093880176544189453e-01
6.628755331039428711e-01
8.404861092567443848e-01
1.000000000000000000e+00
9.999482631683349609e-01
8.834795355796813965e-01
8.309969902038574219e-01
9.998406767845153809e-01
7.281888723373413086e-01
6.374632120132446289e-01
1.000000000000000000e+00
9.925389885902404785e-01
6.794849634170532227e-01
5.719920992851257324e-01
8.079322576522827148e-01
1.000000000000000000e+00
7.855107188224792480e-01
1.000000000000000000e+00
7.402378320693969727e-01
1.000000000000000000e+00
8.135493993759155273e-01
1.000000000000000000e+00
9.977830648422241211e-01
6.850708723068237305e-01
6.259983777999877930e-01
1.000000000000000000e+00
1.000000000000000000e+00
6.305937170982360840e-01
7.203419804573059082e-01
7.343494892120361328e-01
6.372649669647216797e-01
5.617083311080932617e-01
5.949875116348266602e-01
6.040941476821899414e-01
6.131531000137329102e-01
5.757791996002197266e-01
9.231498241424560547e-01
6.019604206085205078e-01
8.522810339927673340e-01
1.000000000000000000e+00
8.581238389015197754e-01
1.000000000000000000e+00
1.000000000000000000e+00
1.000000000000000000e+00
6.803823709487915039e-01
7.454655170440673828e-01
8.812543749809265137e-01
6.971292495727539062e-01
1.000000000000000000e+00
7.538418769836425781e-01
8.006955385208129883e-01
1.000000000000000000e+00
5.751595497131347656e-01
7.561154365539550781e-01
9.945002794265747070e-01
8.433326482772827148e-01
1.000000000000000000e+00
9.273498654365539551e-01
1.000000000000000000e+00
1.000000000000000000e+00
8.718580007553100586e-01
7.398803234100341797e-01
8.824642300605773926e-01
7.920614480972290039e-01
7.091015577316284180e-01
9.499620199203491211e-01
6.538246870040893555e-01
7.570215463638305664e-01
6.940686106681823730e-01
7.767111659049987793e-01
8.058729171752929688e-01
1.000000000000000000e+00
8.107959628105163574e-01
9.987689256668090820e-01
1.000000000000000000e+00
8.290950059890747070e-01
7.844547629356384277e-01
7.381186485290527344e-01
8.012099266052246094e-01
5.004937052726745605e-01
1.000000000000000000e+00
9.525880217552185059e-01
1.000000000000000000e+00
9.394587278366088867e-01
1.000000000000000000e+00
1.000000000000000000e+00
6.120308637619018555e-01
5.819162130355834961e-01
6.027176380157470703e-01
1.000000000000000000e+00
7.706261277198791504e-01
5.932725071907043457e-01
7.291545271873474121e-01
7.247983217239379883e-01
7.513603568077087402e-01
1.000000000000000000e+00
9.991687536239624023e-01
1.000000000000000000e+00
7.287917137145996094e-01
1.000000000000000000e+00
6.871994733810424805e-01
8.995161652565002441e-01
7.883733510971069336e-01
9.194968938827514648e-01
7.884496450424194336e-01
7.133783102035522461e-01
7.866180539131164551e-01
8.308795094490051270e-01
1.000000000000000000e+00
5.853168368339538574e-01
7.857169508934020996e-01
1.000000000000000000e+00
5.899959802627563477e-01
8.917418122291564941e-01
7.196864485740661621e-01
1.000000000000000000e+00
1.000000000000000000e+00
7.306565046310424805e-01
6.250612735748291016e-01
9.760188460350036621e-01
1.000000000000000000e+00
6.581708192825317383e-01
9.488216638565063477e-01
8.886758685111999512e-01
1.000000000000000000e+00
1.000000000000000000e+00
9.861605763435363770e-01
6.368763446807861328e-01
7.071037292480468750e-01
8.255304694175720215e-01
9.441850781440734863e-01
6.313307285308837891e-01
1.000000000000000000e+00
5.464193820953369141e-01
5.887345075607299805e-01
9.571458101272583008e-01
5.470186471939086914e-01
5.161840319633483887e-01
6.627238988876342773e-01
1.000000000000000000e+00
1.000000000000000000e+00
6.625436544418334961e-01
5.160459280014038086e-01
8.293617963790893555e-01
1.000000000000000000e+00
7.117797136306762695e-01
7.598139047622680664e-01
7.174656987190246582e-01
6.589852571487426758e-01
1.000000000000000000e+00
9.084397554397583008e-01
6.371334791183471680e-01
6.232689023017883301e-01
7.310225963592529297e-01
9.993668794631958008e-01
5.474431514739990234e-01
1.000000000000000000e+00
9.916266202926635742e-01
8.836919665336608887e-01
6.852637529373168945e-01
9.998040199279785156e-01
1.000000000000000000e+00
1.000000000000000000e+00
9.992454648017883301e-01
8.735305070877075195e-01
6.755053400993347168e-01
6.710410118103027344e-01
1.000000000000000000e+00
5.047595500946044922e-01
9.499925374984741211e-01
6.423478126525878906e-01
1.000000000000000000e+00
7.405523061752319336e-01
6.602510809898376465e-01
7.228684425354003906e-01
8.221379518508911133e-01
8.109337687492370605e-01
1.000000000000000000e+00
5.781607627868652344e-01
1.000000000000000000e+00
9.999539852142333984e-01
1.000000000000000000e+00
6.604416966438293457e-01
7.442839145660400391e-01
9.335969090461730957e-01
7.259418964385986328e-01
6.964966058731079102e-01
6.438215970993041992e-01
7.472838163375854492e-01
5.657653808593750000e-01
5.911239385604858398e-01
8.413959145545959473e-01
7.274928689002990723e-01
5.324382781982421875e-01
9.997647404670715332e-01
9.676098227500915527e-01
6.537415981292724609e-01
8.282742500305175781e-01
1.000000000000000000e+00
9.037014245986938477e-01
6.198027133941650391e-01
7.389944791793823242e-01
9.997416734695434570e-01
9.587576389312744141e-01
6.413860321044921875e-01
9.424563050270080566e-01
7.855096459388732910e-01
5.990784764289855957e-01
6.992034912109375000e-01
9.991221427917480469e-01
1.000000000000000000e+00
6.732223033905029297e-01
9.977665543556213379e-01
7.636678218841552734e-01
5.817357301712036133e-01
6.975271105766296387e-01
7.310394048690795898e-01
7.610594034194946289e-01
9.091285467147827148e-01
6.143547296524047852e-01
1.000000000000000000e+00
1.000000000000000000e+00
1.000000000000000000e+00
5.819032192230224609e-01
7.728166580200195312e-01
9.999983310699462891e-01
6.518397927284240723e-01
7.596701383590698242e-01
6.627787351608276367e-01
1.000000000000000000e+00
6.514098048210144043e-01
7.083520293235778809e-01
6.826792955398559570e-01
7.696148157119750977e-01
5.906946659088134766e-01
1.000000000000000000e+00
8.402418494224548340e-01
6.199667453765869141e-01
1.000000000000000000e+00
1.000000000000000000e+00
7.656874656677246094e-01
8.370188474655151367e-01
9.316271543502807617e-01
6.192055940628051758e-01
8.250268101692199707e-01
1.000000000000000000e+00
7.423366904258728027e-01
8.133484721183776855e-01
8.733679652214050293e-01
7.124390602111816406e-01
9.999654293060302734e-01
9.781031012535095215e-01
7.437446117401123047e-01
6.932830810546875000e-01
8.350150585174560547e-01
1.000000000000000000e+00
1.000000000000000000e+00
1.000000000000000000e+00
6.908897161483764648e-01
8.968674540519714355e-01
7.752910256385803223e-01
9.996936321258544922e-01
8.296189308166503906e-01
6.430230140686035156e-01
1.000000000000000000e+00
7.408967018127441406e-01
1.000000000000000000e+00
6.621922254562377930e-01
9.999761581420898438e-01
6.513395309448242188e-01
8.431670665740966797e-01
6.637283563613891602e-01
1.000000000000000000e+00
6.626899242401123047e-01
9.503709077835083008e-01
1.000000000000000000e+00
1.000000000000000000e+00
9.948045015335083008e-01
7.642064094543457031e-01
7.359622716903686523e-01
6.107821464538574219e-01
8.845199942588806152e-01
9.923138618469238281e-01
1.000000000000000000e+00
9.998590350151062012e-01
9.999074935913085938e-01
8.525844812393188477e-01
9.999980330467224121e-01
1.000000000000000000e+00
6.022119522094726562e-01
1.000000000000000000e+00
7.053309679031372070e-01
9.997420907020568848e-01
1.000000000000000000e+00
9.205879569053649902e-01
8.792557120323181152e-01
1.000000000000000000e+00
8.206250667572021484e-01
1.000000000000000000e+00
1.000000000000000000e+00
8.085550069808959961e-01
8.050729632377624512e-01
7.801972627639770508e-01
9.986334443092346191e-01
7.346396446228027344e-01
1.000000000000000000e+00
1.000000000000000000e+00
6.203060746192932129e-01
1.000000000000000000e+00
8.116022944450378418e-01
6.174188852310180664e-01
1.000000000000000000e+00
7.338348031044006348e-01
9.996382594108581543e-01
5.503422617912292480e-01
4.972311258316040039e-01
5.887669920921325684e-01
1.000000000000000000e+00
6.046204566955566406e-01
1.000000000000000000e+00
5.834797024726867676e-01
6.534959673881530762e-01
9.911850094795227051e-01
7.373895049095153809e-01
6.407034397125244141e-01
8.856666088104248047e-01
1.000000000000000000e+00
8.572382330894470215e-01
7.044305205345153809e-01
7.182279229164123535e-01
8.974704146385192871e-01
9.868222475051879883e-01
1.000000000000000000e+00
1.000000000000000000e+00
1.000000000000000000e+00
7.731570005416870117e-01
6.364908218383789062e-01
5.997985601425170898e-01
1.000000000000000000e+00
1.000000000000000000e+00
5.970520973205566406e-01
6.652063131332397461e-01
1.000000000000000000e+00
6.908285617828369141e-01
6.119847297668457031e-01
8.939161896705627441e-01
7.668715715408325195e-01
1.000000000000000000e+00
6.933919191360473633e-01
7.006216645240783691e-01
7.590157985687255859e-01
8.403226137161254883e-01
8.639050126075744629e-01
7.716143131256103516e-01
1.000000000000000000e+00
9.898205995559692383e-01
6.499621272087097168e-01
8.001667857170104980e-01
1.000000000000000000e+00
9.999983310699462891e-01
7.350528240203857422e-01
7.897321581840515137e-01
7.332113981246948242e-01
6.637589931488037109e-01
8.705020546913146973e-01
1.000000000000000000e+00
8.750972151756286621e-01
8.103215694427490234e-01
8.104772567749023438e-01
1.000000000000000000e+00
8.524520993232727051e-01
1.000000000000000000e+00
1.000000000000000000e+00
8.226312398910522461e-01
8.342196941375732422e-01
1.000000000000000000e+00
1.000000000000000000e+00
7.075887918472290039e-01
9.991914629936218262e-01
7.169600725173950195e-01
9.979143738746643066e-01
1.000000000000000000e+00
1.000000000000000000e+00
7.790923118591308594e-01
1.000000000000000000e+00
1.000000000000000000e+00
1.000000000000000000e+00
5.909405946731567383e-01
7.596806883811950684e-01
5.915411710739135742e-01
9.549896121025085449e-01
9.128912091255187988e-01
9.998193383216857910e-01
6.399239897727966309e-01
7.533429861068725586e-01
8.421093225479125977e-01
1.000000000000000000e+00
6.330986022949218750e-01
9.997418522834777832e-01
6.357433795928955078e-01
1.000000000000000000e+00
1.000000000000000000e+00
1.000000000000000000e+00
5.228210687637329102e-01
5.211817026138305664e-01
7.238489985466003418e-01
9.324637055397033691e-01
1.000000000000000000e+00
8.608024120330810547e-01
7.404157519340515137e-01
1.000000000000000000e+00
1.000000000000000000e+00
8.495480418205261230e-01
7.353692054748535156e-01
9.979267716407775879e-01
7.117668390274047852e-01
6.241068840026855469e-01
1.000000000000000000e+00
9.993726611137390137e-01
6.168040037155151367e-01
5.500881671905517578e-01
8.406412601470947266e-01
6.479146480560302734e-01
7.283567190170288086e-01
1.000000000000000000e+00
1.000000000000000000e+00
7.430289983749389648e-01
1.000000000000000000e+00
6.605772376060485840e-01
8.819868564605712891e-01
6.546281576156616211e-01
8.819948434829711914e-01
6.519597768783569336e-01
5.985496044158935547e-01
7.921624779701232910e-01
8.180710673332214355e-01
1.000000000000000000e+00
8.953676819801330566e-01
5.934536457061767578e-01
7.064250707626342773e-01
6.050037145614624023e-01
1.000000000000000000e+00
1.000000000000000000e+00
1.000000000000000000e+00
1.000000000000000000e+00
7.989192605018615723e-01
5.319324731826782227e-01
1.000000000000000000e+00
1.000000000000000000e+00
7.803206443786621094e-01
8.692153096199035645e-01
9.014947414398193359e-01
6.861441135406494141e-01
6.707665324211120605e-01
8.715212345123291016e-01
1.000000000000000000e+00
5.459178090095520020e-01
8.259568214416503906e-01
5.994981527328491211e-01
9.047510623931884766e-01
1.000000000000000000e+00
7.186747193336486816e-01
7.022724151611328125e-01
1.000000000000000000e+00
6.815329790115356445e-01
1.000000000000000000e+00
8.171701431274414062e-01
6.072441339492797852e-01
1.000000000000000000e+00
7.494533658027648926e-01
6.987102031707763672e-01
7.007270455360412598e-01
7.281564474105834961e-01
8.637718558311462402e-01
6.461133956909179688e-01
8.655434250831604004e-01
1.000000000000000000e+00
9.306563735008239746e-01
1.000000000000000000e+00
5.136464834213256836e-01
5.871369838714599609e-01
9.456028938293457031e-01
1.000000000000000000e+00
9.017647504806518555e-01
6.634305119514465332e-01
6.362441778182983398e-01
7.465116977691650391e-01
1.000000000000000000e+00
9.995279312133789062e-01
9.997414946556091309e-01
9.969937801361083984e-01
8.149626255035400391e-01
7.524225711822509766e-01
6.258418560028076172e-01
1.000000000000000000e+00
8.077944517135620117e-01
7.965962886810302734e-01
1.000000000000000000e+00
5.587199926376342773e-01
6.838601231575012207e-01
8.153508901596069336e-01
9.233756661415100098e-01
7.534058094024658203e-01
9.999783039093017578e-01
6.514755487442016602e-01
8.187670707702636719e-01
1.000000000000000000e+00
9.996795654296875000e-01
1.000000000000000000e+00
9.999269247055053711e-01
1.000000000000000000e+00
5.629456043243408203e-01
8.859012126922607422e-01
6.978701353073120117e-01
9.865911602973937988e-01
1.000000000000000000e+00
1.000000000000000000e+00
7.581956386566162109e-01
9.431910514831542969e-01
7.856448292732238770e-01
7.426975965499877930e-01
5.209773778915405273e-01
8.565505743026733398e-01
1.000000000000000000e+00
4.921624660491943359e-01
7.117128372192382812e-01
5.655885934829711914e-01
1.000000000000000000e+00
1.000000000000000000e+00
9.837333559989929199e-01
7.826901078224182129e-01
9.005519151687622070e-01
1.000000000000000000e+00
6.273001432418823242e-01
6.138309836387634277e-01
6.363224983215332031e-01
5.931162834167480469e-01
9.061161279678344727e-01
1.000000000000000000e+00
9.149318933486938477e-01
1.000000000000000000e+00
6.202287673950195312e-01
7.012747526168823242e-01
9.999213218688964844e-01
9.230787158012390137e-01
8.503504395484924316e-01
1.000000000000000000e+00
5.997990369796752930e-01
1.000000000000000000e+00
1.000000000000000000e+00
5.881894826889038086e-01
5.137490034103393555e-01
1.000000000000000000e+00
1.000000000000000000e+00
6.122131347656250000e-01
1.000000000000000000e+00
9.506133794784545898e-01
1.000000000000000000e+00
1.000000000000000000e+00
9.492291808128356934e-01
6.450631022453308105e-01
5.129477381706237793e-01
6.270532011985778809e-01
5.586872696876525879e-01
8.692269325256347656e-01
1.000000000000000000e+00
1.000000000000000000e+00
6.077954769134521484e-01
9.896238446235656738e-01
8.424437046051025391e-01
7.255305051803588867e-01
8.785666227340698242e-01
7.925291061401367188e-01
9.999614357948303223e-01
7.516149878501892090e-01
7.454105615615844727e-01
9.949857592582702637e-01
6.807571649551391602e-01
6.681668162345886230e-01
7.367509603500366211e-01
8.398398160934448242e-01
9.151895642280578613e-01
9.548353552818298340e-01
1.000000000000000000e+00
1.000000000000000000e+00
6.794638633728027344e-01
1.000000000000000000e+00
1.000000000000000000e+00
5.631867051124572754e-01
1.000000000000000000e+00
1.000000000000000000e+00
9.999988675117492676e-01
9.997557997703552246e-01
9.300739169120788574e-01
6.930766701698303223e-01
1.000000000000000000e+00
5.284957885742187500e-01
6.853265762329101562e-01
5.253769755363464355e-01
7.288669347763061523e-01
6.032059192657470703e-01
1.000000000000000000e+00
5.843061208724975586e-01
6.897573471069335938e-01
9.502233266830444336e-01
8.328078985214233398e-01
9.440946578979492188e-01
9.279718995094299316e-01
7.285199165344238281e-01
1.000000000000000000e+00
5.920872688293457031e-01
5.787578225135803223e-01
8.412860631942749023e-01
7.021534442901611328e-01
1.000000000000000000e+00
6.270889639854431152e-01
9.989821314811706543e-01
9.999158382415771484e-01
5.328018665313720703e-01
1.000000000000000000e+00
5.513899326324462891e-01
1.000000000000000000e+00
6.853502988815307617e-01
9.999224543571472168e-01
7.541770339012145996e-01
1.000000000000000000e+00
7.198039889335632324e-01
1.000000000000000000e+00
5.515384674072265625e-01
7.104432582855224609e-01
7.503588199615478516e-01
1.000000000000000000e+00
7.708450555801391602e-01
5.429170131683349609e-01
5.924786925315856934e-01
1.000000000000000000e+00
7.566394209861755371e-01
8.589815497398376465e-01
7.410455942153930664e-01
7.090350389480590820e-01
1.000000000000000000e+00
1.000000000000000000e+00
1.000000000000000000e+00
1.000000000000000000e+00
7.425616979598999023e-01
9.997785687446594238e-01
9.319201111793518066e-01
8.072935342788696289e-01
6.616599559783935547e-01
6.840780377388000488e-01
7.702530622482299805e-01
9.195878505706787109e-01
6.535586714744567871e-01
7.114567160606384277e-01
8.763527870178222656e-01
9.999513030052185059e-01
1.000000000000000000e+00
6.527620553970336914e-01
8.304209709167480469e-01
1.000000000000000000e+00
9.869170784950256348e-01
8.262752294540405273e-01
9.128025174140930176e-01
9.202015995979309082e-01
6.861499547958374023e-01
8.060255646705627441e-01
9.791339039802551270e-01
7.321888208389282227e-01
5.947456359863281250e-01
1.000000000000000000e+00
1.000000000000000000e+00
7.807958722114562988e-01
9.247493147850036621e-01
7.687333822250366211e-01
5.904338359832763672e-01
5.837374925613403320e-01
1.000000000000000000e+00
9.502040743827819824e-01
5.865623950958251953e-01
7.738672494888305664e-01
9.998027086257934570e-01
1.000000000000000000e+00
1.000000000000000000e+00
1.000000000000000000e+00
7.347808480262756348e-01
6.845986843109130859e-01
6.161948442459106445e-01
9.280770421028137207e-01
5.879779458045959473e-01
7.185914516448974609e-01
1.000000000000000000e+00
1.000000000000000000e+00
6.895845532417297363e-01
9.995945096015930176e-01
7.087456583976745605e-01
9.999607801437377930e-01
8.360921144485473633e-01
1.000000000000000000e+00
9.999362826347351074e-01
6.746066808700561523e-01
9.143091440200805664e-01
9.422174692153930664e-01
9.618136882781982422e-01
9.908955097198486328e-01
8.312140107154846191e-01
7.135443687438964844e-01
8.879337310791015625e-01
1.000000000000000000e+00
9.845548272132873535e-01
1.000000000000000000e+00
5.756092071533203125e-01
8.696116805076599121e-01
1.000000000000000000e+00
6.357825398445129395e-01
6.851995587348937988e-01
9.999972581863403320e-01
6.040105819702148438e-01
5.272544622421264648e-01
6.074407100677490234e-01
1.000000000000000000e+00
9.999998211860656738e-01
1.000000000000000000e+00
5.791395306587219238e-01
6.229490041732788086e-01
5.031064748764038086e-01
1.000000000000000000e+00
9.805833101272583008e-01
7.194007635116577148e-01
5.371602177619934082e-01
7.693544030189514160e-01
1.000000000000000000e+00
5.770536065101623535e-01
7.006168961524963379e-01
9.416102170944213867e-01
8.914420604705810547e-01
1.000000000000000000e+00
6.319800615310668945e-01
6.144441366195678711e-01
7.443192005157470703e-01
7.418432235717773438e-01
8.598844408988952637e-01
9.388144016265869141e-01
9.998165369033813477e-01
7.163213491439819336e-01
7.822118997573852539e-01
1.000000000000000000e+00
7.005761265754699707e-01
1.000000000000000000e+00
6.952308416366577148e-01
9.982177019119262695e-01
8.860608339309692383e-01
7.720221877098083496e-01
8.177100419998168945e-01
1.000000000000000000e+00
7.780655026435852051e-01
9.865515232086181641e-01
1.000000000000000000e+00
1.000000000000000000e+00
7.538620233535766602e-01
7.935932874679565430e-01
8.136006593704223633e-01
1.000000000000000000e+00
7.397707700729370117e-01
7.707664370536804199e-01
1.000000000000000000e+00
1.000000000000000000e+00
9.145572185516357422e-01
6.021633148193359375e-01
1.000000000000000000e+00
6.029194593429565430e-01
5.573405027389526367e-01
1.000000000000000000e+00
9.430844783782958984e-01
9.967929124832153320e-01
6.676357984542846680e-01
6.124219894409179688e-01
5.285465717315673828e-01
1.000000000000000000e+00
6.512379050254821777e-01
8.001146316528320312e-01
9.105686545372009277e-01
6.226748228073120117e-01
9.260945916175842285e-01
1.000000000000000000e+00
1.000000000000000000e+00
9.996201992034912109e-01
8.435144424438476562e-01
6.888886094093322754e-01
7.525071501731872559e-01
7.428758740425109863e-01
6.373787522315979004e-01
6.106795072555541992e-01
1.000000000000000000e+00
1.000000000000000000e+00
1.000000000000000000e+00
7.444145679473876953e-01
6.554589271545410156e-01
7.180259227752685547e-01
6.757903099060058594e-01
9.138965606689453125e-01
8.967849016189575195e-01
1.000000000000000000e+00
7.471941113471984863e-01
1.000000000000000000e+00
1.000000000000000000e+00
5.198758244514465332e-01
1.000000000000000000e+00
4.762111902236938477e-01
8.256443738937377930e-01
6.588113307952880859e-01
9.997661709785461426e-01
5.962564945220947266e-01
6.869989037513732910e-01
7.207773923873901367e-01
9.997792840003967285e-01
7.286418676376342773e-01
1.000000000000000000e+00
9.999970197677612305e-01
4.643819332122802734e-01
1.000000000000000000e+00
8.218966722488403320e-01
5.920846462249755859e-01
5.934930443763732910e-01
1.000000000000000000e+00
9.556729793548583984e-01
9.128032922744750977e-01
5.908181667327880859e-01
1.000000000000000000e+00
9.999869465827941895e-01
7.268551588058471680e-01
1.000000000000000000e+00
1.000000000000000000e+00
7.311728596687316895e-01
6.047781705856323242e-01
7.070838212966918945e-01
1.000000000000000000e+00
5.767926573753356934e-01
1.000000000000000000e+00
9.231343269348144531e-01
1.000000000000000000e+00
1.000000000000000000e+00
6.651133298873901367e-01
1.000000000000000000e+00
1.000000000000000000e+00
1.000000000000000000e+00
6.942156553268432617e-01
9.011552929878234863e-01
1.000000000000000000e+00
7.583478689193725586e-01
9.999991655349731445e-01
9.271941184997558594e-01
1.000000000000000000e+00
7.518380284309387207e-01
1.000000000000000000e+00
7.240944504737854004e-01
5.621831417083740234e-01
7.168393135070800781e-01
1.000000000000000000e+00
1.000000000000000000e+00
9.094345569610595703e-01
7.358857393264770508e-01
7.873255014419555664e-01
9.999995231628417969e-01
7.323416471481323242e-01
1.000000000000000000e+00
1.000000000000000000e+00
4.857559204101562500e-01
1.000000000000000000e+00
9.331949949264526367e-01
1.000000000000000000e+00
6.932865381240844727e-01
1.000000000000000000e+00
9.998941421508789062e-01
5.960292816162109375e-01
9.978277087211608887e-01
9.928549528121948242e-01
1.000000000000000000e+00
6.629670858383178711e-01
6.148478388786315918e-01
1.000000000000000000e+00
1.000000000000000000e+00
8.703619241714477539e-01
9.998272061347961426e-01
9.999795556068420410e-01
8.862013816833496094e-01
7.866452932357788086e-01
5.309172868728637695e-01
9.994948506355285645e-01
7.413927316665649414e-01
8.385234475135803223e-01
5.234498977661132812e-01
7.671819329261779785e-01
7.105399966239929199e-01
9.979226589202880859e-01
5.418652892112731934e-01
1.000000000000000000e+00
8.626122474670410156e-01
1.000000000000000000e+00
8.256596326828002930e-01
7.362969517707824707e-01
8.536010980606079102e-01
7.115876674652099609e-01
6.633452177047729492e-01
1.000000000000000000e+00
6.873002052307128906e-01
1.000000000000000000e+00
9.222519397735595703e-01
5.859885215759277344e-01
9.867697358131408691e-01
7.773558497428894043e-01
1.000000000000000000e+00
1.000000000000000000e+00
6.977548599243164062e-01
6.392104625701904297e-01
9.985992908477783203e-01
6.214665174484252930e-01
9.117931127548217773e-01
3.985326290130615234e-01
1.000000000000000000e+00
1.000000000000000000e+00
6.673251390457153320e-01
1.000000000000000000e+00
9.999908208847045898e-01
7.819775342941284180e-01
7.160097360610961914e-01
1.000000000000000000e+00
7.115074396133422852e-01
1.000000000000000000e+00
1.000000000000000000e+00
1.000000000000000000e+00
5.995479226112365723e-01
5.620966553688049316e-01
6.450951099395751953e-01
9.980274438858032227e-01
9.997827410697937012e-01
1.000000000000000000e+00
7.649587988853454590e-01
6.412525177001953125e-01
1.000000000000000000e+00
5.829457640647888184e-01
6.373207569122314453e-01
8.270933628082275391e-01
1.000000000000000000e+00
7.111010551452636719e-01
8.959319591522216797e-01
8.925045728683471680e-01
7.626581192016601562e-01
1.000000000000000000e+00
5.923553705215454102e-01
9.419630169868469238e-01
1.000000000000000000e+00
5.176718235015869141e-01
1.000000000000000000e+00
5.166856050491333008e-01
1.000000000000000000e+00
5.395473241806030273e-01
5.450426936149597168e-01
9.422360658645629883e-01
1.000000000000000000e+00
9.323604106903076172e-01
9.999963045120239258e-01
6.126621365547180176e-01
5.420670509338378906e-01
6.469091176986694336e-01
1.000000000000000000e+00
5.346610546112060547e-01
5.790911316871643066e-01
1.000000000000000000e+00
8.907303810119628906e-01
7.863608598709106445e-01
6.202445626258850098e-01
9.572184681892395020e-01
1.000000000000000000e+00
6.986183524131774902e-01
6.099221706390380859e-01
1.000000000000000000e+00
9.999746084213256836e-01
1.000000000000000000e+00
1.000000000000000000e+00
5.428448319435119629e-01
6.893523931503295898e-01
1.000000000000000000e+00
7.365812063217163086e-01
8.173532485961914062e-01
1.000000000000000000e+00
7.322261333465576172e-01
1.000000000000000000e+00
7.075610160827636719e-01
8.211942315101623535e-01
5.649600028991699219e-01
5.143221616744995117e-01
8.000031113624572754e-01
1.000000000000000000e+00
9.301839470863342285e-01
7.591333389282226562e-01
9.999222755432128906e-01
1.000000000000000000e+00
9.998988509178161621e-01
8.999854326248168945e-01
9.596474170684814453e-01
5.779201984405517578e-01
6.967908143997192383e-01
6.822146177291870117e-01
6.880602836608886719e-01
6.387810707092285156e-01
6.672162413597106934e-01
1.000000000000000000e+00
6.948648691177368164e-01
7.862887978553771973e-01
9.047164916992187500e-01
9.987578988075256348e-01
1.000000000000000000e+00
7.313191294670104980e-01
6.768583059310913086e-01
1.000000000000000000e+00
6.523334980010986328e-01
8.464379310607910156e-01
9.056833982467651367e-01
6.238365173339843750e-01
9.183155298233032227e-01
6.047720909118652344e-01
9.997730851173400879e-01
1.000000000000000000e+00
9.988878965377807617e-01
9.996209740638732910e-01
5.905013084411621094e-01
5.998733639717102051e-01
7.570421695709228516e-01
7.408920526504516602e-01
9.676608443260192871e-01
6.826831102371215820e-01
9.999756813049316406e-01
7.304379940032958984e-01
1.000000000000000000e+00
6.192624568939208984e-01
6.406737565994262695e-01
1.000000000000000000e+00
7.196935415267944336e-01
9.924752116203308105e-01
7.229413986206054688e-01
5.721200704574584961e-01
7.630771398544311523e-01
6.750558018684387207e-01
9.890584349632263184e-01
7.415639162063598633e-01
7.257450819015502930e-01
7.536345124244689941e-01
7.069191932678222656e-01
9.999998807907104492e-01
8.433997631072998047e-01
1.000000000000000000e+00
5.701076984405517578e-01
7.848480939865112305e-01
9.162611961364746094e-01
6.881122589111328125e-01
5.534098148345947266e-01
9.997379183769226074e-01
1.000000000000000000e+00
6.812791824340820312e-01
6.385139226913452148e-01
6.016802787780761719e-01
7.786195874214172363e-01
7.374780178070068359e-01
1.000000000000000000e+00
9.537373781204223633e-01
1.000000000000000000e+00
1.000000000000000000e+00
7.771254181861877441e-01
9.992862343788146973e-01
1.000000000000000000e+00
7.048087120056152344e-01
9.935029745101928711e-01
9.413311481475830078e-01
7.370744347572326660e-01
1.000000000000000000e+00
1.000000000000000000e+00
1.000000000000000000e+00
7.389578819274902344e-01
9.996973276138305664e-01
6.786087751388549805e-01
1.000000000000000000e+00
7.148275971412658691e-01
1.000000000000000000e+00
7.930809259414672852e-01
8.384358882904052734e-01
9.998859763145446777e-01
9.983009099960327148e-01
8.461015224456787109e-01
1.000000000000000000e+00
6.152240633964538574e-01
8.169800639152526855e-01
6.741117835044860840e-01
6.814552545547485352e-01
8.056491613388061523e-01
6.622837781906127930e-01
6.858522295951843262e-01
6.259171962738037109e-01
6.565813422203063965e-01
1.000000000000000000e+00
8.017468452453613281e-01
6.063072681427001953e-01
1.000000000000000000e+00
7.656350731849670410e-01
9.478298425674438477e-01
7.050241231918334961e-01
1.000000000000000000e+00
7.655046582221984863e-01
1.000000000000000000e+00
5.744556188583374023e-01
1.000000000000000000e+00
7.896013855934143066e-01
5.573368072509765625e-01
1.000000000000000000e+00
7.198597192764282227e-01
8.048607707023620605e-01
1.000000000000000000e+00
1.000000000000000000e+00
6.336369514465332031e-01
8.878221511840820312e-01
9.032678604125976562e-01
8.497679233551025391e-01
8.924576640129089355e-01
9.177349805831909180e-01
1.000000000000000000e+00
5.956565141677856445e-01
9.999993443489074707e-01
8.666050434112548828e-01
9.999945759773254395e-01
6.250803470611572266e-01
1.000000000000000000e+00
1.000000000000000000e+00
7.558901906013488770e-01
1.000000000000000000e+00
8.466809391975402832e-01
8.626075387001037598e-01
8.397531509399414062e-01
1.000000000000000000e+00
6.672827005386352539e-01
6.193926930427551270e-01
6.870077252388000488e-01
5.240283012390136719e-01
5.184571146965026855e-01
1.000000000000000000e+00
9.608376026153564453e-01
1.000000000000000000e+00
1.000000000000000000e+00
1.000000000000000000e+00
8.306382894515991211e-01
6.535567045211791992e-01
1.000000000000000000e+00
1.000000000000000000e+00
1.000000000000000000e+00
5.581904649734497070e-01
1.000000000000000000e+00
1.000000000000000000e+00
8.856967687606811523e-01
6.153151988983154297e-01
6.467921733856201172e-01
1.000000000000000000e+00
5.111663341522216797e-01
8.192293643951416016e-01
9.407750964164733887e-01
5.661273598670959473e-01
8.109470605850219727e-01
5.915392637252807617e-01
1.000000000000000000e+00
1.000000000000000000e+00
8.861720561981201172e-01
1.000000000000000000e+00
9.993324875831604004e-01
1.000000000000000000e+00
8.236936926841735840e-01
1.000000000000000000e+00
1.000000000000000000e+00
7.857578992843627930e-01
7.968574166297912598e-01
1.000000000000000000e+00
5.960370898246765137e-01
1.000000000000000000e+00
1.000000000000000000e+00
9.953874349594116211e-01
7.846063971519470215e-01
6.450988054275512695e-01
6.608829498291015625e-01
7.481997013092041016e-01
1.000000000000000000e+00
5.290101766586303711e-01
8.054166436195373535e-01
7.339993715286254883e-01
7.639774084091186523e-01
7.313224673271179199e-01
5.912196636199951172e-01
5.590103864669799805e-01
8.356525897979736328e-01
1.000000000000000000e+00
1.000000000000000000e+00
6.636373996734619141e-01
1.000000000000000000e+00
7.018103599548339844e-01
5.711456537246704102e-01
1.000000000000000000e+00
9.998952746391296387e-01
9.955632090568542480e-01
8.136563301086425781e-01
9.999681115150451660e-01
9.999372363090515137e-01
7.725670933723449707e-01
5.491514205932617188e-01
1.000000000000000000e+00
5.496721267700195312e-01
6.685073375701904297e-01
1.000000000000000000e+00
6.647886037826538086e-01
6.737977266311645508e-01
1.000000000000000000e+00
1.000000000000000000e+00
1.000000000000000000e+00
5.070863962173461914e-01
5.281794667243957520e-01
7.617549300193786621e-01
8.515669107437133789e-01
5.720657706260681152e-01
9.990919232368469238e-01
8.015100955963134766e-01
6.032546758651733398e-01
5.789694786071777344e-01
1.000000000000000000e+00
1.000000000000000000e+00
1.000000000000000000e+00
6.940373778343200684e-01
1.000000000000000000e+00
9.251900315284729004e-01
9.199849963188171387e-01
5.923023223876953125e-01
6.908700466156005859e-01
7.955392599105834961e-01
1.000000000000000000e+00
8.538026213645935059e-01
9.158735871315002441e-01
5.592314600944519043e-01
7.254613637924194336e-01
7.869091629981994629e-01
1.000000000000000000e+00
5.850504636764526367e-01
1.000000000000000000e+00
1.000000000000000000e+00
6.887117028236389160e-01
5.843449831008911133e-01
6.095927953720092773e-01
1.000000000000000000e+00
1.000000000000000000e+00
9.961956739425659180e-01
6.102753281593322754e-01
6.415607929229736328e-01
1.000000000000000000e+00
7.093863487243652344e-01
8.153023719787597656e-01
1.000000000000000000e+00
8.800461292266845703e-01
8.889924287796020508e-01
7.070676088333129883e-01
9.997413754463195801e-01
9.659482240676879883e-01
9.990838766098022461e-01
1.000000000000000000e+00
8.070328235626220703e-01
7.291341423988342285e-01
6.179460287094116211e-01
1.000000000000000000e+00
9.987087249755859375e-01
6.066328287124633789e-01
1.000000000000000000e+00
1.000000000000000000e+00
9.994488358497619629e-01
7.254531383514404297e-01
9.886322617530822754e-01
8.815353512763977051e-01
7.642106413841247559e-01
9.784273505210876465e-01
8.094373941421508789e-01
6.901378035545349121e-01
6.287783384323120117e-01
6.880139112472534180e-01
5.405074357986450195e-01
8.737151622772216797e-01
9.998922348022460938e-01
1.000000000000000000e+00
7.150909900665283203e-01
1.000000000000000000e+00
1.000000000000000000e+00
7.642278671264648438e-01
1.000000000000000000e+00
8.048470616340637207e-01
1.000000000000000000e+00
7.701568603515625000e-01
1.000000000000000000e+00
9.212526679039001465e-01
7.631570100784301758e-01
8.714296221733093262e-01
1.000000000000000000e+00
7.722012996673583984e-01
6.179035305976867676e-01
9.023598432540893555e-01
7.341870069503784180e-01
9.966204762458801270e-01
7.997317314147949219e-01
1.000000000000000000e+00
5.755571722984313965e-01
6.735736727714538574e-01
5.766782760620117188e-01
1.000000000000000000e+00
5.695414543151855469e-01
1.000000000000000000e+00
8.495717048645019531e-01
7.226368188858032227e-01
6.863426566123962402e-01
1.000000000000000000e+00
9.999929070472717285e-01
9.012795686721801758e-01
9.984818100929260254e-01
1.000000000000000000e+00
1.000000000000000000e+00
6.254745721817016602e-01
1.000000000000000000e+00
7.912515997886657715e-01
6.358582377433776855e-01
7.301281094551086426e-01
1.000000000000000000e+00
6.579121947288513184e-01
7.542155385017395020e-01
6.491337418556213379e-01
1.000000000000000000e+00
8.022475242614746094e-01
6.254389882087707520e-01
1.000000000000000000e+00
8.072938919067382812e-01
9.159379005432128906e-01
9.520548582077026367e-01
1.000000000000000000e+00
7.400884628295898438e-01
5.862712860107421875e-01
1.000000000000000000e+00
8.706021904945373535e-01
9.459229707717895508e-01
1.000000000000000000e+00
7.141573429107666016e-01
1.000000000000000000e+00
8.084998130798339844e-01
1.000000000000000000e+00
7.643431425094604492e-01
6.722728610038757324e-01
1.000000000000000000e+00
7.452360391616821289e-01
7.915887236595153809e-01
1.000000000000000000e+00
6.371040344238281250e-01
7.760724425315856934e-01
5.736432671546936035e-01
6.729907393455505371e-01
7.880392074584960938e-01
1.000000000000000000e+00
5.921934843063354492e-01
1.000000000000000000e+00
6.511856317520141602e-01
6.971633434295654297e-01
8.674580454826354980e-01
1.000000000000000000e+00
5.888966917991638184e-01
9.999744296073913574e-01
6.218109130859375000e-01
1.000000000000000000e+00
5.397704243659973145e-01
7.681047320365905762e-01
5.870000123977661133e-01
6.493412256240844727e-01
7.788502573966979980e-01
1.000000000000000000e+00
9.711645245552062988e-01
1.000000000000000000e+00
7.777333855628967285e-01
8.590810298919677734e-01
1.000000000000000000e+00
1.000000000000000000e+00
7.120741009712219238e-01
1.000000000000000000e+00
1.000000000000000000e+00
7.717248201370239258e-01
9.853344559669494629e-01
9.082553386688232422e-01
6.385738849639892578e-01
9.975219964981079102e-01
5.804438591003417969e-01
1.000000000000000000e+00
1.000000000000000000e+00
7.353048324584960938e-01
9.351431131362915039e-01
1.000000000000000000e+00
5.472177267074584961e-01
6.725784540176391602e-01
9.944691658020019531e-01
1.000000000000000000e+00
6.400874257087707520e-01
1.000000000000000000e+00
1.000000000000000000e+00
5.574471354484558105e-01
1.000000000000000000e+00
9.728047251701354980e-01
6.968249082565307617e-01
8.515987396240234375e-01
1.000000000000000000e+00
9.999794960021972656e-01
9.999454021453857422e-01
6.962589025497436523e-01
7.521045207977294922e-01
5.899704694747924805e-01
6.053079366683959961e-01
7.262636423110961914e-01
1.000000000000000000e+00
8.479624986648559570e-01
1.000000000000000000e+00
5.471998453140258789e-01
8.440387248992919922e-01
7.409449815750122070e-01
8.448819518089294434e-01
7.187258005142211914e-01
9.999842643737792969e-01
1.000000000000000000e+00
5.163204669952392578e-01
8.492261171340942383e-01
7.218318581581115723e-01
9.982075095176696777e-01
8.074140548706054688e-01
7.929280400276184082e-01
7.611742615699768066e-01
7.641591429710388184e-01
1.000000000000000000e+00
9.993618726730346680e-01
9.998998641967773438e-01
7.138649225234985352e-01
6.268150210380554199e-01
1.000000000000000000e+00
7.086466550827026367e-01
7.312364578247070312e-01
7.390851974487304688e-01
6.460361480712890625e-01
6.971352696418762207e-01
5.488988161087036133e-01
8.964154720306396484e-01
7.788870334625244141e-01
7.848502397537231445e-01
7.796125411987304688e-01
6.395010948181152344e-01
8.685580492019653320e-01
7.619074583053588867e-01
1.000000000000000000e+00
6.746930480003356934e-01
6.106718778610229492e-01
9.999600648880004883e-01
6.643494367599487305e-01
9.042866826057434082e-01
8.017048835754394531e-01
6.998536586761474609e-01
5.435634851455688477e-01
8.122299909591674805e-01
6.989794373512268066e-01
8.390107750892639160e-01
7.734462022781372070e-01
9.879329800605773926e-01
5.656359791755676270e-01
9.999029040336608887e-01
8.741843700408935547e-01
8.189175724983215332e-01
7.547692060470581055e-01
1.000000000000000000e+00
1.000000000000000000e+00
7.350734472274780273e-01
5.706720948219299316e-01
8.866409063339233398e-01
7.256207466125488281e-01
7.699053287506103516e-01
9.998272061347961426e-01
7.931915521621704102e-01
6.556774377822875977e-01
6.845532059669494629e-01
7.699834704399108887e-01
5.498273372650146484e-01
7.296524047851562500e-01
1.000000000000000000e+00
1.000000000000000000e+00
7.479575276374816895e-01
5.971876382827758789e-01
8.014950156211853027e-01
9.997131228446960449e-01
1.000000000000000000e+00
7.263142466545104980e-01
5.669072866439819336e-01
7.432845830917358398e-01
5.333599448204040527e-01
9.999768137931823730e-01
9.204597473144531250e-01
1.000000000000000000e+00
1.000000000000000000e+00
1.000000000000000000e+00
1.000000000000000000e+00
7.130868434906005859e-01
1.000000000000000000e+00
6.917050480842590332e-01
1.000000000000000000e+00
8.834536075592041016e-01
9.999761581420898438e-01
9.378237724304199219e-01
1.000000000000000000e+00
7.851781845092773438e-01
8.046268224716186523e-01
9.271396398544311523e-01
8.815449476242065430e-01
1.000000000000000000e+00
1.000000000000000000e+00
6.943153142929077148e-01
1.000000000000000000e+00
8.243125677108764648e-01
8.098036050796508789e-01
1.000000000000000000e+00
1.000000000000000000e+00
1.000000000000000000e+00
1.000000000000000000e+00
1.000000000000000000e+00
1.000000000000000000e+00
7.345085144042968750e-01
8.701638579368591309e-01
7.434836626052856445e-01
1.000000000000000000e+00
5.734175443649291992e-01
9.949488639831542969e-01
9.999848008155822754e-01
8.009098768234252930e-01
7.492053508758544922e-01
9.999954104423522949e-01
9.994380474090576172e-01
5.514310002326965332e-01
7.124748229980468750e-01
1.000000000000000000e+00
1.000000000000000000e+00
1.000000000000000000e+00
1.000000000000000000e+00
6.227151155471801758e-01
5.693292617797851562e-01
5.900846719741821289e-01
5.641137957572937012e-01
7.974944114685058594e-01
6.645789146423339844e-01
7.070229053497314453e-01
7.621346712112426758e-01
8.522986769676208496e-01
4.899925589561462402e-01
1.000000000000000000e+00
1.000000000000000000e+00
6.386473178863525391e-01
9.989646077156066895e-01
8.233440518379211426e-01
6.330780982971191406e-01
6.868793964385986328e-01
7.182443737983703613e-01
6.501164436340332031e-01
5.578759312629699707e-01
6.857008934020996094e-01
1.000000000000000000e+00
8.651820421218872070e-01
5.594172477722167969e-01
6.185660362243652344e-01
8.069861531257629395e-01
1.000000000000000000e+00
1.000000000000000000e+00
1.000000000000000000e+00
9.991939067840576172e-01
9.065083265304565430e-01
5.566836595535278320e-01
9.149575829505920410e-01
9.252550005912780762e-01
6.869106292724609375e-01
7.612031698226928711e-01
7.280851602554321289e-01
1.000000000000000000e+00
6.357680559158325195e-01
4.890530705451965332e-01
7.158245444297790527e-01
7.726960182189941406e-01
7.887899875640869141e-01
6.003245115280151367e-01
8.948883414268493652e-01
9.224476814270019531e-01
6.984370946884155273e-01
1.000000000000000000e+00
8.833559155464172363e-01
7.957940101623535156e-01
1.000000000000000000e+00
4.953142404556274414e-01
1.000000000000000000e+00
1.000000000000000000e+00
9.956628680229187012e-01
1.000000000000000000e+00
1.000000000000000000e+00
8.744173645973205566e-01
1.000000000000000000e+00
6.831020712852478027e-01
1.000000000000000000e+00
7.116686105728149414e-01
5.380777120590209961e-01
9.600265026092529297e-01
6.331744790077209473e-01
8.001819252967834473e-01
1.000000000000000000e+00
1.000000000000000000e+00
6.987879276275634766e-01
5.424917936325073242e-01
1.000000000000000000e+00
9.350271224975585938e-01
1.000000000000000000e+00
5.457470417022705078e-01
6.241737604141235352e-01
8.918314576148986816e-01
1.000000000000000000e+00
6.176164150238037109e-01
7.403117418289184570e-01
9.953432679176330566e-01
8.141772747039794922e-01
7.355010509490966797e-01
7.597203254699707031e-01
8.186906576156616211e-01
1.000000000000000000e+00
7.559892535209655762e-01
1.000000000000000000e+00
7.098920345306396484e-01
6.941485404968261719e-01
9.975223541259765625e-01
6.287540197372436523e-01
6.962562799453735352e-01
7.135338783264160156e-01
7.599393129348754883e-01
1.000000000000000000e+00
1.000000000000000000e+00
9.966892004013061523e-01
5.901067852973937988e-01
5.150938034057617188e-01
1.000000000000000000e+00
5.955344438552856445e-01
7.374511361122131348e-01
8.797610998153686523e-01
9.997745156288146973e-01
5.376361608505249023e-01
1.000000000000000000e+00
5.420498847961425781e-01
1.000000000000000000e+00
6.935229897499084473e-01
6.405819654464721680e-01
1.000000000000000000e+00
6.823230385780334473e-01
7.723288536071777344e-01
9.322833418846130371e-01
6.923307776451110840e-01
8.020756244659423828e-01
6.830151677131652832e-01
6.529532670974731445e-01
1.000000000000000000e+00
8.597218990325927734e-01
6.694924831390380859e-01
6.395251750946044922e-01
1.000000000000000000e+00
4.929950237274169922e-01
6.968039274215698242e-01
1.000000000000000000e+00
1.000000000000000000e+00
9.998461008071899414e-01
8.226926922798156738e-01
8.227164745330810547e-01
8.215903043746948242e-01
1.000000000000000000e+00
8.680710196495056152e-01
6.764204502105712891e-01
1.000000000000000000e+00
1.000000000000000000e+00
1.000000000000000000e+00
7.150640487670898438e-01
7.327442765235900879e-01
9.999999403953552246e-01
7.160966396331787109e-01
5.433245897293090820e-01
9.989900588989257812e-01
1.000000000000000000e+00
