9.491409659385681152e-01
9.998155832290649414e-01
1.000000000000000000e+00
1.000000000000000000e+00
1.000000000000000000e+00
1.000000000000000000e+00
1.000000000000000000e+00
1.000000000000000000e+00
1.000000000000000000e+00
9.999508261680603027e-01
9.998374581336975098e-01
9.997771382331848145e-01
9.997757077217102051e-01
1.000000000000000000e+00
9.995577335357666016e-01
1.000000000000000000e+00
9.998247623443603516e-01
1.000000000000000000e+00
9.999501109123229980e-01
9.999982714653015137e-01
9.997093081474304199e-01
1.000000000000000000e+00
9.999796152114868164e-01
1.000000000000000000e+00
1.000000000000000000e+00
9.999746680259704590e-01
1.000000000000000000e+00
1.000000000000000000e+00
9.999865889549255371e-01
1.000000000000000000e+00
9.998770356178283691e-01
9.995911717414855957e-01
1.000000000000000000e+00
1.000000000000000000e+00
9.999739527702331543e-01
9.997398853302001953e-01
9.999861717224121094e-01
1.000000000000000000e+00
9.998179078102111816e-01
9.998960494995117188e-01
9.999990463256835938e-01
1.000000000000000000e+00
9.992941617965698242e-01
1.000000000000000000e+00
9.999817013740539551e-01
1.000000000000000000e+00
1.000000000000000000e+00
9.994652271270751953e-01
1.000000000000000000e+00
9.999026060104370117e-01
9.999571442604064941e-01
9.999018907546997070e-01
1.000000000000000000e+00
1.000000000000000000e+00
9.999634027481079102e-01
9.997408986091613770e-01
9.994697570800781250e-01
9.998900294303894043e-01
9.999405145645141602e-01
1.000000000000000000e+00
1.000000000000000000e+00
1.000000000000000000e+00
1.000000000000000000e+00
9.995155334472656250e-01
1.000000000000000000e+00
9.992805719375610352e-01
9.976983666419982910e-01
1.000000000000000000e+00
1.000000000000000000e+00
9.993891716003417969e-01
9.678935408592224121e-01
9.654047489166259766e-01
9.912878870964050293e-01
1.000000000000000000e+00
1.000000000000000000e+00
9.994524717330932617e-01
9.809136390686035156e-01
9.919146299362182617e-01
1.000000000000000000e+00
1.000000000000000000e+00
9.870994091033935547e-01
1.000000000000000000e+00
9.877904653549194336e-01
9.798623323440551758e-01
9.998856782913208008e-01
9.856768846511840820e-01
9.824191927909851074e-01
1.000000000000000000e+00
9.906729459762573242e-01
9.140951633453369141e-01
1.000000000000000000e+00
9.930865168571472168e-01
9.319561123847961426e-01
1.000000000000000000e+00
9.698836207389831543e-01
9.838140606880187988e-01
9.765166044235229492e-01
1.000000000000000000e+00
1.000000000000000000e+00
9.811249375343322754e-01
1.000000000000000000e+00
8.621368408203125000e-01
8.980979323387145996e-01
9.565761685371398926e-01
1.000000000000000000e+00
8.626124262809753418e-01
8.916701674461364746e-01
8.739743232727050781e-01
9.673125743865966797e-01
8.870381116867065430e-01
8.953924775123596191e-01
9.430953264236450195e-01
9.999824762344360352e-01
1.000000000000000000e+00
9.518956542015075684e-01
1.000000000000000000e+00
1.000000000000000000e+00
1.000000000000000000e+00
9.579139947891235352e-01
8.863912820816040039e-01
1.000000000000000000e+00
9.061819314956665039e-01
9.112554788589477539e-01
1.000000000000000000e+00
8.767495751380920410e-01
8.666033148765563965e-01
9.731062054634094238e-01
1.000000000000000000e+00
8.477789759635925293e-01
1.000000000000000000e+00
9.968850016593933105e-01
9.294812679290771484e-01
9.174289107322692871e-01
9.731293916702270508e-01
1.000000000000000000e+00
8.908475637435913086e-01
7.953206896781921387e-01
1.000000000000000000e+00
1.000000000000000000e+00
1.000000000000000000e+00
1.000000000000000000e+00
1.000000000000000000e+00
9.815698862075805664e-01
9.894779920578002930e-01
1.000000000000000000e+00
1.000000000000000000e+00
8.705915212631225586e-01
9.572481513023376465e-01
8.228179216384887695e-01
1.000000000000000000e+00
7.998280525207519531e-01
8.183345198631286621e-01
1.000000000000000000e+00
1.000000000000000000e+00
1.000000000000000000e+00
1.000000000000000000e+00
1.000000000000000000e+00
8.556656837463378906e-01
9.999998807907104492e-01
9.991067051887512207e-01
9.323103427886962891e-01
9.093910455703735352e-01
9.933429956436157227e-01
9.382443428039550781e-01
9.999167323112487793e-01
1.000000000000000000e+00
1.000000000000000000e+00
9.939072728157043457e-01
9.486283659934997559e-01
1.000000000000000000e+00
9.011631011962890625e-01
1.000000000000000000e+00
9.718984365463256836e-01
1.000000000000000000e+00
1.000000000000000000e+00
8.182868957519531250e-01
9.606789350509643555e-01
1.000000000000000000e+00
9.890773892402648926e-01
9.999631047248840332e-01
9.925159811973571777e-01
9.314685463905334473e-01
1.000000000000000000e+00
1.000000000000000000e+00
9.931548237800598145e-01
8.694964647293090820e-01
8.817391991615295410e-01
9.262077808380126953e-01
8.788582682609558105e-01
9.574989676475524902e-01
9.020399451255798340e-01
7.936664819717407227e-01
9.144050478935241699e-01
8.761000633239746094e-01
9.907166361808776855e-01
1.000000000000000000e+00
7.900919914245605469e-01
7.835165262222290039e-01
9.564844369888305664e-01
9.110942482948303223e-01
9.276639819145202637e-01
9.240475296974182129e-01
8.997603654861450195e-01
1.000000000000000000e+00
1.000000000000000000e+00
9.334707856178283691e-01
7.806779146194458008e-01
7.975981235504150391e-01
8.708890676498413086e-01
8.585274219512939453e-01
8.263935446739196777e-01
9.001495242118835449e-01
9.344463348388671875e-01
8.042762875556945801e-01
1.000000000000000000e+00
1.000000000000000000e+00
1.000000000000000000e+00
9.344137907028198242e-01
8.971186876296997070e-01
9.177907109260559082e-01
1.000000000000000000e+00
1.000000000000000000e+00
9.738481044769287109e-01
9.245435595512390137e-01
9.499223828315734863e-01
7.997955083847045898e-01
9.999970793724060059e-01
8.794307708740234375e-01
9.998787045478820801e-01
9.478071331977844238e-01
8.204876184463500977e-01
1.000000000000000000e+00
9.741157293319702148e-01
9.699757695198059082e-01
1.000000000000000000e+00
9.188316464424133301e-01
8.606422543525695801e-01
8.897191286087036133e-01
1.000000000000000000e+00
8.681256175041198730e-01
8.277463912963867188e-01
7.975894212722778320e-01
1.000000000000000000e+00
1.000000000000000000e+00
9.474593400955200195e-01
9.543836116790771484e-01
8.381932973861694336e-01
1.000000000000000000e+00
1.000000000000000000e+00
9.120084047317504883e-01
8.594346046447753906e-01
9.450253844261169434e-01
1.000000000000000000e+00
1.000000000000000000e+00
9.209760427474975586e-01
1.000000000000000000e+00
9.604857563972473145e-01
8.963584899902343750e-01
9.458383321762084961e-01
9.215972423553466797e-01
9.231621026992797852e-01
9.036056995391845703e-01
9.788200855255126953e-01
1.000000000000000000e+00
9.644555449485778809e-01
7.926121950149536133e-01
1.000000000000000000e+00
8.203970789909362793e-01
9.988427758216857910e-01
1.000000000000000000e+00
9.999997019767761230e-01
9.195279479026794434e-01
1.000000000000000000e+00
9.136529564857482910e-01
9.999972581863403320e-01
9.999982714653015137e-01
9.230011701583862305e-01
9.999493360519409180e-01
1.000000000000000000e+00
8.723043203353881836e-01
1.000000000000000000e+00
1.000000000000000000e+00
1.000000000000000000e+00
9.333124756813049316e-01
1.000000000000000000e+00
9.690962433815002441e-01
1.000000000000000000e+00
8.972697257995605469e-01
8.193787336349487305e-01
1.000000000000000000e+00
9.188960194587707520e-01
1.000000000000000000e+00
8.217163085937500000e-01
9.999691247940063477e-01
9.078493714332580566e-01
7.639719247817993164e-01
1.000000000000000000e+00
1.000000000000000000e+00
1.000000000000000000e+00
1.000000000000000000e+00
9.984347820281982422e-01
8.690943121910095215e-01
1.000000000000000000e+00
8.462573885917663574e-01
9.965683221817016602e-01
1.000000000000000000e+00
8.386955261230468750e-01
9.378768205642700195e-01
7.683978080749511719e-01
8.282574415206909180e-01
7.539176344871520996e-01
1.000000000000000000e+00
7.763414382934570312e-01
9.889122247695922852e-01
1.000000000000000000e+00
9.182494282722473145e-01
8.418771028518676758e-01
7.991001605987548828e-01
9.313083887100219727e-01
7.525397539138793945e-01
1.000000000000000000e+00
1.000000000000000000e+00
8.487871289253234863e-01
8.667473793029785156e-01
8.639969229698181152e-01
9.914438724517822266e-01
8.022334575653076172e-01
8.779436945915222168e-01
8.194964528083801270e-01
7.304857969284057617e-01
9.942396283149719238e-01
8.529621362686157227e-01
8.852231502532958984e-01
7.839140295982360840e-01
1.000000000000000000e+00
8.773357272148132324e-01
8.403990268707275391e-01
9.258977174758911133e-01
9.830502271652221680e-01
8.006853461265563965e-01
9.999979734420776367e-01
8.105604052543640137e-01
8.206681609153747559e-01
8.801845908164978027e-01
8.669109940528869629e-01
9.148880839347839355e-01
8.736333250999450684e-01
8.092970848083496094e-01
1.000000000000000000e+00
9.997774362564086914e-01
9.076115489006042480e-01
1.000000000000000000e+00
9.124846458435058594e-01
8.521798849105834961e-01
9.154450297355651855e-01
8.174225091934204102e-01
1.000000000000000000e+00
9.904758930206298828e-01
8.648000359535217285e-01
9.042653441429138184e-01
8.575887680053710938e-01
8.019090890884399414e-01
8.807264566421508789e-01
1.000000000000000000e+00
1.000000000000000000e+00
8.844262361526489258e-01
9.226254224777221680e-01
9.204505085945129395e-01
7.768810987472534180e-01
1.000000000000000000e+00
7.475240230560302734e-01
8.472377657890319824e-01
1.000000000000000000e+00
8.620654940605163574e-01
1.000000000000000000e+00
9.904289841651916504e-01
1.000000000000000000e+00
1.000000000000000000e+00
1.000000000000000000e+00
1.000000000000000000e+00
1.000000000000000000e+00
9.997754096984863281e-01
8.303761482238769531e-01
9.751717448234558105e-01
8.516052365303039551e-01
7.544008493423461914e-01
1.000000000000000000e+00
8.204362392425537109e-01
9.262818098068237305e-01
1.000000000000000000e+00
9.708893299102783203e-01
8.044122457504272461e-01
1.000000000000000000e+00
9.189475178718566895e-01
1.000000000000000000e+00
9.999163150787353516e-01
7.999223470687866211e-01
8.743939399719238281e-01
1.000000000000000000e+00
9.999986290931701660e-01
1.000000000000000000e+00
1.000000000000000000e+00
7.566886544227600098e-01
7.964349389076232910e-01
7.367779612541198730e-01
9.174299836158752441e-01
9.999947547912597656e-01
8.339138031005859375e-01
9.986629486083984375e-01
9.246103763580322266e-01
8.867648839950561523e-01
9.053558111190795898e-01
1.000000000000000000e+00
1.000000000000000000e+00
7.809599637985229492e-01
8.543535470962524414e-01
7.205946445465087891e-01
8.274783492088317871e-01
1.000000000000000000e+00
8.205797672271728516e-01
8.771562576293945312e-01
9.413255453109741211e-01
8.614597320556640625e-01
1.000000000000000000e+00
8.419638276100158691e-01
8.285337090492248535e-01
1.000000000000000000e+00
1.000000000000000000e+00
9.434239864349365234e-01
9.703001976013183594e-01
7.861943244934082031e-01
9.192952513694763184e-01
9.999996423721313477e-01
9.183653593063354492e-01
8.043193221092224121e-01
1.000000000000000000e+00
1.000000000000000000e+00
8.950128555297851562e-01
9.506707191467285156e-01
9.024516344070434570e-01
1.000000000000000000e+00
9.762902855873107910e-01
1.000000000000000000e+00
7.627806663513183594e-01
9.296806454658508301e-01
7.875939607620239258e-01
1.000000000000000000e+00
9.388567209243774414e-01
1.000000000000000000e+00
9.661175608634948730e-01
8.374776244163513184e-01
1.000000000000000000e+00
7.566061019897460938e-01
9.423460364341735840e-01
7.574778795242309570e-01
1.000000000000000000e+00
9.193714857101440430e-01
1.000000000000000000e+00
8.514946699142456055e-01
8.749431371688842773e-01
8.638454675674438477e-01
1.000000000000000000e+00
7.915668487548828125e-01
1.000000000000000000e+00
8.805269598960876465e-01
8.161071538925170898e-01
7.449778914451599121e-01
7.482806444168090820e-01
8.309757709503173828e-01
9.999944567680358887e-01
8.748426437377929688e-01
7.737748622894287109e-01
8.725931644439697266e-01
1.000000000000000000e+00
1.000000000000000000e+00
9.026967287063598633e-01
1.000000000000000000e+00
8.704549074172973633e-01
7.262268066406250000e-01
1.000000000000000000e+00
1.000000000000000000e+00
8.276672363281250000e-01
7.884397506713867188e-01
1.000000000000000000e+00
1.000000000000000000e+00
8.753544688224792480e-01
9.753095507621765137e-01
1.000000000000000000e+00
1.000000000000000000e+00
8.438166975975036621e-01
9.999557733535766602e-01
8.728011846542358398e-01
8.325983285903930664e-01
8.354247808456420898e-01
9.999980330467224121e-01
9.049094319343566895e-01
8.631459474563598633e-01
9.908167719841003418e-01
8.876115083694458008e-01
1.000000000000000000e+00
9.999935030937194824e-01
7.667494416236877441e-01
1.000000000000000000e+00
7.221352458000183105e-01
8.677091598510742188e-01
9.990064501762390137e-01
9.442772865295410156e-01
7.630772590637207031e-01
7.685264945030212402e-01
7.957770824432373047e-01
1.000000000000000000e+00
1.000000000000000000e+00
7.786060571670532227e-01
8.242710828781127930e-01
1.000000000000000000e+00
8.896482586860656738e-01
9.998979568481445312e-01
8.551849126815795898e-01
1.000000000000000000e+00
8.385326862335205078e-01
8.032810091972351074e-01
7.992589473724365234e-01
1.000000000000000000e+00
8.267667293548583984e-01
1.000000000000000000e+00
1.000000000000000000e+00
8.336766362190246582e-01
9.108747839927673340e-01
8.380316495895385742e-01
8.313211798667907715e-01
1.000000000000000000e+00
1.000000000000000000e+00
1.000000000000000000e+00
7.489513158798217773e-01
9.702833890914916992e-01
1.000000000000000000e+00
8.310701847076416016e-01
1.000000000000000000e+00
8.021414279937744141e-01
8.114587664604187012e-01
1.000000000000000000e+00
8.519967198371887207e-01
1.000000000000000000e+00
1.000000000000000000e+00
9.592352509498596191e-01
1.000000000000000000e+00
8.105794787406921387e-01
1.000000000000000000e+00
9.984911680221557617e-01
9.614923596382141113e-01
7.360799312591552734e-01
1.000000000000000000e+00
1.000000000000000000e+00
9.999949336051940918e-01
1.000000000000000000e+00
1.000000000000000000e+00
8.093054890632629395e-01
1.000000000000000000e+00
1.000000000000000000e+00
8.792998194694519043e-01
9.566096067428588867e-01
9.435298442840576172e-01
8.959007859230041504e-01
8.371413350105285645e-01
8.545318245887756348e-01
1.000000000000000000e+00
7.985572218894958496e-01
9.348798990249633789e-01
1.000000000000000000e+00
8.496909141540527344e-01
9.264124631881713867e-01
9.875600934028625488e-01
8.171877861022949219e-01
8.402369618415832520e-01
9.326631426811218262e-01
1.000000000000000000e+00
7.221087813377380371e-01
1.000000000000000000e+00
9.882590174674987793e-01
9.999999403953552246e-01
1.000000000000000000e+00
8.119664788246154785e-01
9.613789319992065430e-01
9.999987483024597168e-01
8.290940523147583008e-01
9.999998807907104492e-01
9.999995231628417969e-01
1.000000000000000000e+00
1.000000000000000000e+00
7.991412281990051270e-01
9.404671788215637207e-01
8.811789155006408691e-01
9.204412698745727539e-01
9.977022409439086914e-01
9.844296574592590332e-01
1.000000000000000000e+00
9.356569051742553711e-01
8.186606168746948242e-01
7.951717376708984375e-01
8.466340899467468262e-01
1.000000000000000000e+00
9.379868507385253906e-01
7.264748811721801758e-01
1.000000000000000000e+00
1.000000000000000000e+00
9.172291755676269531e-01
9.146368503570556641e-01
8.669098615646362305e-01
9.999613761901855469e-01
9.347223043441772461e-01
9.290478229522705078e-01
1.000000000000000000e+00
9.999655485153198242e-01
9.307604432106018066e-01
8.186535239219665527e-01
9.140028953552246094e-01
7.372018098831176758e-01
9.999997019767761230e-01
8.816313147544860840e-01
1.000000000000000000e+00
7.894334793090820312e-01
8.720864057540893555e-01
9.164739251136779785e-01
8.878376483917236328e-01
1.000000000000000000e+00
9.432181715965270996e-01
1.000000000000000000e+00
9.984011054039001465e-01
1.000000000000000000e+00
9.162584543228149414e-01
1.000000000000000000e+00
1.000000000000000000e+00
8.961116075515747070e-01
9.999964237213134766e-01
1.000000000000000000e+00
8.911775946617126465e-01
7.694596648216247559e-01
9.999999403953552246e-01
8.414414525032043457e-01
1.000000000000000000e+00
1.000000000000000000e+00
8.739858865737915039e-01
7.605591416358947754e-01
8.144660592079162598e-01
1.000000000000000000e+00
8.037406206130981445e-01
9.161670804023742676e-01
1.000000000000000000e+00
7.703999280929565430e-01
8.524402976036071777e-01
1.000000000000000000e+00
9.498302936553955078e-01
9.999995827674865723e-01
8.461303710937500000e-01
8.523339033126831055e-01
8.232882022857666016e-01
9.711038470268249512e-01
7.461272478103637695e-01
9.723991155624389648e-01
8.468057513236999512e-01
1.000000000000000000e+00
1.000000000000000000e+00
7.899988293647766113e-01
8.326113224029541016e-01
8.425123691558837891e-01
8.606695532798767090e-01
9.999991059303283691e-01
8.567036986351013184e-01
9.179039001464843750e-01
8.287475109100341797e-01
9.482029080390930176e-01
7.904667854309082031e-01
7.937279343605041504e-01
1.000000000000000000e+00
1.000000000000000000e+00
1.000000000000000000e+00
1.000000000000000000e+00
7.675597667694091797e-01
9.656594395637512207e-01
8.718197345733642578e-01
8.636729717254638672e-01
9.477470517158508301e-01
1.000000000000000000e+00
8.101578950881958008e-01
9.933267831802368164e-01
9.650089144706726074e-01
9.411509037017822266e-01
1.000000000000000000e+00
1.000000000000000000e+00
9.753612875938415527e-01
8.293287158012390137e-01
8.971565961837768555e-01
1.000000000000000000e+00
8.037154674530029297e-01
8.067495822906494141e-01
9.988548755645751953e-01
7.510059475898742676e-01
1.000000000000000000e+00
9.278709888458251953e-01
9.988850355148315430e-01
1.000000000000000000e+00
1.000000000000000000e+00
8.243868350982666016e-01
8.164497613906860352e-01
9.256276488304138184e-01
9.787763953208923340e-01
7.013686895370483398e-01
9.039194583892822266e-01
1.000000000000000000e+00
1.000000000000000000e+00
1.000000000000000000e+00
1.000000000000000000e+00
9.207682013511657715e-01
9.428963065147399902e-01
7.533310651779174805e-01
8.217049241065979004e-01
7.651023268699645996e-01
1.000000000000000000e+00
9.999997615814208984e-01
1.000000000000000000e+00
9.402335286140441895e-01
8.074389100074768066e-01
9.098215103149414062e-01
8.137686848640441895e-01
9.327461719512939453e-01
8.925439715385437012e-01
8.415609002113342285e-01
8.271186351776123047e-01
7.619361877441406250e-01
7.532976865768432617e-01
9.554877281188964844e-01
1.000000000000000000e+00
9.353294372558593750e-01
9.999044537544250488e-01
1.000000000000000000e+00
9.742303490638732910e-01
8.427272439002990723e-01
8.697493672370910645e-01
8.080490231513977051e-01
9.107615947723388672e-01
7.973086237907409668e-01
7.423923015594482422e-01
1.000000000000000000e+00
8.153737783432006836e-01
1.000000000000000000e+00
8.726387023925781250e-01
8.957686424255371094e-01
1.000000000000000000e+00
9.218069911003112793e-01
8.463435769081115723e-01
1.000000000000000000e+00
1.000000000000000000e+00
7.918269038200378418e-01
1.000000000000000000e+00
7.683806419372558594e-01
1.000000000000000000e+00
9.090118408203125000e-01
8.475805521011352539e-01
9.586508870124816895e-01
8.493087291717529297e-01
9.971201419830322266e-01
7.728955745697021484e-01
9.031494855880737305e-01
8.336555957794189453e-01
8.391779661178588867e-01
7.909804582595825195e-01
8.444647789001464844e-01
8.974972963333129883e-01
8.382544517517089844e-01
9.638006091117858887e-01
9.575060009956359863e-01
1.000000000000000000e+00
8.287551999092102051e-01
9.999994635581970215e-01
9.300476908683776855e-01
7.295435070991516113e-01
7.827574014663696289e-01
8.616587519645690918e-01
9.143501520156860352e-01
9.747242927551269531e-01
1.000000000000000000e+00
9.304283261299133301e-01
1.000000000000000000e+00
1.000000000000000000e+00
7.384724617004394531e-01
8.428803682327270508e-01
7.936804294586181641e-01
1.000000000000000000e+00
9.713063240051269531e-01
1.000000000000000000e+00
7.876846790313720703e-01
1.000000000000000000e+00
9.273064732551574707e-01
1.000000000000000000e+00
7.253498435020446777e-01
8.713635206222534180e-01
1.000000000000000000e+00
1.000000000000000000e+00
7.879108190536499023e-01
9.942141175270080566e-01
9.750309586524963379e-01
8.860208392143249512e-01
7.399353981018066406e-01
9.163944125175476074e-01
8.463360071182250977e-01
1.000000000000000000e+00
1.000000000000000000e+00
9.999985694885253906e-01
1.000000000000000000e+00
8.312138319015502930e-01
1.000000000000000000e+00
1.000000000000000000e+00
8.322362303733825684e-01
9.403989911079406738e-01
8.545683622360229492e-01
9.394360780715942383e-01
7.150251269340515137e-01
1.000000000000000000e+00
1.000000000000000000e+00
9.152283668518066406e-01
8.148231506347656250e-01
1.000000000000000000e+00
9.140248894691467285e-01
8.250790238380432129e-01
8.315199613571166992e-01
9.157992005348205566e-01
7.679677009582519531e-01
8.766664862632751465e-01
9.643562436103820801e-01
1.000000000000000000e+00
7.775180935859680176e-01
8.361107110977172852e-01
9.658352732658386230e-01
1.000000000000000000e+00
1.000000000000000000e+00
1.000000000000000000e+00
1.000000000000000000e+00
8.754928112030029297e-01
9.583458900451660156e-01
7.345890998840332031e-01
8.597435355186462402e-01
9.356974959373474121e-01
9.999997615814208984e-01
9.326412081718444824e-01
1.000000000000000000e+00
1.000000000000000000e+00
9.034581184387207031e-01
7.848207950592041016e-01
9.276862740516662598e-01
9.389955401420593262e-01
9.875417351722717285e-01
8.475242853164672852e-01
7.447583079338073730e-01
7.912726998329162598e-01
9.999997615814208984e-01
1.000000000000000000e+00
8.747507929801940918e-01
7.275012731552124023e-01
8.016098737716674805e-01
9.999901056289672852e-01
1.000000000000000000e+00
1.000000000000000000e+00
7.460573911666870117e-01
1.000000000000000000e+00
9.551835060119628906e-01
9.999996423721313477e-01
9.503338336944580078e-01
9.999992847442626953e-01
1.000000000000000000e+00
7.593477368354797363e-01
9.518785476684570312e-01
1.000000000000000000e+00
9.965053200721740723e-01
9.435390830039978027e-01
7.744774818420410156e-01
1.000000000000000000e+00
9.693009257316589355e-01
1.000000000000000000e+00
8.864468932151794434e-01
7.449514269828796387e-01
1.000000000000000000e+00
7.616291642189025879e-01
1.000000000000000000e+00
8.678959608078002930e-01
9.999533891677856445e-01
8.803701996803283691e-01
9.024795889854431152e-01
1.000000000000000000e+00
9.467357993125915527e-01
8.138074874877929688e-01
9.043973088264465332e-01
1.000000000000000000e+00
8.322288393974304199e-01
8.950383663177490234e-01
8.863611221313476562e-01
9.416446089744567871e-01
9.260711073875427246e-01
1.000000000000000000e+00
1.000000000000000000e+00
1.000000000000000000e+00
8.938426375389099121e-01
7.504186034202575684e-01
8.985476493835449219e-01
1.000000000000000000e+00
9.667467474937438965e-01
8.296246528625488281e-01
8.209874033927917480e-01
8.586210608482360840e-01
9.194002151489257812e-01
1.000000000000000000e+00
8.831759691238403320e-01
9.657284021377563477e-01
1.000000000000000000e+00
8.802692890167236328e-01
1.000000000000000000e+00
7.194147109985351562e-01
8.485571146011352539e-01
8.995886445045471191e-01
9.001128673553466797e-01
1.000000000000000000e+00
1.000000000000000000e+00
8.391754627227783203e-01
9.267355203628540039e-01
7.592815160751342773e-01
9.240079522132873535e-01
8.836951255798339844e-01
7.370585203170776367e-01
1.000000000000000000e+00
1.000000000000000000e+00
7.850483655929565430e-01
7.045135498046875000e-01
1.000000000000000000e+00
8.223954439163208008e-01
1.000000000000000000e+00
9.355347752571105957e-01
7.591511011123657227e-01
9.589232802391052246e-01
7.887651920318603516e-01
8.471207618713378906e-01
9.241862297058105469e-01
9.267860651016235352e-01
8.629902005195617676e-01
8.128645420074462891e-01
1.000000000000000000e+00
9.896824955940246582e-01
9.960728883743286133e-01
9.291813373565673828e-01
8.879373073577880859e-01
1.000000000000000000e+00
8.859810829162597656e-01
8.734153509140014648e-01
7.519334554672241211e-01
1.000000000000000000e+00
1.000000000000000000e+00
7.469719648361206055e-01
7.665813565254211426e-01
8.711074590682983398e-01
8.525880575180053711e-01
8.729457855224609375e-01
8.962815403938293457e-01
8.386349678039550781e-01
1.000000000000000000e+00
1.000000000000000000e+00
8.562603592872619629e-01
9.951661229133605957e-01
1.000000000000000000e+00
8.174359202384948730e-01
7.521800398826599121e-01
7.580044865608215332e-01
8.893771171569824219e-01
8.440232276916503906e-01
8.245614767074584961e-01
1.000000000000000000e+00
9.620970487594604492e-01
8.329893946647644043e-01
1.000000000000000000e+00
1.000000000000000000e+00
7.432628870010375977e-01
9.994122385978698730e-01
6.968763470649719238e-01
7.590979337692260742e-01
1.000000000000000000e+00
8.130588531494140625e-01
1.000000000000000000e+00
1.000000000000000000e+00
9.999966621398925781e-01
1.000000000000000000e+00
8.138080835342407227e-01
7.905402183532714844e-01
7.973405122756958008e-01
8.521543741226196289e-01
1.000000000000000000e+00
7.541307210922241211e-01
8.765664100646972656e-01
8.116825819015502930e-01
8.520810604095458984e-01
8.810280561447143555e-01
9.993662238121032715e-01
1.000000000000000000e+00
8.879544138908386230e-01
1.000000000000000000e+00
1.000000000000000000e+00
8.856309056282043457e-01
9.503866434097290039e-01
9.829071164131164551e-01
8.049008846282958984e-01
1.000000000000000000e+00
1.000000000000000000e+00
1.000000000000000000e+00
9.141023159027099609e-01
9.809852242469787598e-01
8.144564628601074219e-01
1.000000000000000000e+00
8.387958407402038574e-01
8.256156444549560547e-01
8.856850862503051758e-01
1.000000000000000000e+00
9.313083887100219727e-01
1.000000000000000000e+00
1.000000000000000000e+00
9.030493497848510742e-01
7.932901382446289062e-01
1.000000000000000000e+00
8.443834185600280762e-01
9.999834299087524414e-01
1.000000000000000000e+00
7.988143563270568848e-01
1.000000000000000000e+00
7.156627178192138672e-01
7.646097540855407715e-01
1.000000000000000000e+00
7.321165800094604492e-01
9.519110918045043945e-01
9.908220171928405762e-01
7.965778708457946777e-01
8.355664014816284180e-01
1.000000000000000000e+00
1.000000000000000000e+00
8.413312435150146484e-01
9.999925494194030762e-01
8.548571467399597168e-01
1.000000000000000000e+00
1.000000000000000000e+00
9.578839540481567383e-01
8.997893929481506348e-01
7.537926435470581055e-01
8.990925550460815430e-01
1.000000000000000000e+00
1.000000000000000000e+00
1.000000000000000000e+00
1.000000000000000000e+00
7.517227530479431152e-01
8.079644441604614258e-01
8.596840500831604004e-01
7.358323335647583008e-01
1.000000000000000000e+00
1.000000000000000000e+00
1.000000000000000000e+00
8.835321068763732910e-01
8.985744118690490723e-01
9.781364202499389648e-01
1.000000000000000000e+00
8.165193200111389160e-01
1.000000000000000000e+00
9.489796161651611328e-01
7.888845205307006836e-01
7.655556201934814453e-01
8.304844498634338379e-01
8.226425051689147949e-01
8.823354244232177734e-01
8.638636469841003418e-01
8.756089210510253906e-01
1.000000000000000000e+00
8.733485341072082520e-01
8.724318146705627441e-01
8.791539072990417480e-01
7.422181367874145508e-01
8.607895374298095703e-01
8.972989916801452637e-01
8.285601139068603516e-01
1.000000000000000000e+00
7.676184773445129395e-01
8.477544188499450684e-01
1.000000000000000000e+00
7.630517482757568359e-01
9.483424425125122070e-01
1.000000000000000000e+00
1.000000000000000000e+00
8.808215856552124023e-01
9.230536818504333496e-01
9.933612942695617676e-01
9.998998045921325684e-01
8.394784331321716309e-01
9.052050113677978516e-01
8.575233221054077148e-01
9.999994635581970215e-01
1.000000000000000000e+00
8.021897673606872559e-01
9.709873795509338379e-01
7.142095565795898438e-01
7.422257661819458008e-01
8.241683244705200195e-01
8.750988841056823730e-01
8.902856111526489258e-01
9.434941411018371582e-01
9.999706745147705078e-01
7.650865316390991211e-01
7.289556264877319336e-01
7.557576894760131836e-01
7.585033178329467773e-01
9.256362318992614746e-01
9.545013904571533203e-01
7.208172082901000977e-01
1.000000000000000000e+00
7.557868361473083496e-01
9.972867369651794434e-01
1.000000000000000000e+00
8.152585029602050781e-01
8.989572525024414062e-01
1.000000000000000000e+00
9.764419794082641602e-01
8.590252399444580078e-01
7.652467489242553711e-01
8.158528208732604980e-01
1.000000000000000000e+00
9.960858225822448730e-01
8.780358433723449707e-01
1.000000000000000000e+00
7.878184914588928223e-01
1.000000000000000000e+00
7.959916591644287109e-01
7.880077362060546875e-01
9.498767256736755371e-01
9.930700659751892090e-01
8.157051205635070801e-01
8.377060890197753906e-01
7.676448822021484375e-01
9.171054363250732422e-01
9.097000956535339355e-01
1.000000000000000000e+00
8.908924460411071777e-01
9.245515465736389160e-01
8.469687700271606445e-01
1.000000000000000000e+00
9.999910593032836914e-01
1.000000000000000000e+00
1.000000000000000000e+00
9.073377847671508789e-01
1.000000000000000000e+00
1.000000000000000000e+00
9.164310693740844727e-01
9.682318568229675293e-01
1.000000000000000000e+00
8.313092589378356934e-01
8.040978908538818359e-01
8.761856555938720703e-01
7.435976266860961914e-01
1.000000000000000000e+00
9.657901525497436523e-01
1.000000000000000000e+00
1.000000000000000000e+00
7.825634479522705078e-01
1.000000000000000000e+00
9.858328700065612793e-01
8.474081754684448242e-01
9.644598960876464844e-01
9.322617650032043457e-01
9.999967217445373535e-01
7.824825048446655273e-01
7.373263835906982422e-01
8.992151021957397461e-01
9.762796759605407715e-01
1.000000000000000000e+00
7.875519990921020508e-01
9.413137435913085938e-01
7.497906088829040527e-01
8.036813735961914062e-01
8.962574601173400879e-01
7.157937288284301758e-01
1.000000000000000000e+00
1.000000000000000000e+00
8.216571807861328125e-01
9.715291857719421387e-01
9.999995827674865723e-01
8.437938690185546875e-01
8.154347538948059082e-01
9.997826814651489258e-01
7.831822633743286133e-01
1.000000000000000000e+00
9.492165446281433105e-01
1.000000000000000000e+00
1.000000000000000000e+00
1.000000000000000000e+00
8.259842395782470703e-01
8.585376739501953125e-01
9.008028507232666016e-01
8.068625330924987793e-01
9.744772315025329590e-01
1.000000000000000000e+00
8.163625001907348633e-01
8.320854902267456055e-01
1.000000000000000000e+00
9.086339473724365234e-01
8.186920285224914551e-01
9.096963405609130859e-01
1.000000000000000000e+00
9.999417066574096680e-01
7.677518129348754883e-01
7.765297293663024902e-01
7.974117994308471680e-01
9.999220371246337891e-01
6.942358016967773438e-01
7.275397777557373047e-01
8.602904081344604492e-01
9.930084943771362305e-01
9.203273057937622070e-01
8.275106549263000488e-01
9.984686374664306641e-01
1.000000000000000000e+00
1.000000000000000000e+00
8.961089849472045898e-01
1.000000000000000000e+00
1.000000000000000000e+00
8.082147836685180664e-01
7.714496850967407227e-01
7.552109956741333008e-01
8.430451750755310059e-01
1.000000000000000000e+00
1.000000000000000000e+00
8.386063575744628906e-01
1.000000000000000000e+00
9.997819066047668457e-01
9.335842132568359375e-01
8.023684024810791016e-01
8.172248601913452148e-01
7.972123622894287109e-01
1.000000000000000000e+00
9.999995231628417969e-01
9.442586898803710938e-01
7.130883932113647461e-01
8.346927762031555176e-01
8.036983013153076172e-01
8.637849092483520508e-01
9.119197130203247070e-01
1.000000000000000000e+00
8.044611215591430664e-01
8.994442224502563477e-01
9.129961133003234863e-01
7.796212434768676758e-01
1.000000000000000000e+00
8.126852512359619141e-01
9.302629232406616211e-01
9.999990463256835938e-01
8.845171332359313965e-01
9.064176678657531738e-01
9.992559552192687988e-01
8.195554018020629883e-01
1.000000000000000000e+00
1.000000000000000000e+00
8.277732133865356445e-01
8.950253129005432129e-01
8.148289918899536133e-01
8.458156585693359375e-01
8.910087943077087402e-01
7.314119935035705566e-01
1.000000000000000000e+00
1.000000000000000000e+00
1.000000000000000000e+00
9.361398816108703613e-01
9.414393901824951172e-01
1.000000000000000000e+00
9.993863105773925781e-01
9.034842848777770996e-01
8.857048749923706055e-01
9.245854616165161133e-01
1.000000000000000000e+00
1.000000000000000000e+00
8.309154510498046875e-01
1.000000000000000000e+00
8.918426036834716797e-01
1.000000000000000000e+00
9.298259615898132324e-01
9.345313310623168945e-01
1.000000000000000000e+00
8.219655156135559082e-01
7.195298671722412109e-01
8.631926178932189941e-01
9.999190568923950195e-01
8.570906519889831543e-01
9.999999403953552246e-01
1.000000000000000000e+00
8.714661002159118652e-01
1.000000000000000000e+00
1.000000000000000000e+00
1.000000000000000000e+00
9.314762949943542480e-01
7.435233592987060547e-01
1.000000000000000000e+00
7.255889177322387695e-01
7.836772799491882324e-01
1.000000000000000000e+00
7.633334398269653320e-01
8.465631008148193359e-01
7.758321762084960938e-01
8.349543213844299316e-01
7.383725643157958984e-01
8.473351001739501953e-01
1.000000000000000000e+00
7.980109453201293945e-01
1.000000000000000000e+00
7.952305078506469727e-01
7.490769624710083008e-01
8.798564076423645020e-01
7.741444706916809082e-01
8.718741536140441895e-01
7.922898530960083008e-01
8.904937505722045898e-01
8.717060089111328125e-01
1.000000000000000000e+00
1.000000000000000000e+00
1.000000000000000000e+00
8.035480976104736328e-01
1.000000000000000000e+00
9.999345541000366211e-01
1.000000000000000000e+00
8.435631990432739258e-01
8.490313291549682617e-01
7.491732835769653320e-01
8.022652864456176758e-01
1.000000000000000000e+00
1.000000000000000000e+00
7.601591348648071289e-01
7.992687225341796875e-01
9.650095105171203613e-01
1.000000000000000000e+00
8.533036112785339355e-01
9.325492382049560547e-01
9.112156629562377930e-01
9.424503445625305176e-01
7.929606437683105469e-01
8.388973474502563477e-01
1.000000000000000000e+00
9.836544394493103027e-01
7.917533516883850098e-01
1.000000000000000000e+00
1.000000000000000000e+00
8.073056340217590332e-01
8.323856592178344727e-01
8.735041618347167969e-01
1.000000000000000000e+00
6.876724362373352051e-01
1.000000000000000000e+00
7.238129377365112305e-01
9.098933935165405273e-01
1.000000000000000000e+00
1.000000000000000000e+00
7.453855276107788086e-01
8.448102474212646484e-01
8.978663086891174316e-01
9.045624732971191406e-01
8.923358321189880371e-01
8.971945047378540039e-01
1.000000000000000000e+00
8.918999433517456055e-01
7.381794452667236328e-01
9.521284699440002441e-01
1.000000000000000000e+00
7.814408540725708008e-01
7.064596414566040039e-01
8.209787607192993164e-01
8.190118074417114258e-01
8.289319872856140137e-01
8.998497724533081055e-01
7.763123512268066406e-01
8.541694879531860352e-01
1.000000000000000000e+00
9.002895951271057129e-01
7.067383527755737305e-01
8.850358724594116211e-01
7.993847131729125977e-01
8.010609745979309082e-01
1.000000000000000000e+00
8.915414810180664062e-01
1.000000000000000000e+00
7.437250614166259766e-01
9.688828587532043457e-01
7.316327095031738281e-01
8.884779214859008789e-01
9.832105636596679688e-01
1.000000000000000000e+00
9.999679327011108398e-01
7.186362147331237793e-01
1.000000000000000000e+00
8.394661545753479004e-01
1.000000000000000000e+00
1.000000000000000000e+00
1.000000000000000000e+00
7.572175264358520508e-01
8.038643002510070801e-01
8.369674086570739746e-01
1.000000000000000000e+00
8.344617486000061035e-01
8.672130107879638672e-01
1.000000000000000000e+00
8.327686190605163574e-01
9.605571031570434570e-01
8.195667266845703125e-01
8.345812559127807617e-01
1.000000000000000000e+00
9.691529273986816406e-01
8.948870897293090820e-01
1.000000000000000000e+00
8.140951991081237793e-01
8.402534723281860352e-01
1.000000000000000000e+00
1.000000000000000000e+00
1.000000000000000000e+00
1.000000000000000000e+00
7.190619111061096191e-01
1.000000000000000000e+00
8.288313746452331543e-01
9.999653697013854980e-01
7.928588986396789551e-01
1.000000000000000000e+00
8.528590202331542969e-01
8.222054243087768555e-01
9.993036389350891113e-01
1.000000000000000000e+00
7.515947818756103516e-01
1.000000000000000000e+00
8.685747385025024414e-01
9.369869232177734375e-01
8.326758146286010742e-01
7.764163017272949219e-01
8.980265855789184570e-01
7.854968309402465820e-01
1.000000000000000000e+00
1.000000000000000000e+00
9.946379065513610840e-01
1.000000000000000000e+00
7.638860940933227539e-01
1.000000000000000000e+00
6.983934640884399414e-01
1.000000000000000000e+00
1.000000000000000000e+00
9.334428310394287109e-01
6.976305842399597168e-01
8.973324894905090332e-01
8.989492058753967285e-01
7.603312730789184570e-01
8.522484898567199707e-01
1.000000000000000000e+00
8.563601970672607422e-01
7.691624164581298828e-01
8.613132238388061523e-01
7.997203469276428223e-01
1.000000000000000000e+00
8.602567911148071289e-01
8.194060325622558594e-01
9.362326264381408691e-01
8.427923321723937988e-01
8.278166651725769043e-01
7.441617250442504883e-01
7.656100988388061523e-01
7.486063241958618164e-01
7.696908712387084961e-01
9.982820749282836914e-01
8.161071538925170898e-01
7.765955328941345215e-01
1.000000000000000000e+00
1.000000000000000000e+00
9.311646819114685059e-01
7.941843271255493164e-01
8.864547014236450195e-01
7.822755575180053711e-01
6.892697215080261230e-01
7.711218595504760742e-01
8.805511593818664551e-01
8.011043071746826172e-01
8.150573968887329102e-01
9.999938607215881348e-01
1.000000000000000000e+00
8.909539580345153809e-01
8.506332039833068848e-01
9.045420289039611816e-01
1.000000000000000000e+00
7.993060946464538574e-01
9.115042090415954590e-01
7.999262809753417969e-01
8.615056276321411133e-01
7.857409119606018066e-01
8.654043674468994141e-01
1.000000000000000000e+00
1.000000000000000000e+00
1.000000000000000000e+00
9.999997019767761230e-01
1.000000000000000000e+00
8.292067050933837891e-01
7.987656593322753906e-01
8.296872973442077637e-01
8.177421689033508301e-01
9.986197352409362793e-01
8.244562149047851562e-01
8.111554980278015137e-01
8.558789491653442383e-01
8.711196184158325195e-01
1.000000000000000000e+00
1.000000000000000000e+00
9.983621835708618164e-01
1.000000000000000000e+00
9.377565383911132812e-01
7.495580911636352539e-01
7.920408248901367188e-01
8.156431913375854492e-01
1.000000000000000000e+00
8.870980739593505859e-01
7.136483192443847656e-01
9.999942779541015625e-01
9.504663944244384766e-01
6.968225240707397461e-01
1.000000000000000000e+00
8.416554927825927734e-01
1.000000000000000000e+00
1.000000000000000000e+00
8.092753887176513672e-01
7.546404004096984863e-01
8.925326466560363770e-01
7.899534702301025391e-01
1.000000000000000000e+00
8.311802148818969727e-01
6.986219286918640137e-01
9.999899864196777344e-01
7.986053228378295898e-01
9.991660714149475098e-01
8.656618595123291016e-01
9.404465556144714355e-01
1.000000000000000000e+00
7.889921069145202637e-01
9.279962182044982910e-01
8.772990703582763672e-01
7.087917327880859375e-01
7.254781723022460938e-01
1.000000000000000000e+00
7.751303911209106445e-01
8.367394208908081055e-01
1.000000000000000000e+00
1.000000000000000000e+00
1.000000000000000000e+00
8.969589471817016602e-01
1.000000000000000000e+00
8.728330135345458984e-01
7.761740684509277344e-01
8.547572493553161621e-01
9.976870417594909668e-01
8.947262167930603027e-01
1.000000000000000000e+00
9.661069512367248535e-01
9.986466169357299805e-01
7.047079801559448242e-01
8.120597600936889648e-01
1.000000000000000000e+00
1.000000000000000000e+00
8.799658417701721191e-01
1.000000000000000000e+00
1.000000000000000000e+00
7.937119603157043457e-01
1.000000000000000000e+00
1.000000000000000000e+00
8.873343467712402344e-01
9.809079766273498535e-01
9.247097969055175781e-01
9.113211631774902344e-01
9.959230422973632812e-01
8.961740732192993164e-01
8.366897106170654297e-01
7.841855287551879883e-01
1.000000000000000000e+00
9.027230143547058105e-01
1.000000000000000000e+00
1.000000000000000000e+00
9.990177750587463379e-01
8.552703857421875000e-01
7.519858479499816895e-01
7.577629089355468750e-01
8.877612352371215820e-01
8.608515858650207520e-01
7.010595202445983887e-01
8.349265456199645996e-01
8.728735446929931641e-01
7.756944894790649414e-01
8.792043328285217285e-01
7.121578454971313477e-01
7.639119029045104980e-01
1.000000000000000000e+00
9.999995827674865723e-01
8.839377164840698242e-01
8.596535921096801758e-01
8.025854229927062988e-01
8.237053155899047852e-01
1.000000000000000000e+00
1.000000000000000000e+00
1.000000000000000000e+00
9.412322044372558594e-01
1.000000000000000000e+00
7.746018171310424805e-01
8.071891069412231445e-01
6.763861775398254395e-01
8.898041844367980957e-01
8.121654391288757324e-01
1.000000000000000000e+00
8.646678924560546875e-01
6.946305632591247559e-01
8.028199672698974609e-01
8.517912626266479492e-01
9.125230312347412109e-01
7.819972634315490723e-01
9.139392375946044922e-01
1.000000000000000000e+00
1.000000000000000000e+00
9.999942183494567871e-01
8.040789365768432617e-01
9.999327063560485840e-01
8.005025982856750488e-01
1.000000000000000000e+00
7.086907029151916504e-01
8.295418024063110352e-01
1.000000000000000000e+00
8.616984486579895020e-01
9.962292313575744629e-01
8.138982653617858887e-01
7.149458527565002441e-01
8.518507480621337891e-01
1.000000000000000000e+00
9.124750494956970215e-01
8.480001091957092285e-01
7.311996221542358398e-01
8.875009417533874512e-01
1.000000000000000000e+00
8.849689960479736328e-01
9.824213385581970215e-01
8.181820511817932129e-01
1.000000000000000000e+00
8.529458045959472656e-01
8.643381595611572266e-01
1.000000000000000000e+00
9.999961853027343750e-01
9.999992251396179199e-01
7.092918157577514648e-01
8.262419700622558594e-01
8.090214133262634277e-01
7.931234240531921387e-01
1.000000000000000000e+00
8.447765111923217773e-01
8.218743801116943359e-01
8.721768856048583984e-01
7.938312888145446777e-01
9.998304843902587891e-01
8.250313401222229004e-01
9.999325871467590332e-01
1.000000000000000000e+00
7.183551788330078125e-01
1.000000000000000000e+00
8.299038410186767578e-01
8.035447597503662109e-01
7.132304906845092773e-01
7.986807823181152344e-01
9.136660695075988770e-01
9.882279634475708008e-01
7.891856431961059570e-01
6.970621347427368164e-01
9.303448796272277832e-01
6.805995702743530273e-01
7.623118162155151367e-01
8.005065917968750000e-01
7.446455955505371094e-01
1.000000000000000000e+00
8.759618997573852539e-01
8.189119100570678711e-01
8.200873136520385742e-01
9.625700116157531738e-01
6.928815245628356934e-01
7.720224857330322266e-01
1.000000000000000000e+00
1.000000000000000000e+00
8.529162406921386719e-01
9.046229124069213867e-01
6.630451679229736328e-01
9.798609018325805664e-01
1.000000000000000000e+00
7.264877557754516602e-01
8.936690092086791992e-01
1.000000000000000000e+00
7.704873681068420410e-01
8.552233576774597168e-01
8.620165586471557617e-01
9.999811053276062012e-01
8.442429304122924805e-01
7.787724137306213379e-01
1.000000000000000000e+00
7.961851954460144043e-01
1.000000000000000000e+00
9.339122176170349121e-01
9.999580383300781250e-01
9.676631689071655273e-01
1.000000000000000000e+00
7.402980327606201172e-01
1.000000000000000000e+00
8.117592334747314453e-01
9.897362589836120605e-01
9.841420650482177734e-01
1.000000000000000000e+00
1.000000000000000000e+00
9.999777078628540039e-01
8.384411334991455078e-01
9.499309659004211426e-01
8.984801769256591797e-01
9.011631011962890625e-01
8.846411108970642090e-01
7.553883194923400879e-01
7.176191806793212891e-01
6.669083237648010254e-01
9.997420310974121094e-01
1.000000000000000000e+00
8.393244743347167969e-01
1.000000000000000000e+00
8.458991050720214844e-01
9.489209055900573730e-01
7.753047943115234375e-01
9.449679255485534668e-01
9.999931454658508301e-01
8.437416553497314453e-01
9.652653932571411133e-01
9.999986290931701660e-01
6.724224090576171875e-01
8.515967130661010742e-01
8.367232084274291992e-01
1.000000000000000000e+00
1.000000000000000000e+00
8.704764842987060547e-01
9.744098782539367676e-01
7.653996348381042480e-01
6.731184720993041992e-01
8.757100701332092285e-01
1.000000000000000000e+00
7.568044066429138184e-01
7.912744879722595215e-01
7.191719412803649902e-01
1.000000000000000000e+00
8.487612009048461914e-01
8.637521266937255859e-01
7.017822265625000000e-01
9.058334231376647949e-01
1.000000000000000000e+00
6.715698838233947754e-01
8.873912692070007324e-01
8.303919434547424316e-01
7.505115270614624023e-01
9.582037329673767090e-01
1.000000000000000000e+00
8.875138759613037109e-01
1.000000000000000000e+00
8.283998370170593262e-01
9.936832189559936523e-01
7.223484516143798828e-01
9.260232448577880859e-01
7.268819808959960938e-01
9.255508184432983398e-01
8.758482336997985840e-01
9.999971985816955566e-01
6.385401487350463867e-01
7.865183353424072266e-01
8.363301753997802734e-01
1.000000000000000000e+00
6.644251346588134766e-01
8.511895537376403809e-01
6.765275597572326660e-01
7.324178218841552734e-01
7.929751276969909668e-01
8.598731160163879395e-01
7.822637557983398438e-01
9.841845631599426270e-01
6.424314975738525391e-01
1.000000000000000000e+00
7.345353960990905762e-01
6.349805593490600586e-01
8.025729656219482422e-01
6.568652391433715820e-01
1.000000000000000000e+00
8.690663576126098633e-01
7.846145629882812500e-01
8.955835103988647461e-01
8.090196251869201660e-01
7.030407190322875977e-01
5.882689952850341797e-01
8.192138671875000000e-01
8.556107878684997559e-01
8.275758028030395508e-01
1.000000000000000000e+00
7.961733341217041016e-01
1.000000000000000000e+00
7.731856107711791992e-01
7.805059552192687988e-01
6.145318746566772461e-01
7.734721899032592773e-01
9.999632835388183594e-01
9.999978542327880859e-01
1.000000000000000000e+00
8.135374784469604492e-01
8.926826119422912598e-01
1.000000000000000000e+00
8.650129437446594238e-01
1.000000000000000000e+00
9.335125088691711426e-01
9.999720454216003418e-01
6.914104819297790527e-01
1.000000000000000000e+00
7.516524791717529297e-01
7.996182441711425781e-01
9.366787672042846680e-01
7.937102317810058594e-01
9.275935292243957520e-01
6.736719012260437012e-01
1.000000000000000000e+00
6.229323148727416992e-01
7.130313515663146973e-01
1.000000000000000000e+00
8.857190012931823730e-01
7.260930538177490234e-01
7.970011234283447266e-01
8.572074174880981445e-01
9.491159319877624512e-01
9.965284466743469238e-01
9.044234156608581543e-01
1.000000000000000000e+00
9.477310180664062500e-01
6.683506965637207031e-01
6.868941783905029297e-01
8.185678720474243164e-01
9.978753924369812012e-01
8.984661102294921875e-01
7.077419757843017578e-01
9.042879939079284668e-01
9.573453664779663086e-01
9.940508604049682617e-01
8.843857049942016602e-01
9.807915091514587402e-01
1.000000000000000000e+00
8.880992531776428223e-01
1.000000000000000000e+00
7.685081958770751953e-01
6.952431201934814453e-01
9.997059702873229980e-01
8.622556328773498535e-01
1.000000000000000000e+00
1.000000000000000000e+00
1.000000000000000000e+00
8.278112411499023438e-01
8.880904316902160645e-01
8.820851445198059082e-01
1.000000000000000000e+00
9.999324679374694824e-01
8.350455164909362793e-01
8.586659431457519531e-01
8.757324218750000000e-01
1.000000000000000000e+00
6.730483174324035645e-01
8.790781497955322266e-01
1.000000000000000000e+00
7.743475437164306641e-01
1.000000000000000000e+00
7.654950022697448730e-01
7.811164259910583496e-01
9.340810179710388184e-01
9.991340637207031250e-01
8.690564036369323730e-01
7.185841798782348633e-01
1.000000000000000000e+00
6.330767869949340820e-01
1.000000000000000000e+00
9.964381456375122070e-01
6.381058096885681152e-01
1.000000000000000000e+00
8.074389696121215820e-01
1.000000000000000000e+00
1.000000000000000000e+00
1.000000000000000000e+00
1.000000000000000000e+00
8.323551416397094727e-01
1.000000000000000000e+00
9.999958872795104980e-01
8.275830745697021484e-01
9.009621739387512207e-01
9.998630285263061523e-01
8.640999197959899902e-01
8.121848106384277344e-01
9.260407686233520508e-01
9.670174717903137207e-01
8.151516318321228027e-01
9.413246512413024902e-01
7.979950904846191406e-01
1.000000000000000000e+00
8.320589065551757812e-01
7.308834791183471680e-01
7.974818944931030273e-01
1.000000000000000000e+00
1.000000000000000000e+00
1.000000000000000000e+00
9.048531651496887207e-01
7.590181827545166016e-01
9.892933368682861328e-01
8.872464895248413086e-01
8.993880748748779297e-01
7.542843222618103027e-01
7.399514913558959961e-01
9.995914697647094727e-01
8.590263724327087402e-01
1.000000000000000000e+00
1.000000000000000000e+00
8.170121908187866211e-01
8.365543484687805176e-01
1.000000000000000000e+00
6.220536231994628906e-01
6.625812053680419922e-01
6.647462844848632812e-01
1.000000000000000000e+00
7.062970399856567383e-01
9.212903976440429688e-01
6.938372254371643066e-01
1.000000000000000000e+00
8.200060129165649414e-01
9.582166075706481934e-01
1.000000000000000000e+00
8.312198519706726074e-01
9.961498975753784180e-01
9.999409914016723633e-01
9.998800158500671387e-01
1.000000000000000000e+00
8.721007704734802246e-01
9.083223342895507812e-01
1.000000000000000000e+00
8.651914000511169434e-01
1.000000000000000000e+00
1.000000000000000000e+00
1.000000000000000000e+00
7.225515842437744141e-01
8.675329089164733887e-01
9.716950654983520508e-01
9.693904519081115723e-01
6.831040382385253906e-01
6.898423433303833008e-01
8.317039012908935547e-01
9.999989867210388184e-01
1.000000000000000000e+00
1.000000000000000000e+00
7.248463034629821777e-01
1.000000000000000000e+00
8.820403814315795898e-01
9.161115884780883789e-01
9.299064874649047852e-01
6.255280971527099609e-01
1.000000000000000000e+00
1.000000000000000000e+00
9.976463317871093750e-01
9.398986101150512695e-01
7.846322059631347656e-01
1.000000000000000000e+00
6.095206737518310547e-01
6.447836160659790039e-01
7.838525772094726562e-01
1.000000000000000000e+00
1.000000000000000000e+00
9.259444475173950195e-01
1.000000000000000000e+00
1.000000000000000000e+00
1.000000000000000000e+00
9.044816493988037109e-01
9.791445732116699219e-01
8.234951496124267578e-01
7.846259474754333496e-01
6.753459572792053223e-01
6.213220953941345215e-01
8.960090279579162598e-01
1.000000000000000000e+00
8.750038146972656250e-01
1.000000000000000000e+00
8.685137033462524414e-01
8.549927473068237305e-01
8.383457064628601074e-01
7.744129300117492676e-01
8.692563772201538086e-01
1.000000000000000000e+00
7.264649868011474609e-01
8.825942873954772949e-01
9.462752938270568848e-01
1.000000000000000000e+00
8.305912017822265625e-01
9.699062108993530273e-01
1.000000000000000000e+00
9.978326559066772461e-01
9.986494183540344238e-01
8.606922030448913574e-01
1.000000000000000000e+00
7.472574710845947266e-01
9.100726246833801270e-01
8.542877435684204102e-01
7.874319553375244141e-01
7.938542366027832031e-01
1.000000000000000000e+00
9.622968435287475586e-01
1.000000000000000000e+00
1.000000000000000000e+00
8.556619286537170410e-01
8.950650691986083984e-01
8.523619771003723145e-01
8.568637371063232422e-01
1.000000000000000000e+00
7.633311748504638672e-01
1.000000000000000000e+00
8.440910577774047852e-01
7.851281166076660156e-01
9.373663067817687988e-01
9.620215892791748047e-01
1.000000000000000000e+00
5.688758492469787598e-01
7.910797595977783203e-01
1.000000000000000000e+00
1.000000000000000000e+00
9.384319782257080078e-01
1.000000000000000000e+00
9.376410245895385742e-01
7.292027473449707031e-01
8.397594094276428223e-01
9.875031113624572754e-01
7.444189786911010742e-01
6.943120360374450684e-01
1.000000000000000000e+00
8.889667391777038574e-01
1.000000000000000000e+00
9.469310045242309570e-01
7.032985687255859375e-01
1.000000000000000000e+00
1.000000000000000000e+00
1.000000000000000000e+00
1.000000000000000000e+00
9.264955520629882812e-01
9.106662273406982422e-01
1.000000000000000000e+00
1.000000000000000000e+00
7.305868268013000488e-01
9.245761632919311523e-01
8.547353148460388184e-01
9.962844252586364746e-01
7.918409109115600586e-01
9.995345473289489746e-01
7.041797041893005371e-01
8.611876964569091797e-01
6.751484870910644531e-01
9.653841257095336914e-01
1.000000000000000000e+00
1.000000000000000000e+00
8.879532217979431152e-01
6.084408760070800781e-01
7.141652107238769531e-01
8.672337532043457031e-01
9.846026301383972168e-01
9.295870661735534668e-01
1.000000000000000000e+00
1.000000000000000000e+00
8.686594367027282715e-01
1.000000000000000000e+00
1.000000000000000000e+00
1.000000000000000000e+00
8.020600080490112305e-01
1.000000000000000000e+00
1.000000000000000000e+00
7.692806124687194824e-01
8.440228700637817383e-01
1.000000000000000000e+00
6.705575585365295410e-01
8.530638217926025391e-01
7.679288387298583984e-01
9.999908208847045898e-01
8.272287845611572266e-01
7.841794490814208984e-01
7.548486590385437012e-01
8.775861263275146484e-01
8.727634549140930176e-01
1.000000000000000000e+00
7.508608698844909668e-01
6.913663148880004883e-01
8.060147166252136230e-01
8.576436042785644531e-01
8.393101692199707031e-01
6.830598115921020508e-01
1.000000000000000000e+00
7.183063030242919922e-01
9.505450725555419922e-01
9.631778597831726074e-01
1.000000000000000000e+00
9.054833054542541504e-01
1.000000000000000000e+00
1.000000000000000000e+00
9.994016289710998535e-01
7.182301282882690430e-01
1.000000000000000000e+00
8.418294191360473633e-01
9.860165119171142578e-01
6.380314230918884277e-01
6.486278772354125977e-01
9.103512167930603027e-01
6.790879964828491211e-01
6.652717590332031250e-01
8.307310938835144043e-01
7.362325191497802734e-01
9.989466071128845215e-01
1.000000000000000000e+00
9.219471216201782227e-01
8.699325323104858398e-01
1.000000000000000000e+00
7.663967609405517578e-01
1.000000000000000000e+00
9.450682401657104492e-01
1.000000000000000000e+00
6.406227946281433105e-01
9.990432858467102051e-01
1.000000000000000000e+00
7.506523132324218750e-01
6.186077594757080078e-01
9.750430583953857422e-01
8.787915706634521484e-01
7.845820188522338867e-01
9.462604522705078125e-01
7.726001143455505371e-01
6.116158366203308105e-01
9.859598875045776367e-01
6.420130133628845215e-01
9.012443423271179199e-01
6.025214195251464844e-01
1.000000000000000000e+00
1.000000000000000000e+00
9.999892711639404297e-01
1.000000000000000000e+00
8.187621831893920898e-01
7.127413153648376465e-01
7.795560359954833984e-01
7.504271268844604492e-01
7.839686274528503418e-01
1.000000000000000000e+00
1.000000000000000000e+00
1.000000000000000000e+00
9.837090969085693359e-01
1.000000000000000000e+00
6.900420188903808594e-01
1.000000000000000000e+00
1.000000000000000000e+00
8.112454414367675781e-01
1.000000000000000000e+00
7.788350582122802734e-01
1.000000000000000000e+00
8.454608917236328125e-01
1.000000000000000000e+00
8.824396729469299316e-01
9.943049550056457520e-01
9.995856881141662598e-01
1.000000000000000000e+00
8.333154320716857910e-01
9.895126223564147949e-01
8.036816120147705078e-01
9.550551772117614746e-01
1.000000000000000000e+00
8.284552693367004395e-01
8.660839200019836426e-01
6.643830537796020508e-01
1.000000000000000000e+00
7.169724702835083008e-01
1.000000000000000000e+00
7.836517095565795898e-01
8.976643085479736328e-01
9.752823114395141602e-01
6.584080457687377930e-01
9.041275978088378906e-01
9.651533365249633789e-01
1.000000000000000000e+00
9.980122447013854980e-01
1.000000000000000000e+00
7.698011994361877441e-01
1.000000000000000000e+00
6.785900592803955078e-01
9.827349781990051270e-01
7.140296101570129395e-01
7.915461659431457520e-01
7.032116651535034180e-01
1.000000000000000000e+00
1.000000000000000000e+00
8.049421906471252441e-01
7.587968111038208008e-01
1.000000000000000000e+00
6.988669633865356445e-01
9.988194108009338379e-01
6.890951395034790039e-01
1.000000000000000000e+00
1.000000000000000000e+00
1.000000000000000000e+00
8.913978338241577148e-01
1.000000000000000000e+00
9.669338464736938477e-01
6.554098129272460938e-01
1.000000000000000000e+00
1.000000000000000000e+00
6.390862464904785156e-01
9.162572026252746582e-01
9.641630053520202637e-01
8.984757661819458008e-01
9.749265313148498535e-01
7.355214953422546387e-01
6.776410341262817383e-01
6.569730043411254883e-01
8.614735007286071777e-01
8.530594110488891602e-01
9.346296191215515137e-01
7.918945550918579102e-01
6.169832348823547363e-01
6.680169105529785156e-01
1.000000000000000000e+00
6.813508272171020508e-01
6.708246469497680664e-01
6.820154190063476562e-01
7.801029086112976074e-01
1.000000000000000000e+00
9.660534858703613281e-01
7.867867946624755859e-01
1.000000000000000000e+00
7.918295264244079590e-01
6.098542213439941406e-01
8.106645345687866211e-01
9.997174739837646484e-01
7.694209218025207520e-01
1.000000000000000000e+00
1.000000000000000000e+00
8.321697711944580078e-01
9.280303716659545898e-01
8.568408489227294922e-01
7.584682106971740723e-01
7.126929759979248047e-01
8.279840946197509766e-01
9.211733937263488770e-01
1.000000000000000000e+00
7.251992225646972656e-01
1.000000000000000000e+00
6.724759936332702637e-01
9.862584471702575684e-01
6.133795976638793945e-01
1.000000000000000000e+00
1.000000000000000000e+00
8.892718553543090820e-01
7.849209904670715332e-01
8.113547563552856445e-01
8.541385531425476074e-01
8.824664354324340820e-01
9.394791722297668457e-01
8.240583539009094238e-01
9.999070763587951660e-01
9.270578622817993164e-01
9.678050875663757324e-01
9.999778270721435547e-01
8.727997541427612305e-01
8.556177020072937012e-01
8.007816076278686523e-01
9.996932744979858398e-01
9.083380103111267090e-01
7.716805934906005859e-01
1.000000000000000000e+00
7.581827044486999512e-01
1.000000000000000000e+00
7.058802843093872070e-01
1.000000000000000000e+00
8.564824461936950684e-01
9.299336075782775879e-01
8.084887266159057617e-01
8.813891410827636719e-01
6.859557628631591797e-01
1.000000000000000000e+00
7.528055906295776367e-01
8.129804134368896484e-01
6.583217382431030273e-01
8.646793365478515625e-01
1.000000000000000000e+00
7.219222187995910645e-01
1.000000000000000000e+00
7.715953588485717773e-01
7.266467809677124023e-01
1.000000000000000000e+00
6.836115121841430664e-01
7.957047820091247559e-01
1.000000000000000000e+00
6.427156925201416016e-01
7.596726417541503906e-01
6.528125405311584473e-01
7.372918128967285156e-01
1.000000000000000000e+00
8.617768883705139160e-01
1.000000000000000000e+00
8.429095149040222168e-01
7.745270729064941406e-01
9.826206564903259277e-01
1.000000000000000000e+00
1.000000000000000000e+00
9.476835131645202637e-01
6.316444277763366699e-01
8.461803197860717773e-01
9.048373103141784668e-01
7.463232874870300293e-01
9.114356040954589844e-01
6.827051639556884766e-01
1.000000000000000000e+00
9.007264375686645508e-01
1.000000000000000000e+00
9.036973118782043457e-01
6.487705707550048828e-01
8.471416831016540527e-01
9.747767448425292969e-01
7.530817985534667969e-01
9.180616140365600586e-01
7.385537624359130859e-01
7.166020870208740234e-01
6.950404644012451172e-01
7.332988381385803223e-01
9.991218447685241699e-01
1.000000000000000000e+00
1.000000000000000000e+00
9.996672868728637695e-01
1.000000000000000000e+00
8.709630966186523438e-01
8.695538640022277832e-01
8.012471795082092285e-01
1.000000000000000000e+00
1.000000000000000000e+00
8.631785511970520020e-01
9.733099341392517090e-01
9.965391755104064941e-01
8.704710006713867188e-01
7.348284721374511719e-01
8.371814489364624023e-01
9.477733373641967773e-01
7.825155854225158691e-01
9.568616747856140137e-01
6.732291579246520996e-01
6.941541433334350586e-01
8.206039667129516602e-01
9.001238346099853516e-01
1.000000000000000000e+00
7.887265086174011230e-01
1.000000000000000000e+00
7.246352434158325195e-01
8.040046691894531250e-01
8.939138054847717285e-01
7.255954742431640625e-01
1.000000000000000000e+00
1.000000000000000000e+00
9.320878982543945312e-01
1.000000000000000000e+00
7.729973793029785156e-01
8.751106858253479004e-01
6.715313792228698730e-01
6.678271293640136719e-01
8.487071990966796875e-01
9.996411204338073730e-01
5.893081426620483398e-01
8.203316330909729004e-01
9.265950322151184082e-01
7.782293558120727539e-01
1.000000000000000000e+00
7.491030693054199219e-01
6.273250579833984375e-01
1.000000000000000000e+00
9.139202833175659180e-01
8.145558834075927734e-01
9.931383728981018066e-01
6.879465579986572266e-01
1.000000000000000000e+00
7.902218103408813477e-01
8.440623283386230469e-01
1.000000000000000000e+00
1.000000000000000000e+00
9.380225539207458496e-01
8.035983443260192871e-01
1.000000000000000000e+00
1.000000000000000000e+00
6.419376730918884277e-01
8.372876644134521484e-01
1.000000000000000000e+00
1.000000000000000000e+00
6.616172194480895996e-01
8.807614445686340332e-01
1.000000000000000000e+00
8.918713927268981934e-01
6.465456485748291016e-01
6.240165829658508301e-01
1.000000000000000000e+00
7.734656333923339844e-01
8.420183658599853516e-01
9.996830821037292480e-01
6.975117921829223633e-01
6.244649887084960938e-01
6.579161882400512695e-01
5.995464324951171875e-01
9.139013290405273438e-01
6.983253955841064453e-01
1.000000000000000000e+00
9.993758797645568848e-01
7.596712112426757812e-01
7.464764714241027832e-01
1.000000000000000000e+00
9.831911921501159668e-01
1.000000000000000000e+00
7.601537108421325684e-01
7.987495660781860352e-01
6.488444805145263672e-01
1.000000000000000000e+00
8.199998140335083008e-01
9.234331250190734863e-01
9.460450410842895508e-01
1.000000000000000000e+00
1.000000000000000000e+00
9.085148572921752930e-01
1.000000000000000000e+00
8.453841209411621094e-01
6.799756288528442383e-01
7.917714118957519531e-01
6.590219736099243164e-01
7.735604047775268555e-01
9.299381971359252930e-01
6.647794246673583984e-01
6.054875850677490234e-01
9.547432661056518555e-01
9.832394719123840332e-01
1.000000000000000000e+00
8.238901495933532715e-01
6.854295730590820312e-01
1.000000000000000000e+00
1.000000000000000000e+00
7.489922046661376953e-01
6.535189151763916016e-01
5.969327688217163086e-01
9.191070199012756348e-01
7.537053823471069336e-01
8.470464348793029785e-01
1.000000000000000000e+00
7.584641575813293457e-01
9.028014540672302246e-01
7.862801551818847656e-01
8.802369236946105957e-01
7.413799762725830078e-01
1.000000000000000000e+00
7.355928421020507812e-01
5.832870006561279297e-01
7.208715677261352539e-01
9.441762566566467285e-01
7.466812133789062500e-01
9.760663509368896484e-01
6.651912927627563477e-01
9.999992251396179199e-01
1.000000000000000000e+00
9.948035478591918945e-01
9.423049688339233398e-01
6.621591448783874512e-01
1.000000000000000000e+00
1.000000000000000000e+00
8.692497611045837402e-01
6.495354175567626953e-01
7.252218723297119141e-01
5.843019485473632812e-01
6.270952224731445312e-01
1.000000000000000000e+00
8.957051038742065430e-01
1.000000000000000000e+00
7.634996175765991211e-01
8.831468820571899414e-01
1.000000000000000000e+00
7.121549844741821289e-01
1.000000000000000000e+00
9.386339187622070312e-01
7.954427003860473633e-01
6.903971433639526367e-01
8.661854863166809082e-01
1.000000000000000000e+00
1.000000000000000000e+00
6.640061736106872559e-01
7.559792995452880859e-01
6.253174543380737305e-01
8.270770311355590820e-01
1.000000000000000000e+00
9.589225053787231445e-01
5.356166958808898926e-01
8.482917547225952148e-01
1.000000000000000000e+00
9.993248581886291504e-01
9.999799728393554688e-01
6.905221939086914062e-01
9.796786904335021973e-01
1.000000000000000000e+00
8.008016943931579590e-01
6.105049848556518555e-01
7.895900011062622070e-01
7.667306065559387207e-01
1.000000000000000000e+00
1.000000000000000000e+00
1.000000000000000000e+00
9.637793302536010742e-01
8.607754707336425781e-01
1.000000000000000000e+00
7.967697978019714355e-01
1.000000000000000000e+00
7.730810046195983887e-01
9.688840508460998535e-01
6.419287919998168945e-01
8.771088719367980957e-01
5.298588871955871582e-01
7.445405125617980957e-01
9.414993524551391602e-01
9.993183612823486328e-01
7.283469438552856445e-01
9.453475475311279297e-01
6.473979949951171875e-01
7.795254588127136230e-01
9.642603993415832520e-01
8.268190026283264160e-01
9.999979734420776367e-01
1.000000000000000000e+00
8.927901983261108398e-01
9.750109314918518066e-01
6.678623557090759277e-01
7.466701865196228027e-01
9.558326005935668945e-01
1.000000000000000000e+00
9.478947520256042480e-01
1.000000000000000000e+00
6.944425106048583984e-01
7.534177303314208984e-01
8.421681523323059082e-01
7.971852421760559082e-01
6.619115471839904785e-01
7.006570100784301758e-01
9.999613761901855469e-01
8.445885181427001953e-01
9.881244897842407227e-01
1.000000000000000000e+00
9.576394557952880859e-01
1.000000000000000000e+00
8.985525369644165039e-01
1.000000000000000000e+00
8.279517889022827148e-01
8.176389336585998535e-01
9.626511335372924805e-01
1.000000000000000000e+00
8.605562448501586914e-01
7.795791625976562500e-01
9.998830556869506836e-01
1.000000000000000000e+00
7.563479542732238770e-01
9.227125644683837891e-01
9.998963475227355957e-01
6.867686510086059570e-01
7.297793030738830566e-01
1.000000000000000000e+00
8.446194529533386230e-01
6.888584494590759277e-01
7.304909229278564453e-01
8.704748153686523438e-01
1.000000000000000000e+00
6.918435096740722656e-01
7.479261755943298340e-01
6.678107976913452148e-01
8.610656857490539551e-01
7.755372524261474609e-01
7.845691442489624023e-01
9.999658465385437012e-01
1.000000000000000000e+00
6.207737922668457031e-01
9.408950805664062500e-01
9.999951124191284180e-01
5.924794077873229980e-01
7.187354564666748047e-01
5.673989653587341309e-01
8.427385687828063965e-01
9.958449602127075195e-01
9.801541566848754883e-01
1.000000000000000000e+00
6.705182194709777832e-01
6.143966913223266602e-01
8.588153719902038574e-01
8.458247184753417969e-01
1.000000000000000000e+00
1.000000000000000000e+00
8.885704278945922852e-01
1.000000000000000000e+00
9.998891353607177734e-01
6.249746680259704590e-01
8.217388987541198730e-01
6.020165681838989258e-01
9.990620613098144531e-01
6.078907251358032227e-01
1.000000000000000000e+00
9.953863620758056641e-01
1.000000000000000000e+00
1.000000000000000000e+00
9.827014207839965820e-01
1.000000000000000000e+00
1.000000000000000000e+00
9.953448772430419922e-01
1.000000000000000000e+00
8.950021266937255859e-01
1.000000000000000000e+00
7.188642024993896484e-01
9.992929697036743164e-01
9.877912998199462891e-01
1.000000000000000000e+00
7.032475471496582031e-01
1.000000000000000000e+00
7.716017961502075195e-01
8.287266492843627930e-01
6.895546913146972656e-01
9.319531321525573730e-01
9.541556239128112793e-01
5.448049902915954590e-01
8.942273855209350586e-01
7.820301651954650879e-01
7.057119607925415039e-01
9.417585134506225586e-01
9.966697096824645996e-01
1.000000000000000000e+00
8.401343822479248047e-01
1.000000000000000000e+00
1.000000000000000000e+00
9.991747736930847168e-01
9.998794198036193848e-01
1.000000000000000000e+00
9.194586873054504395e-01
7.169901132583618164e-01
8.809748291969299316e-01
1.000000000000000000e+00
1.000000000000000000e+00
9.195996522903442383e-01
6.298595666885375977e-01
9.282886981964111328e-01
9.438227415084838867e-01
7.523509263992309570e-01
1.000000000000000000e+00
7.724000811576843262e-01
7.861053347587585449e-01
9.998540282249450684e-01
1.000000000000000000e+00
1.000000000000000000e+00
6.614123582839965820e-01
6.138630509376525879e-01
9.083751440048217773e-01
1.000000000000000000e+00
8.949411511421203613e-01
7.250435352325439453e-01
5.860269069671630859e-01
1.000000000000000000e+00
9.992628693580627441e-01
6.846736669540405273e-01
7.054196000099182129e-01
9.974071383476257324e-01
8.763772249221801758e-01
7.294541597366333008e-01
5.533592700958251953e-01
1.000000000000000000e+00
1.000000000000000000e+00
8.985791802406311035e-01
1.000000000000000000e+00
9.999985098838806152e-01
5.450440645217895508e-01
7.850645184516906738e-01
6.598358750343322754e-01
7.943208813667297363e-01
6.822571158409118652e-01
1.000000000000000000e+00
1.000000000000000000e+00
8.381400108337402344e-01
1.000000000000000000e+00
1.000000000000000000e+00
1.000000000000000000e+00
5.285544395446777344e-01
9.519490003585815430e-01
1.000000000000000000e+00
1.000000000000000000e+00
8.862165212631225586e-01
9.999834299087524414e-01
8.499658107757568359e-01
1.000000000000000000e+00
8.680247068405151367e-01
7.212198376655578613e-01
1.000000000000000000e+00
6.049340367317199707e-01
6.406788825988769531e-01
1.000000000000000000e+00
9.254806041717529297e-01
9.661822915077209473e-01
7.346957921981811523e-01
9.177256822586059570e-01
1.000000000000000000e+00
9.999999403953552246e-01
6.989378929138183594e-01
7.465025782585144043e-01
8.135775923728942871e-01
7.008855938911437988e-01
7.628967761993408203e-01
6.215811371803283691e-01
7.637948989868164062e-01
1.000000000000000000e+00
1.000000000000000000e+00
6.648368835449218750e-01
1.000000000000000000e+00
1.000000000000000000e+00
8.312909603118896484e-01
6.892039775848388672e-01
7.935725450515747070e-01
1.000000000000000000e+00
1.000000000000000000e+00
1.000000000000000000e+00
6.092675924301147461e-01
9.196641445159912109e-01
9.999005198478698730e-01
7.977895736694335938e-01
1.000000000000000000e+00
5.705028772354125977e-01
9.782544970512390137e-01
5.987955331802368164e-01
7.913260459899902344e-01
1.000000000000000000e+00
6.287568211555480957e-01
6.676926612854003906e-01
9.379606842994689941e-01
9.864401221275329590e-01
1.000000000000000000e+00
7.863192558288574219e-01
8.586083054542541504e-01
7.801641225814819336e-01
8.859729170799255371e-01
8.346350789070129395e-01
1.000000000000000000e+00
1.000000000000000000e+00
8.849824666976928711e-01
5.858829021453857422e-01
8.167241811752319336e-01
7.631362676620483398e-01
6.491963863372802734e-01
1.000000000000000000e+00
6.784175634384155273e-01
9.877002835273742676e-01
9.590005278587341309e-01
1.000000000000000000e+00
6.973072290420532227e-01
9.994071722030639648e-01
1.000000000000000000e+00
1.000000000000000000e+00
8.268939256668090820e-01
7.998251914978027344e-01
1.000000000000000000e+00
8.653075098991394043e-01
6.383019089698791504e-01
6.281708478927612305e-01
8.123543858528137207e-01
9.131299257278442383e-01
9.973186850547790527e-01
8.015751838684082031e-01
1.000000000000000000e+00
1.000000000000000000e+00
9.053045511245727539e-01
1.000000000000000000e+00
9.989002346992492676e-01
9.380075335502624512e-01
7.770333290100097656e-01
1.000000000000000000e+00
6.266049742698669434e-01
6.983829736709594727e-01
7.048571109771728516e-01
1.000000000000000000e+00
1.000000000000000000e+00
1.000000000000000000e+00
6.184912919998168945e-01
9.241844415664672852e-01
1.000000000000000000e+00
9.987443685531616211e-01
7.915816903114318848e-01
1.000000000000000000e+00
5.772547125816345215e-01
7.736060023307800293e-01
6.806190013885498047e-01
9.847405552864074707e-01
7.427495718002319336e-01
7.650353312492370605e-01
1.000000000000000000e+00
1.000000000000000000e+00
9.403586983680725098e-01
8.368971347808837891e-01
8.578099608421325684e-01
1.000000000000000000e+00
7.425515651702880859e-01
9.666628241539001465e-01
9.178771972656250000e-01
7.408425807952880859e-01
7.759079933166503906e-01
7.782423496246337891e-01
9.703261852264404297e-01
1.000000000000000000e+00
7.344091534614562988e-01
7.117552757263183594e-01
6.956388354301452637e-01
5.484249591827392578e-01
6.055029034614562988e-01
7.389554977416992188e-01
6.035457849502563477e-01
6.110861897468566895e-01
8.755680918693542480e-01
7.725323438644409180e-01
6.552463769912719727e-01
9.629973769187927246e-01
9.896965622901916504e-01
9.999149441719055176e-01
9.499425292015075684e-01
8.217329382896423340e-01
7.844549417495727539e-01
1.000000000000000000e+00
1.000000000000000000e+00
6.963502168655395508e-01
6.239848732948303223e-01
9.952349662780761719e-01
8.331071138381958008e-01
6.185500621795654297e-01
1.000000000000000000e+00
7.818828821182250977e-01
7.929637432098388672e-01
1.000000000000000000e+00
8.083978891372680664e-01
9.999415874481201172e-01
8.519045114517211914e-01
8.436837196350097656e-01
1.000000000000000000e+00
6.402329206466674805e-01
7.765505313873291016e-01
6.386780738830566406e-01
7.854998707771301270e-01
7.561122179031372070e-01
1.000000000000000000e+00
8.290501236915588379e-01
7.972636222839355469e-01
1.000000000000000000e+00
7.751996517181396484e-01
1.000000000000000000e+00
1.000000000000000000e+00
1.000000000000000000e+00
5.838871002197265625e-01
8.515253663063049316e-01
9.309005141258239746e-01
8.867841958999633789e-01
4.915614724159240723e-01
8.351187705993652344e-01
1.000000000000000000e+00
8.455010056495666504e-01
5.679032206535339355e-01
9.894356131553649902e-01
1.000000000000000000e+00
5.522491931915283203e-01
9.994889497756958008e-01
7.655495405197143555e-01
6.335981488227844238e-01
9.438735246658325195e-01
9.475831389427185059e-01
5.855262279510498047e-01
8.899831175804138184e-01
1.000000000000000000e+00
9.796214103698730469e-01
9.020309448242187500e-01
9.613887667655944824e-01
6.801900863647460938e-01
9.804872274398803711e-01
8.292353153228759766e-01
1.000000000000000000e+00
9.894184470176696777e-01
7.041726112365722656e-01
9.505715370178222656e-01
1.000000000000000000e+00
6.402447223663330078e-01
1.000000000000000000e+00
8.778641223907470703e-01
1.000000000000000000e+00
9.964970350265502930e-01
5.618714094161987305e-01
9.802242517471313477e-01
8.450229167938232422e-01
9.931129217147827148e-01
8.878554105758666992e-01
9.977862238883972168e-01
7.307642698287963867e-01
9.622884392738342285e-01
7.795380949974060059e-01
8.105987310409545898e-01
1.000000000000000000e+00
9.556988477706909180e-01
8.096931576728820801e-01
1.000000000000000000e+00
7.834932804107666016e-01
7.619857788085937500e-01
1.000000000000000000e+00
6.927763819694519043e-01
9.577116370201110840e-01
5.021957755088806152e-01
1.000000000000000000e+00
8.204331398010253906e-01
1.000000000000000000e+00
7.134450078010559082e-01
9.529181718826293945e-01
8.700806498527526855e-01
7.968174219131469727e-01
1.000000000000000000e+00
8.508493304252624512e-01
6.496191620826721191e-01
6.852532029151916504e-01
1.000000000000000000e+00
6.226827502250671387e-01
5.562878847122192383e-01
7.230450510978698730e-01
1.000000000000000000e+00
7.777047157287597656e-01
5.980914831161499023e-01
9.997192621231079102e-01
7.815736532211303711e-01
5.811135768890380859e-01
7.049285173416137695e-01
8.260756731033325195e-01
8.325345516204833984e-01
7.210930585861206055e-01
1.000000000000000000e+00
5.997761487960815430e-01
8.818026781082153320e-01
1.000000000000000000e+00
6.237407326698303223e-01
1.000000000000000000e+00
1.000000000000000000e+00
1.000000000000000000e+00
8.366604447364807129e-01
8.456951379776000977e-01
6.337899565696716309e-01
5.463917851448059082e-01
8.985297083854675293e-01
5.549998283386230469e-01
1.000000000000000000e+00
9.888139367103576660e-01
8.518081903457641602e-01
1.000000000000000000e+00
8.168596625328063965e-01
5.928367972373962402e-01
6.253348588943481445e-01
9.918530583381652832e-01
6.999030113220214844e-01
6.272700428962707520e-01
7.380707263946533203e-01
6.553024649620056152e-01
6.753931045532226562e-01
8.856166005134582520e-01
7.057062387466430664e-01
8.793132901191711426e-01
1.000000000000000000e+00
8.496314287185668945e-01
1.000000000000000000e+00
4.954043626785278320e-01
9.306775331497192383e-01
6.684739589691162109e-01
8.894523978233337402e-01
8.347105383872985840e-01
9.061526060104370117e-01
7.083837985992431641e-01
7.511798143386840820e-01
7.808146476745605469e-01
1.000000000000000000e+00
7.431459426879882812e-01
5.777420401573181152e-01
9.999591708183288574e-01
1.000000000000000000e+00
9.030160903930664062e-01
7.119430303573608398e-01
7.939673662185668945e-01
7.191181182861328125e-01
6.097527146339416504e-01
4.948025941848754883e-01
8.069334030151367188e-01
9.996392726898193359e-01
5.534464120864868164e-01
5.889496803283691406e-01
1.000000000000000000e+00
9.464815855026245117e-01
6.426692008972167969e-01
6.678892970085144043e-01
1.000000000000000000e+00
9.680429697036743164e-01
8.426190614700317383e-01
1.000000000000000000e+00
