1.000000000000000000e+00
9.915812015533447266e-01
9.504145979881286621e-01
9.912597537040710449e-01
9.607086181640625000e-01
9.391839504241943359e-01
9.999931454658508301e-01
9.664544463157653809e-01
9.221304059028625488e-01
8.867438435554504395e-01
9.949854016304016113e-01
1.000000000000000000e+00
1.000000000000000000e+00
9.234914779663085938e-01
1.000000000000000000e+00
9.630454778671264648e-01
8.756307363510131836e-01
9.492256045341491699e-01
9.022102355957031250e-01
9.942750334739685059e-01
9.023110866546630859e-01
9.747257232666015625e-01
1.000000000000000000e+00
9.706955552101135254e-01
1.000000000000000000e+00
9.950261116027832031e-01
1.000000000000000000e+00
9.517554044723510742e-01
8.510970473289489746e-01
8.815835714340209961e-01
1.000000000000000000e+00
9.291771054267883301e-01
9.481520652770996094e-01
1.000000000000000000e+00
9.596433043479919434e-01
9.022055864334106445e-01
9.618287086486816406e-01
9.990278482437133789e-01
1.000000000000000000e+00
9.607115387916564941e-01
9.484023451805114746e-01
9.880144000053405762e-01
9.531888961791992188e-01
1.000000000000000000e+00
9.007467031478881836e-01
1.000000000000000000e+00
8.460074067115783691e-01
9.458963274955749512e-01
1.000000000000000000e+00
9.040854573249816895e-01
9.868896603584289551e-01
1.000000000000000000e+00
9.981698989868164062e-01
8.642095327377319336e-01
9.974521994590759277e-01
1.000000000000000000e+00
1.000000000000000000e+00
9.520782232284545898e-01
9.077640175819396973e-01
9.486051201820373535e-01
9.925608634948730469e-01
9.974334836006164551e-01
8.881431818008422852e-01
1.000000000000000000e+00
8.152859210968017578e-01
9.612451791763305664e-01
9.088652729988098145e-01
8.767139911651611328e-01
8.854253292083740234e-01
1.000000000000000000e+00
8.137139678001403809e-01
9.948570132255554199e-01
9.771747589111328125e-01
9.802157282829284668e-01
1.000000000000000000e+00
8.583707809448242188e-01
1.000000000000000000e+00
9.884198904037475586e-01
9.799409508705139160e-01
8.939452171325683594e-01
1.000000000000000000e+00
8.496068716049194336e-01
8.893257379531860352e-01
8.954645991325378418e-01
8.857195377349853516e-01
8.866997957229614258e-01
1.000000000000000000e+00
1.000000000000000000e+00
8.129329681396484375e-01
9.353184700012207031e-01
7.992662787437438965e-01
7.618006467819213867e-01
7.239898443222045898e-01
1.000000000000000000e+00
1.000000000000000000e+00
8.973389863967895508e-01
7.623485922813415527e-01
8.399478793144226074e-01
7.380294203758239746e-01
9.209014177322387695e-01
1.000000000000000000e+00
9.224771857261657715e-01
7.264001965522766113e-01
8.425695896148681641e-01
7.749727964401245117e-01
1.000000000000000000e+00
8.624805212020874023e-01
8.611995577812194824e-01
9.591766595840454102e-01
7.895057797431945801e-01
8.813396096229553223e-01
8.634748458862304688e-01
8.556901216506958008e-01
9.822474718093872070e-01
7.973391413688659668e-01
1.000000000000000000e+00
9.992049932479858398e-01
1.000000000000000000e+00
9.999283552169799805e-01
9.989937543869018555e-01
8.571175336837768555e-01
8.495301604270935059e-01
9.897140860557556152e-01
1.000000000000000000e+00
8.816916942596435547e-01
8.737975358963012695e-01
1.000000000000000000e+00
1.000000000000000000e+00
8.956324458122253418e-01
8.168379664421081543e-01
1.000000000000000000e+00
9.938658475875854492e-01
8.864675164222717285e-01
8.293451070785522461e-01
9.530720710754394531e-01
6.713150739669799805e-01
8.333829045295715332e-01
1.000000000000000000e+00
1.000000000000000000e+00
8.699063658714294434e-01
8.606806993484497070e-01
1.000000000000000000e+00
1.000000000000000000e+00
8.778419494628906250e-01
7.355544567108154297e-01
9.993600249290466309e-01
9.999924898147583008e-01
8.095542788505554199e-01
1.000000000000000000e+00
8.912708759307861328e-01
1.000000000000000000e+00
9.425536990165710449e-01
1.000000000000000000e+00
9.934892058372497559e-01
7.769682407379150391e-01
7.960095405578613281e-01
9.014813303947448730e-01
1.000000000000000000e+00
8.073046207427978516e-01
8.489367365837097168e-01
8.785179853439331055e-01
1.000000000000000000e+00
7.253690958023071289e-01
7.368248701095581055e-01
9.378629326820373535e-01
1.000000000000000000e+00
8.450694084167480469e-01
9.956028461456298828e-01
1.000000000000000000e+00
9.682705998420715332e-01
1.000000000000000000e+00
7.508836984634399414e-01
9.701002240180969238e-01
8.586307764053344727e-01
8.398090004920959473e-01
8.229209780693054199e-01
1.000000000000000000e+00
1.000000000000000000e+00
9.403240084648132324e-01
7.967526912689208984e-01
8.774763941764831543e-01
7.423080205917358398e-01
1.000000000000000000e+00
8.670743703842163086e-01
8.628430962562561035e-01
1.000000000000000000e+00
9.622256755828857422e-01
7.617678642272949219e-01
9.587094783782958984e-01
8.124694824218750000e-01
8.309401273727416992e-01
9.191488027572631836e-01
7.911014556884765625e-01
9.998348951339721680e-01
8.055559396743774414e-01
9.995982646942138672e-01
7.355540990829467773e-01
8.755212426185607910e-01
9.994438290596008301e-01
7.849075794219970703e-01
7.964524030685424805e-01
9.992855191230773926e-01
1.000000000000000000e+00
8.564516305923461914e-01
1.000000000000000000e+00
9.264338612556457520e-01
9.155616760253906250e-01
7.653119564056396484e-01
9.312932491302490234e-01
8.563575744628906250e-01
8.465607166290283203e-01
7.571731209754943848e-01
7.915462851524353027e-01
7.478536367416381836e-01
1.000000000000000000e+00
7.714974284172058105e-01
8.447319865226745605e-01
1.000000000000000000e+00
1.000000000000000000e+00
8.119565844535827637e-01
8.939921259880065918e-01
9.759405851364135742e-01
1.000000000000000000e+00
8.397246003150939941e-01
7.441338300704956055e-01
1.000000000000000000e+00
9.219204187393188477e-01
9.958207011222839355e-01
7.771053910255432129e-01
8.588237762451171875e-01
1.000000000000000000e+00
8.156548142433166504e-01
1.000000000000000000e+00
7.417973875999450684e-01
8.469957113265991211e-01
1.000000000000000000e+00
9.990612268447875977e-01
1.000000000000000000e+00
6.976677179336547852e-01
7.411738038063049316e-01
7.433872222900390625e-01
8.745964169502258301e-01
1.000000000000000000e+00
9.297735691070556641e-01
9.524794220924377441e-01
8.312750458717346191e-01
1.000000000000000000e+00
1.000000000000000000e+00
7.918900251388549805e-01
9.999089837074279785e-01
1.000000000000000000e+00
7.999951839447021484e-01
1.000000000000000000e+00
7.828898429870605469e-01
7.684959173202514648e-01
1.000000000000000000e+00
9.122965335845947266e-01
8.595831394195556641e-01
7.184658050537109375e-01
8.753921389579772949e-01
1.000000000000000000e+00
1.000000000000000000e+00
8.372992873191833496e-01
7.907117605209350586e-01
8.304215669631958008e-01
9.417546391487121582e-01
9.998539090156555176e-01
8.769101500511169434e-01
7.683035731315612793e-01
7.494822740554809570e-01
9.984183907508850098e-01
9.327883124351501465e-01
9.042438268661499023e-01
1.000000000000000000e+00
8.823842406272888184e-01
6.611622571945190430e-01
8.589669466018676758e-01
8.625578284263610840e-01
8.364685773849487305e-01
8.236300945281982422e-01
7.389857769012451172e-01
1.000000000000000000e+00
8.723734617233276367e-01
7.434101700782775879e-01
7.615991234779357910e-01
8.700470924377441406e-01
8.588802814483642578e-01
9.623737931251525879e-01
9.107336997985839844e-01
9.995450973510742188e-01
1.000000000000000000e+00
1.000000000000000000e+00
1.000000000000000000e+00
7.399418950080871582e-01
6.614015698432922363e-01
7.262223362922668457e-01
9.125936031341552734e-01
1.000000000000000000e+00
7.580155134201049805e-01
7.547880411148071289e-01
9.987639188766479492e-01
6.940658092498779297e-01
7.930855154991149902e-01
6.809655427932739258e-01
7.672520279884338379e-01
8.034023046493530273e-01
1.000000000000000000e+00
1.000000000000000000e+00
8.122812509536743164e-01
1.000000000000000000e+00
1.000000000000000000e+00
7.998914122581481934e-01
8.542999029159545898e-01
7.458820343017578125e-01
8.909585475921630859e-01
7.839644551277160645e-01
9.005379080772399902e-01
7.585718035697937012e-01
1.000000000000000000e+00
7.300879359245300293e-01
1.000000000000000000e+00
8.760491609573364258e-01
7.049446105957031250e-01
1.000000000000000000e+00
7.964442372322082520e-01
9.980368614196777344e-01
9.545669555664062500e-01
8.378333449363708496e-01
8.392341136932373047e-01
6.681159138679504395e-01
1.000000000000000000e+00
9.987401366233825684e-01
8.327866792678833008e-01
7.742421627044677734e-01
7.352645397186279297e-01
8.344215154647827148e-01
9.024165272712707520e-01
9.389755129814147949e-01
8.738628029823303223e-01
1.000000000000000000e+00
1.000000000000000000e+00
1.000000000000000000e+00
7.692282795906066895e-01
7.747055292129516602e-01
8.780906200408935547e-01
8.525676727294921875e-01
1.000000000000000000e+00
7.931160330772399902e-01
8.547108769416809082e-01
7.952359318733215332e-01
8.499534726142883301e-01
1.000000000000000000e+00
1.000000000000000000e+00
1.000000000000000000e+00
1.000000000000000000e+00
7.602469921112060547e-01
7.617139816284179688e-01
8.319854736328125000e-01
1.000000000000000000e+00
7.612928152084350586e-01
8.183450698852539062e-01
8.812372684478759766e-01
1.000000000000000000e+00
8.041053414344787598e-01
1.000000000000000000e+00
1.000000000000000000e+00
1.000000000000000000e+00
7.829368114471435547e-01
9.663537144660949707e-01
8.579033017158508301e-01
9.535993933677673340e-01
8.774439692497253418e-01
1.000000000000000000e+00
9.777168631553649902e-01
7.778118848800659180e-01
9.202180504798889160e-01
1.000000000000000000e+00
1.000000000000000000e+00
8.462097644805908203e-01
7.032746076583862305e-01
8.000601530075073242e-01
1.000000000000000000e+00
9.995279312133789062e-01
9.991959333419799805e-01
1.000000000000000000e+00
9.995384216308593750e-01
8.035680055618286133e-01
7.501860857009887695e-01
9.159592986106872559e-01
8.485636711120605469e-01
9.324856400489807129e-01
9.996106624603271484e-01
7.275452017784118652e-01
9.281901717185974121e-01
9.730211496353149414e-01
8.202154040336608887e-01
1.000000000000000000e+00
1.000000000000000000e+00
9.999973773956298828e-01
7.023215293884277344e-01
9.998496770858764648e-01
9.982380867004394531e-01
9.999543428421020508e-01
9.374551177024841309e-01
9.196472764015197754e-01
8.446680903434753418e-01
7.669069170951843262e-01
8.569506406784057617e-01
9.234008193016052246e-01
1.000000000000000000e+00
9.995780587196350098e-01
6.866291761398315430e-01
1.000000000000000000e+00
8.047273159027099609e-01
1.000000000000000000e+00
1.000000000000000000e+00
8.515844941139221191e-01
7.772507667541503906e-01
1.000000000000000000e+00
6.764652729034423828e-01
1.000000000000000000e+00
8.425456881523132324e-01
9.988076686859130859e-01
8.254727125167846680e-01
7.300878763198852539e-01
9.983708858489990234e-01
8.511679768562316895e-01
9.354331493377685547e-01
7.247605323791503906e-01
9.518969655036926270e-01
7.458859086036682129e-01
7.732276916503906250e-01
7.518048286437988281e-01
7.462224960327148438e-01
9.999520778656005859e-01
8.216636776924133301e-01
8.737753629684448242e-01
1.000000000000000000e+00
8.789435625076293945e-01
8.769916296005249023e-01
1.000000000000000000e+00
8.407365083694458008e-01
8.368703126907348633e-01
1.000000000000000000e+00
1.000000000000000000e+00
1.000000000000000000e+00
7.413644790649414062e-01
9.992944002151489258e-01
9.209053516387939453e-01
9.993866682052612305e-01
9.997417926788330078e-01
9.246335625648498535e-01
7.242192625999450684e-01
7.290716171264648438e-01
7.529066801071166992e-01
9.974506497383117676e-01
7.524549365043640137e-01
7.677916288375854492e-01
1.000000000000000000e+00
7.791903614997863770e-01
1.000000000000000000e+00
6.813310980796813965e-01
8.950598239898681641e-01
9.863446950912475586e-01
9.709621667861938477e-01
9.986349940299987793e-01
8.789736628532409668e-01
7.469775080680847168e-01
1.000000000000000000e+00
9.623537063598632812e-01
7.819145917892456055e-01
7.490500211715698242e-01
1.000000000000000000e+00
8.599308729171752930e-01
8.904557228088378906e-01
8.565676808357238770e-01
8.571044206619262695e-01
9.911485910415649414e-01
1.000000000000000000e+00
8.738625049591064453e-01
8.265310525894165039e-01
8.570424914360046387e-01
8.018953204154968262e-01
7.009976506233215332e-01
8.746163845062255859e-01
9.671203494071960449e-01
8.608442544937133789e-01
9.185777902603149414e-01
1.000000000000000000e+00
9.145844578742980957e-01
1.000000000000000000e+00
8.352367877960205078e-01
9.030222296714782715e-01
7.893900275230407715e-01
8.047577142715454102e-01
9.883897304534912109e-01
1.000000000000000000e+00
7.288515567779541016e-01
1.000000000000000000e+00
7.912740707397460938e-01
1.000000000000000000e+00
1.000000000000000000e+00
8.324166536331176758e-01
1.000000000000000000e+00
8.968575596809387207e-01
7.939988970756530762e-01
7.881250381469726562e-01
9.807136058807373047e-01
7.801942229270935059e-01
9.744694828987121582e-01
7.000374794006347656e-01
9.976788759231567383e-01
1.000000000000000000e+00
7.590526938438415527e-01
7.323048114776611328e-01
8.315975666046142578e-01
1.000000000000000000e+00
8.030707836151123047e-01
1.000000000000000000e+00
8.236897587776184082e-01
1.000000000000000000e+00
7.959381937980651855e-01
1.000000000000000000e+00
1.000000000000000000e+00
7.273148298263549805e-01
1.000000000000000000e+00
9.836878180503845215e-01
8.526866436004638672e-01
6.777818202972412109e-01
8.349354863166809082e-01
1.000000000000000000e+00
7.958770990371704102e-01
7.313076853752136230e-01
6.595653295516967773e-01
7.997490167617797852e-01
7.654839754104614258e-01
8.934652805328369141e-01
7.999243736267089844e-01
8.462019562721252441e-01
9.208003282546997070e-01
8.123862147331237793e-01
9.349582791328430176e-01
9.227528572082519531e-01
9.997534751892089844e-01
9.062489271163940430e-01
7.194992303848266602e-01
9.925593137741088867e-01
8.544627428054809570e-01
9.895511269569396973e-01
1.000000000000000000e+00
8.635975122451782227e-01
8.149147033691406250e-01
8.803075551986694336e-01
8.405407071113586426e-01
7.875989675521850586e-01
9.999014139175415039e-01
7.436090707778930664e-01
7.835212945938110352e-01
7.032209634780883789e-01
8.595773577690124512e-01
7.402265071868896484e-01
7.548978924751281738e-01
8.221895098686218262e-01
8.219040036201477051e-01
1.000000000000000000e+00
1.000000000000000000e+00
7.298989295959472656e-01
7.916975021362304688e-01
8.144617676734924316e-01
7.841649651527404785e-01
1.000000000000000000e+00
8.509402275085449219e-01
1.000000000000000000e+00
1.000000000000000000e+00
6.820682287216186523e-01
1.000000000000000000e+00
1.000000000000000000e+00
8.144037723541259766e-01
7.255061864852905273e-01
1.000000000000000000e+00
1.000000000000000000e+00
7.449978590011596680e-01
1.000000000000000000e+00
1.000000000000000000e+00
7.907649278640747070e-01
7.842210531234741211e-01
8.066963553428649902e-01
7.855517268180847168e-01
8.764297962188720703e-01
8.324114084243774414e-01
9.994541406631469727e-01
1.000000000000000000e+00
1.000000000000000000e+00
7.912358045578002930e-01
7.487475872039794922e-01
9.100322723388671875e-01
1.000000000000000000e+00
9.999032020568847656e-01
1.000000000000000000e+00
9.949533343315124512e-01
7.625146508216857910e-01
8.073574900627136230e-01
9.890078902244567871e-01
7.026694416999816895e-01
7.594365477561950684e-01
9.999995231628417969e-01
9.999966621398925781e-01
9.132672548294067383e-01
8.999246358871459961e-01
9.996637701988220215e-01
1.000000000000000000e+00
1.000000000000000000e+00
1.000000000000000000e+00
1.000000000000000000e+00
8.124907016754150391e-01
9.997415542602539062e-01
1.000000000000000000e+00
1.000000000000000000e+00
7.318173050880432129e-01
9.399660229682922363e-01
9.934878945350646973e-01
1.000000000000000000e+00
1.000000000000000000e+00
7.669649720191955566e-01
7.711676359176635742e-01
9.212739467620849609e-01
8.900016546249389648e-01
8.011323213577270508e-01
1.000000000000000000e+00
7.483415603637695312e-01
9.999676346778869629e-01
7.218511104583740234e-01
8.697105646133422852e-01
1.000000000000000000e+00
8.617287278175354004e-01
9.460319280624389648e-01
1.000000000000000000e+00
6.832212805747985840e-01
7.870874404907226562e-01
9.999049305915832520e-01
8.759751915931701660e-01
1.000000000000000000e+00
7.939625382423400879e-01
9.995261430740356445e-01
1.000000000000000000e+00
6.778959035873413086e-01
8.494060039520263672e-01
1.000000000000000000e+00
1.000000000000000000e+00
8.007516264915466309e-01
7.820508480072021484e-01
9.027443528175354004e-01
8.343436121940612793e-01
7.777770757675170898e-01
6.758350133895874023e-01
7.833231687545776367e-01
7.405778169631958008e-01
8.202043771743774414e-01
1.000000000000000000e+00
8.261272907257080078e-01
1.000000000000000000e+00
1.000000000000000000e+00
9.997722506523132324e-01
9.997690916061401367e-01
6.774361729621887207e-01
7.209153175354003906e-01
1.000000000000000000e+00
7.912652492523193359e-01
7.642847299575805664e-01
1.000000000000000000e+00
1.000000000000000000e+00
6.891086101531982422e-01
9.106001257896423340e-01
1.000000000000000000e+00
1.000000000000000000e+00
6.898501515388488770e-01
8.138192296028137207e-01
7.922204732894897461e-01
8.180053234100341797e-01
9.099956750869750977e-01
7.877244949340820312e-01
9.999065399169921875e-01
1.000000000000000000e+00
1.000000000000000000e+00
7.341796159744262695e-01
7.042340040206909180e-01
7.014988660812377930e-01
1.000000000000000000e+00
1.000000000000000000e+00
9.999999403953552246e-01
7.501468658447265625e-01
8.298509716987609863e-01
8.866826891899108887e-01
1.000000000000000000e+00
1.000000000000000000e+00
1.000000000000000000e+00
9.999991655349731445e-01
1.000000000000000000e+00
9.318346977233886719e-01
8.388128280639648438e-01
1.000000000000000000e+00
8.183565139770507812e-01
8.284212350845336914e-01
8.962022066116333008e-01
1.000000000000000000e+00
8.814852237701416016e-01
8.299064636230468750e-01
9.484723210334777832e-01
7.581711411476135254e-01
7.415080666542053223e-01
9.116973876953125000e-01
7.337639331817626953e-01
1.000000000000000000e+00
1.000000000000000000e+00
9.999905228614807129e-01
1.000000000000000000e+00
8.246338963508605957e-01
7.765435576438903809e-01
1.000000000000000000e+00
9.999114274978637695e-01
1.000000000000000000e+00
8.153932690620422363e-01
7.350564002990722656e-01
9.250743389129638672e-01
6.519221067428588867e-01
9.963765740394592285e-01
9.061410427093505859e-01
8.200432062149047852e-01
1.000000000000000000e+00
9.996131658554077148e-01
7.631093859672546387e-01
9.084705114364624023e-01
8.785400986671447754e-01
1.000000000000000000e+00
1.000000000000000000e+00
1.000000000000000000e+00
1.000000000000000000e+00
9.712327122688293457e-01
1.000000000000000000e+00
1.000000000000000000e+00
7.889742851257324219e-01
8.218528032302856445e-01
8.624275326728820801e-01
8.033894300460815430e-01
7.514393925666809082e-01
1.000000000000000000e+00
7.969695329666137695e-01
8.872271180152893066e-01
1.000000000000000000e+00
8.236646056175231934e-01
9.998266100883483887e-01
7.777407169342041016e-01
6.695457696914672852e-01
7.418006658554077148e-01
8.700909614562988281e-01
1.000000000000000000e+00
1.000000000000000000e+00
1.000000000000000000e+00
9.966557025909423828e-01
6.857012510299682617e-01
9.677216410636901855e-01
9.249860644340515137e-01
1.000000000000000000e+00
1.000000000000000000e+00
1.000000000000000000e+00
1.000000000000000000e+00
1.000000000000000000e+00
7.515537738800048828e-01
1.000000000000000000e+00
9.999914765357971191e-01
1.000000000000000000e+00
6.907650828361511230e-01
9.999961256980895996e-01
8.689247965812683105e-01
9.531144499778747559e-01
7.640134096145629883e-01
1.000000000000000000e+00
1.000000000000000000e+00
8.949504494667053223e-01
7.547560930252075195e-01
9.615142345428466797e-01
1.000000000000000000e+00
9.131393432617187500e-01
8.244965076446533203e-01
9.252842664718627930e-01
7.838620543479919434e-01
9.992489218711853027e-01
6.859873533248901367e-01
1.000000000000000000e+00
8.188449144363403320e-01
8.313900828361511230e-01
1.000000000000000000e+00
9.978827238082885742e-01
1.000000000000000000e+00
1.000000000000000000e+00
8.932650089263916016e-01
7.983922958374023438e-01
8.986154794692993164e-01
7.496819496154785156e-01
8.095977306365966797e-01
8.012231588363647461e-01
1.000000000000000000e+00
9.217807054519653320e-01
7.779961824417114258e-01
1.000000000000000000e+00
1.000000000000000000e+00
9.110637307167053223e-01
7.589402198791503906e-01
1.000000000000000000e+00
9.999723434448242188e-01
8.686233758926391602e-01
7.430514097213745117e-01
9.994933009147644043e-01
1.000000000000000000e+00
6.779494285583496094e-01
7.474964857101440430e-01
1.000000000000000000e+00
1.000000000000000000e+00
7.347740530967712402e-01
8.040806651115417480e-01
9.985529184341430664e-01
1.000000000000000000e+00
9.998660087585449219e-01
9.786431193351745605e-01
9.517993330955505371e-01
6.625569462776184082e-01
8.260211944580078125e-01
8.232644796371459961e-01
1.000000000000000000e+00
9.998018145561218262e-01
1.000000000000000000e+00
9.858025312423706055e-01
9.995704889297485352e-01
7.750825881958007812e-01
7.710697054862976074e-01
8.619698882102966309e-01
1.000000000000000000e+00
9.167247414588928223e-01
1.000000000000000000e+00
1.000000000000000000e+00
7.054187655448913574e-01
1.000000000000000000e+00
7.590610980987548828e-01
7.668303251266479492e-01
8.477584123611450195e-01
7.913693189620971680e-01
6.994893550872802734e-01
8.481924533843994141e-01
1.000000000000000000e+00
7.963134646415710449e-01
8.383339047431945801e-01
6.881249547004699707e-01
1.000000000000000000e+00
9.999138712882995605e-01
7.311146259307861328e-01
9.997033476829528809e-01
7.779035568237304688e-01
7.873948812484741211e-01
1.000000000000000000e+00
1.000000000000000000e+00
9.997045397758483887e-01
6.811970472335815430e-01
1.000000000000000000e+00
9.980722665786743164e-01
9.069744348526000977e-01
7.418543100357055664e-01
7.060421109199523926e-01
8.251891136169433594e-01
9.055540561676025391e-01
1.000000000000000000e+00
1.000000000000000000e+00
8.603051900863647461e-01
6.631429195404052734e-01
9.329071044921875000e-01
1.000000000000000000e+00
8.648897409439086914e-01
7.155917286872863770e-01
8.299108743667602539e-01
1.000000000000000000e+00
8.560602068901062012e-01
8.185993432998657227e-01
9.528160691261291504e-01
8.930500745773315430e-01
9.991815090179443359e-01
1.000000000000000000e+00
1.000000000000000000e+00
1.000000000000000000e+00
7.997531294822692871e-01
9.996333718299865723e-01
8.361278772354125977e-01
9.989900588989257812e-01
7.128024697303771973e-01
9.502135515213012695e-01
1.000000000000000000e+00
9.389340877532958984e-01
6.495278477668762207e-01
7.225293517112731934e-01
1.000000000000000000e+00
7.709542512893676758e-01
8.587140440940856934e-01
8.931573033332824707e-01
7.870077490806579590e-01
9.994069337844848633e-01
8.858153820037841797e-01
7.043253183364868164e-01
1.000000000000000000e+00
9.053814411163330078e-01
7.282332777976989746e-01
9.784156084060668945e-01
6.895382404327392578e-01
6.479356884956359863e-01
8.925493955612182617e-01
6.679632663726806641e-01
9.985749721527099609e-01
1.000000000000000000e+00
6.452772617340087891e-01
8.302723765373229980e-01
9.604858160018920898e-01
8.488553762435913086e-01
7.884449362754821777e-01
9.999146461486816406e-01
8.792233467102050781e-01
1.000000000000000000e+00
1.000000000000000000e+00
8.597218990325927734e-01
9.704238176345825195e-01
1.000000000000000000e+00
7.617408037185668945e-01
1.000000000000000000e+00
9.206966757774353027e-01
6.661205291748046875e-01
7.334218621253967285e-01
9.502248167991638184e-01
1.000000000000000000e+00
8.596291542053222656e-01
1.000000000000000000e+00
6.758879423141479492e-01
9.236340522766113281e-01
9.981839060783386230e-01
7.516083717346191406e-01
9.989736080169677734e-01
1.000000000000000000e+00
1.000000000000000000e+00
9.998338818550109863e-01
1.000000000000000000e+00
8.323522210121154785e-01
8.180507421493530273e-01
8.168108463287353516e-01
1.000000000000000000e+00
7.083078622817993164e-01
7.213326692581176758e-01
8.234931230545043945e-01
6.953111886978149414e-01
8.334644436836242676e-01
1.000000000000000000e+00
9.165766239166259766e-01
7.455963492393493652e-01
6.835540533065795898e-01
9.733910560607910156e-01
7.955473065376281738e-01
7.413692474365234375e-01
9.999695420265197754e-01
1.000000000000000000e+00
1.000000000000000000e+00
1.000000000000000000e+00
7.479352951049804688e-01
9.416834115982055664e-01
1.000000000000000000e+00
8.974021077156066895e-01
8.044413328170776367e-01
9.141086339950561523e-01
9.998738765716552734e-01
7.948971390724182129e-01
9.632655978202819824e-01
8.271950483322143555e-01
1.000000000000000000e+00
1.000000000000000000e+00
9.999974966049194336e-01
1.000000000000000000e+00
7.294691801071166992e-01
7.615606784820556641e-01
9.999976158142089844e-01
7.464995980262756348e-01
8.363906145095825195e-01
8.877477049827575684e-01
7.740492820739746094e-01
9.062682390213012695e-01
1.000000000000000000e+00
1.000000000000000000e+00
7.813186645507812500e-01
8.083912134170532227e-01
7.552266120910644531e-01
1.000000000000000000e+00
1.000000000000000000e+00
1.000000000000000000e+00
1.000000000000000000e+00
6.719956398010253906e-01
9.991892576217651367e-01
7.894272208213806152e-01
8.808010816574096680e-01
6.929111480712890625e-01
7.445386052131652832e-01
7.808303833007812500e-01
7.345159053802490234e-01
9.997802376747131348e-01
6.615902185440063477e-01
9.913073182106018066e-01
1.000000000000000000e+00
9.591363072395324707e-01
8.901601433753967285e-01
9.987505078315734863e-01
8.310207128524780273e-01
1.000000000000000000e+00
9.610071182250976562e-01
8.370965719223022461e-01
6.817918419837951660e-01
7.540683746337890625e-01
7.251793146133422852e-01
7.665572166442871094e-01
6.610080003738403320e-01
9.913320541381835938e-01
7.933657765388488770e-01
1.000000000000000000e+00
1.000000000000000000e+00
8.302720189094543457e-01
9.801856279373168945e-01
8.351999521255493164e-01
7.592112421989440918e-01
7.553079128265380859e-01
8.758113384246826172e-01
7.464275360107421875e-01
9.980295300483703613e-01
6.790047287940979004e-01
1.000000000000000000e+00
7.080044746398925781e-01
1.000000000000000000e+00
1.000000000000000000e+00
1.000000000000000000e+00
1.000000000000000000e+00
9.959111809730529785e-01
1.000000000000000000e+00
8.749220371246337891e-01
8.198248744010925293e-01
7.663313746452331543e-01
9.992899894714355469e-01
8.329236507415771484e-01
1.000000000000000000e+00
1.000000000000000000e+00
7.339718341827392578e-01
9.999971985816955566e-01
9.999904632568359375e-01
9.999774694442749023e-01
1.000000000000000000e+00
1.000000000000000000e+00
7.697156071662902832e-01
1.000000000000000000e+00
1.000000000000000000e+00
1.000000000000000000e+00
9.998991489410400391e-01
6.852810382843017578e-01
1.000000000000000000e+00
8.425716757774353027e-01
9.778385162353515625e-01
1.000000000000000000e+00
8.078091740608215332e-01
6.911718845367431641e-01
1.000000000000000000e+00
8.758059740066528320e-01
7.515954375267028809e-01
7.473188638687133789e-01
1.000000000000000000e+00
1.000000000000000000e+00
7.309674024581909180e-01
7.734770774841308594e-01
9.999552369117736816e-01
9.999759793281555176e-01
1.000000000000000000e+00
7.958523631095886230e-01
9.998983740806579590e-01
9.993260502815246582e-01
8.431473970413208008e-01
1.000000000000000000e+00
1.000000000000000000e+00
1.000000000000000000e+00
7.084747552871704102e-01
8.345900177955627441e-01
1.000000000000000000e+00
1.000000000000000000e+00
8.277249336242675781e-01
9.665278792381286621e-01
7.193682193756103516e-01
6.893274784088134766e-01
7.332869768142700195e-01
9.036144018173217773e-01
6.933788657188415527e-01
1.000000000000000000e+00
1.000000000000000000e+00
7.839728593826293945e-01
6.804983615875244141e-01
7.639471888542175293e-01
9.968887567520141602e-01
7.484470605850219727e-01
6.718610525131225586e-01
8.879030346870422363e-01
6.772999167442321777e-01
9.993877410888671875e-01
9.715738892555236816e-01
6.981823444366455078e-01
1.000000000000000000e+00
7.563650608062744141e-01
8.038358688354492188e-01
9.996067881584167480e-01
7.245512008666992188e-01
9.682136774063110352e-01
6.700559258460998535e-01
6.526345610618591309e-01
1.000000000000000000e+00
1.000000000000000000e+00
7.726042270660400391e-01
9.918348193168640137e-01
9.968199133872985840e-01
8.642718195915222168e-01
1.000000000000000000e+00
6.886146664619445801e-01
1.000000000000000000e+00
7.470731735229492188e-01
7.256706953048706055e-01
8.566000461578369141e-01
7.862520813941955566e-01
1.000000000000000000e+00
9.428396821022033691e-01
6.856415271759033203e-01
1.000000000000000000e+00
7.693881392478942871e-01
7.473827600479125977e-01
8.069838881492614746e-01
7.551383376121520996e-01
9.292210340499877930e-01
8.009502887725830078e-01
8.197162747383117676e-01
9.922214150428771973e-01
9.979913830757141113e-01
8.176405429840087891e-01
6.903079748153686523e-01
1.000000000000000000e+00
6.807323098182678223e-01
9.107124805450439453e-01
9.999110698699951172e-01
1.000000000000000000e+00
8.804838657379150391e-01
9.081737995147705078e-01
1.000000000000000000e+00
9.995816946029663086e-01
7.739299535751342773e-01
9.617105722427368164e-01
9.157233238220214844e-01
8.250401616096496582e-01
9.857094883918762207e-01
1.000000000000000000e+00
1.000000000000000000e+00
6.776067614555358887e-01
9.960284829139709473e-01
8.070399761199951172e-01
1.000000000000000000e+00
8.347699642181396484e-01
9.711829423904418945e-01
8.896981477737426758e-01
9.998255372047424316e-01
8.349193334579467773e-01
1.000000000000000000e+00
7.334436178207397461e-01
6.956483125686645508e-01
7.161974906921386719e-01
1.000000000000000000e+00
9.946942329406738281e-01
8.552689552307128906e-01
9.285132884979248047e-01
9.088206887245178223e-01
8.871178030967712402e-01
8.168656826019287109e-01
7.081608176231384277e-01
6.663699746131896973e-01
9.887961149215698242e-01
8.925939798355102539e-01
7.388764619827270508e-01
1.000000000000000000e+00
8.103910684585571289e-01
1.000000000000000000e+00
7.202384471893310547e-01
8.080348968505859375e-01
1.000000000000000000e+00
1.000000000000000000e+00
8.842950463294982910e-01
1.000000000000000000e+00
1.000000000000000000e+00
6.371062397956848145e-01
7.622734308242797852e-01
7.105542421340942383e-01
8.427619934082031250e-01
8.674921989440917969e-01
8.722706437110900879e-01
8.174089789390563965e-01
8.297065496444702148e-01
9.999600052833557129e-01
9.999732375144958496e-01
1.000000000000000000e+00
9.951158761978149414e-01
9.627869725227355957e-01
7.981711030006408691e-01
8.234489560127258301e-01
8.038312792778015137e-01
9.996247887611389160e-01
6.913254261016845703e-01
6.381596326828002930e-01
8.021945953369140625e-01
1.000000000000000000e+00
1.000000000000000000e+00
1.000000000000000000e+00
7.431432008743286133e-01
6.650295257568359375e-01
1.000000000000000000e+00
7.530375719070434570e-01
8.529148697853088379e-01
1.000000000000000000e+00
1.000000000000000000e+00
9.753769040107727051e-01
8.289895057678222656e-01
8.543342351913452148e-01
9.889721274375915527e-01
7.470110654830932617e-01
7.503527998924255371e-01
1.000000000000000000e+00
6.858143210411071777e-01
1.000000000000000000e+00
7.875912189483642578e-01
8.718542456626892090e-01
1.000000000000000000e+00
1.000000000000000000e+00
9.978719353675842285e-01
8.802961111068725586e-01
7.110605239868164062e-01
8.743711709976196289e-01
8.656677007675170898e-01
8.860132098197937012e-01
9.859856963157653809e-01
1.000000000000000000e+00
6.652237772941589355e-01
1.000000000000000000e+00
8.959935903549194336e-01
7.963129878044128418e-01
1.000000000000000000e+00
8.230479359626770020e-01
7.046053409576416016e-01
1.000000000000000000e+00
7.710766196250915527e-01
8.660241961479187012e-01
1.000000000000000000e+00
9.918811321258544922e-01
8.460831046104431152e-01
6.650364995002746582e-01
7.351268529891967773e-01
1.000000000000000000e+00
6.282085776329040527e-01
8.533030152320861816e-01
7.896372079849243164e-01
1.000000000000000000e+00
9.124542474746704102e-01
8.853405117988586426e-01
7.863841056823730469e-01
7.443077564239501953e-01
9.999976158142089844e-01
1.000000000000000000e+00
9.992039799690246582e-01
1.000000000000000000e+00
7.404854297637939453e-01
8.132815957069396973e-01
7.947885394096374512e-01
1.000000000000000000e+00
6.929211616516113281e-01
6.811238527297973633e-01
9.920644164085388184e-01
8.257989287376403809e-01
6.687409877777099609e-01
7.534954547882080078e-01
1.000000000000000000e+00
9.347306489944458008e-01
9.956494569778442383e-01
8.339687585830688477e-01
7.044839859008789062e-01
8.384778499603271484e-01
1.000000000000000000e+00
7.602337598800659180e-01
1.000000000000000000e+00
9.152057766914367676e-01
1.000000000000000000e+00
7.586928606033325195e-01
8.580552935600280762e-01
7.834327220916748047e-01
1.000000000000000000e+00
7.477626800537109375e-01
6.850455999374389648e-01
1.000000000000000000e+00
6.893005371093750000e-01
8.577126860618591309e-01
6.345589756965637207e-01
1.000000000000000000e+00
1.000000000000000000e+00
1.000000000000000000e+00
8.348550796508789062e-01
6.266609430313110352e-01
7.755774259567260742e-01
9.814759492874145508e-01
9.831522107124328613e-01
8.499512672424316406e-01
7.681277990341186523e-01
1.000000000000000000e+00
7.741891145706176758e-01
1.000000000000000000e+00
9.326958656311035156e-01
8.635702133178710938e-01
6.431729793548583984e-01
6.386142969131469727e-01
1.000000000000000000e+00
1.000000000000000000e+00
1.000000000000000000e+00
7.528030872344970703e-01
8.499457836151123047e-01
8.283240795135498047e-01
9.021489620208740234e-01
1.000000000000000000e+00
6.456630229949951172e-01
9.755876660346984863e-01
7.340631484985351562e-01
9.081647396087646484e-01
6.414187550544738770e-01
9.395580291748046875e-01
1.000000000000000000e+00
1.000000000000000000e+00
7.372757196426391602e-01
7.215932607650756836e-01
1.000000000000000000e+00
9.992495179176330566e-01
6.622700691223144531e-01
6.661159992218017578e-01
1.000000000000000000e+00
1.000000000000000000e+00
9.999990463256835938e-01
1.000000000000000000e+00
7.969206571578979492e-01
8.224738836288452148e-01
9.585946202278137207e-01
8.874305486679077148e-01
9.998264312744140625e-01
7.842760086059570312e-01
7.562872171401977539e-01
7.782977223396301270e-01
1.000000000000000000e+00
8.605700135231018066e-01
9.182233214378356934e-01
1.000000000000000000e+00
9.590820670127868652e-01
7.888661623001098633e-01
7.913663387298583984e-01
9.999715089797973633e-01
6.575102210044860840e-01
6.746581196784973145e-01
9.297448396682739258e-01
6.351371407508850098e-01
1.000000000000000000e+00
8.090841770172119141e-01
1.000000000000000000e+00
1.000000000000000000e+00
8.259903192520141602e-01
9.978251457214355469e-01
9.213810563087463379e-01
9.996538758277893066e-01
1.000000000000000000e+00
1.000000000000000000e+00
7.180416584014892578e-01
9.563036561012268066e-01
9.999711513519287109e-01
1.000000000000000000e+00
1.000000000000000000e+00
6.628216505050659180e-01
7.691251635551452637e-01
9.129475355148315430e-01
1.000000000000000000e+00
9.254758954048156738e-01
8.483819961547851562e-01
1.000000000000000000e+00
7.428282499313354492e-01
1.000000000000000000e+00
1.000000000000000000e+00
6.269631385803222656e-01
6.095212101936340332e-01
9.999790191650390625e-01
9.998780488967895508e-01
7.211743593215942383e-01
1.000000000000000000e+00
8.046277761459350586e-01
6.382546424865722656e-01
1.000000000000000000e+00
1.000000000000000000e+00
1.000000000000000000e+00
1.000000000000000000e+00
6.328880786895751953e-01
6.345696449279785156e-01
1.000000000000000000e+00
7.893899679183959961e-01
8.462771177291870117e-01
6.669548749923706055e-01
1.000000000000000000e+00
7.566490769386291504e-01
1.000000000000000000e+00
9.999767541885375977e-01
9.064336419105529785e-01
7.141170501708984375e-01
1.000000000000000000e+00
1.000000000000000000e+00
1.000000000000000000e+00
8.800500035285949707e-01
1.000000000000000000e+00
6.275860071182250977e-01
1.000000000000000000e+00
9.947752356529235840e-01
9.480546116828918457e-01
7.791228294372558594e-01
6.862440109252929688e-01
8.660901784896850586e-01
7.842117547988891602e-01
6.470425128936767578e-01
6.465629339218139648e-01
1.000000000000000000e+00
9.428661465644836426e-01
8.114651441574096680e-01
8.785710930824279785e-01
6.999655961990356445e-01
9.999589323997497559e-01
8.659549951553344727e-01
7.995772957801818848e-01
9.274668693542480469e-01
1.000000000000000000e+00
7.710942029953002930e-01
1.000000000000000000e+00
7.010266184806823730e-01
1.000000000000000000e+00
8.015333414077758789e-01
7.249462604522705078e-01
7.337504625320434570e-01
7.481397390365600586e-01
9.834765195846557617e-01
8.267236351966857910e-01
6.034408807754516602e-01
1.000000000000000000e+00
1.000000000000000000e+00
7.774178981781005859e-01
1.000000000000000000e+00
7.951200604438781738e-01
1.000000000000000000e+00
9.999297857284545898e-01
6.061457395553588867e-01
8.287923336029052734e-01
9.340326786041259766e-01
7.720627188682556152e-01
1.000000000000000000e+00
7.661142349243164062e-01
8.021590113639831543e-01
7.857170701026916504e-01
1.000000000000000000e+00
7.198709249496459961e-01
7.772927284240722656e-01
7.933934926986694336e-01
1.000000000000000000e+00
8.055295348167419434e-01
9.901693463325500488e-01
7.898315787315368652e-01
1.000000000000000000e+00
6.507116556167602539e-01
1.000000000000000000e+00
1.000000000000000000e+00
1.000000000000000000e+00
7.661999464035034180e-01
8.863832950592041016e-01
6.433417797088623047e-01
1.000000000000000000e+00
1.000000000000000000e+00
7.546133995056152344e-01
1.000000000000000000e+00
6.843056678771972656e-01
1.000000000000000000e+00
7.498469948768615723e-01
7.735513448715209961e-01
1.000000000000000000e+00
7.220300436019897461e-01
6.682713031768798828e-01
9.941512346267700195e-01
6.697766780853271484e-01
7.449328899383544922e-01
8.882806897163391113e-01
7.836408615112304688e-01
1.000000000000000000e+00
6.639222502708435059e-01
8.680381774902343750e-01
6.767021417617797852e-01
9.999451637268066406e-01
1.000000000000000000e+00
8.279356956481933594e-01
8.457766771316528320e-01
6.254512667655944824e-01
7.643026113510131836e-01
9.987571835517883301e-01
9.212946891784667969e-01
9.675719738006591797e-01
9.990223050117492676e-01
9.989230036735534668e-01
9.999558925628662109e-01
8.813329935073852539e-01
8.504523634910583496e-01
7.353761196136474609e-01
8.022767305374145508e-01
9.981699585914611816e-01
9.640568494796752930e-01
8.989471197128295898e-01
8.244287967681884766e-01
8.109109997749328613e-01
1.000000000000000000e+00
1.000000000000000000e+00
7.695044279098510742e-01
9.998788833618164062e-01
7.499984502792358398e-01
6.817646026611328125e-01
1.000000000000000000e+00
1.000000000000000000e+00
1.000000000000000000e+00
8.975668549537658691e-01
8.556683063507080078e-01
7.958524823188781738e-01
7.465845346450805664e-01
1.000000000000000000e+00
9.340586662292480469e-01
1.000000000000000000e+00
9.812307953834533691e-01
1.000000000000000000e+00
6.250423192977905273e-01
1.000000000000000000e+00
1.000000000000000000e+00
8.673857450485229492e-01
9.999997019767761230e-01
9.999749660491943359e-01
6.272138357162475586e-01
6.621011495590209961e-01
9.310548305511474609e-01
9.231591820716857910e-01
6.677799224853515625e-01
1.000000000000000000e+00
6.447070837020874023e-01
8.342202305793762207e-01
7.254112958908081055e-01
9.996124505996704102e-01
7.754782438278198242e-01
8.315405845642089844e-01
8.017896413803100586e-01
1.000000000000000000e+00
8.841354250907897949e-01
1.000000000000000000e+00
9.626691341400146484e-01
7.430483698844909668e-01
8.588650226593017578e-01
9.104920625686645508e-01
9.261518120765686035e-01
7.923737764358520508e-01
9.537715315818786621e-01
8.778316974639892578e-01
8.343673944473266602e-01
1.000000000000000000e+00
1.000000000000000000e+00
7.411770820617675781e-01
6.607295274734497070e-01
8.151709437370300293e-01
1.000000000000000000e+00
1.000000000000000000e+00
9.996845126152038574e-01
7.599256038665771484e-01
8.021792173385620117e-01
8.212350010871887207e-01
9.999010562896728516e-01
7.521327733993530273e-01
9.999658465385437012e-01
7.723313570022583008e-01
1.000000000000000000e+00
8.203225135803222656e-01
7.766624093055725098e-01
1.000000000000000000e+00
1.000000000000000000e+00
1.000000000000000000e+00
9.184137582778930664e-01
1.000000000000000000e+00
8.901582956314086914e-01
9.166988730430603027e-01
7.740390300750732422e-01
8.608045578002929688e-01
6.959058046340942383e-01
9.998825192451477051e-01
6.525019407272338867e-01
9.187295436859130859e-01
7.028610706329345703e-01
1.000000000000000000e+00
1.000000000000000000e+00
7.108919620513916016e-01
6.443221569061279297e-01
8.945263028144836426e-01
7.840334177017211914e-01
8.026833534240722656e-01
7.899745702743530273e-01
9.164522290229797363e-01
9.946826696395874023e-01
7.185766100883483887e-01
1.000000000000000000e+00
1.000000000000000000e+00
7.670745849609375000e-01
8.918127417564392090e-01
9.118103981018066406e-01
1.000000000000000000e+00
9.078519344329833984e-01
1.000000000000000000e+00
8.480080962181091309e-01
9.999100565910339355e-01
7.290538549423217773e-01
7.943440675735473633e-01
7.056939601898193359e-01
9.995666146278381348e-01
1.000000000000000000e+00
9.992852807044982910e-01
6.790791749954223633e-01
1.000000000000000000e+00
1.000000000000000000e+00
9.843540787696838379e-01
8.419722914695739746e-01
9.996951222419738770e-01
8.984147310256958008e-01
7.148052453994750977e-01
9.999992847442626953e-01
7.393010854721069336e-01
9.392527937889099121e-01
8.807281255722045898e-01
1.000000000000000000e+00
8.304687738418579102e-01
1.000000000000000000e+00
8.221369981765747070e-01
6.830379962921142578e-01
7.524045109748840332e-01
1.000000000000000000e+00
8.612130880355834961e-01
9.999445676803588867e-01
8.259331583976745605e-01
1.000000000000000000e+00
8.084994554519653320e-01
9.093116521835327148e-01
9.989280700683593750e-01
9.996468424797058105e-01
1.000000000000000000e+00
8.333642482757568359e-01
9.895690083503723145e-01
1.000000000000000000e+00
9.999267458915710449e-01
1.000000000000000000e+00
9.847554564476013184e-01
7.560447454452514648e-01
9.603707790374755859e-01
1.000000000000000000e+00
6.565203070640563965e-01
1.000000000000000000e+00
9.997726082801818848e-01
1.000000000000000000e+00
8.012676239013671875e-01
1.000000000000000000e+00
9.999952316284179688e-01
9.907247424125671387e-01
1.000000000000000000e+00
7.247832417488098145e-01
1.000000000000000000e+00
1.000000000000000000e+00
6.809387207031250000e-01
1.000000000000000000e+00
6.403836011886596680e-01
7.993722558021545410e-01
9.463163018226623535e-01
9.751391410827636719e-01
9.999962449073791504e-01
7.544340491294860840e-01
8.180967569351196289e-01
1.000000000000000000e+00
8.036143183708190918e-01
1.000000000000000000e+00
6.187332868576049805e-01
9.964063167572021484e-01
1.000000000000000000e+00
1.000000000000000000e+00
1.000000000000000000e+00
1.000000000000000000e+00
6.354963183403015137e-01
7.592604756355285645e-01
7.720447778701782227e-01
6.801121234893798828e-01
7.770782709121704102e-01
1.000000000000000000e+00
9.843071699142456055e-01
6.476366519927978516e-01
7.277743816375732422e-01
8.357027769088745117e-01
1.000000000000000000e+00
7.458952665328979492e-01
7.929515838623046875e-01
9.188466668128967285e-01
7.979230284690856934e-01
9.192658066749572754e-01
1.000000000000000000e+00
6.423580646514892578e-01
1.000000000000000000e+00
1.000000000000000000e+00
9.997396469116210938e-01
8.788889646530151367e-01
7.691037058830261230e-01
1.000000000000000000e+00
9.999238848686218262e-01
6.802704930305480957e-01
9.195027947425842285e-01
7.297645807266235352e-01
7.102857232093811035e-01
9.964943528175354004e-01
8.896423578262329102e-01
1.000000000000000000e+00
1.000000000000000000e+00
1.000000000000000000e+00
9.998933076858520508e-01
7.384628057479858398e-01
1.000000000000000000e+00
1.000000000000000000e+00
7.846037149429321289e-01
1.000000000000000000e+00
1.000000000000000000e+00
8.588548302650451660e-01
9.034366607666015625e-01
8.672349452972412109e-01
8.755462765693664551e-01
1.000000000000000000e+00
8.686642050743103027e-01
7.860295176506042480e-01
8.032329082489013672e-01
1.000000000000000000e+00
7.027586698532104492e-01
5.872684717178344727e-01
7.736840248107910156e-01
7.879508733749389648e-01
1.000000000000000000e+00
6.429371833801269531e-01
6.308567523956298828e-01
7.878646850585937500e-01
7.910820841789245605e-01
9.999747276306152344e-01
9.464958310127258301e-01
6.580588817596435547e-01
7.171819210052490234e-01
1.000000000000000000e+00
9.206078052520751953e-01
7.268421649932861328e-01
9.320776462554931641e-01
9.979515671730041504e-01
9.971596002578735352e-01
7.302086353302001953e-01
7.364439964294433594e-01
1.000000000000000000e+00
7.583638429641723633e-01
1.000000000000000000e+00
7.700324058532714844e-01
1.000000000000000000e+00
8.543506264686584473e-01
1.000000000000000000e+00
8.139683604240417480e-01
7.083244323730468750e-01
6.512725353240966797e-01
7.794578671455383301e-01
8.082027435302734375e-01
9.626703858375549316e-01
9.999874830245971680e-01
8.544843196868896484e-01
7.720787525177001953e-01
8.540701866149902344e-01
9.999936819076538086e-01
1.000000000000000000e+00
1.000000000000000000e+00
9.999933242797851562e-01
6.487492322921752930e-01
7.624475955963134766e-01
8.065284490585327148e-01
7.378721237182617188e-01
1.000000000000000000e+00
7.780267596244812012e-01
1.000000000000000000e+00
1.000000000000000000e+00
7.409421801567077637e-01
6.848959922790527344e-01
6.729599237442016602e-01
7.004189491271972656e-01
7.700049877166748047e-01
9.997510313987731934e-01
8.325645923614501953e-01
6.410987377166748047e-01
1.000000000000000000e+00
9.995894432067871094e-01
1.000000000000000000e+00
9.994280338287353516e-01
6.441873311996459961e-01
9.996979236602783203e-01
1.000000000000000000e+00
8.954493999481201172e-01
1.000000000000000000e+00
6.691173911094665527e-01
9.197871685028076172e-01
8.212350606918334961e-01
8.341280221939086914e-01
9.585686326026916504e-01
7.381552457809448242e-01
6.392099857330322266e-01
6.210954189300537109e-01
8.651301860809326172e-01
7.529317140579223633e-01
9.639859795570373535e-01
1.000000000000000000e+00
8.897457122802734375e-01
7.762616872787475586e-01
8.528434038162231445e-01
9.880355596542358398e-01
7.760816812515258789e-01
7.967231273651123047e-01
7.057226896286010742e-01
1.000000000000000000e+00
9.995073676109313965e-01
1.000000000000000000e+00
1.000000000000000000e+00
1.000000000000000000e+00
9.601002931594848633e-01
9.993405938148498535e-01
6.714466214179992676e-01
7.827415466308593750e-01
9.364354014396667480e-01
9.976643323898315430e-01
1.000000000000000000e+00
9.457752704620361328e-01
7.076652050018310547e-01
1.000000000000000000e+00
1.000000000000000000e+00
1.000000000000000000e+00
1.000000000000000000e+00
9.988038539886474609e-01
6.439524292945861816e-01
6.329526901245117188e-01
8.741332888603210449e-01
9.999220967292785645e-01
1.000000000000000000e+00
8.669182658195495605e-01
9.987017512321472168e-01
1.000000000000000000e+00
7.473535537719726562e-01
8.521148562431335449e-01
1.000000000000000000e+00
9.357499480247497559e-01
1.000000000000000000e+00
8.384468555450439453e-01
1.000000000000000000e+00
6.849118471145629883e-01
7.820815443992614746e-01
9.983991980552673340e-01
9.601681232452392578e-01
9.865828156471252441e-01
7.368507385253906250e-01
8.119257092475891113e-01
6.116180419921875000e-01
8.350515961647033691e-01
8.093299865722656250e-01
1.000000000000000000e+00
9.256874918937683105e-01
9.598231911659240723e-01
7.964038252830505371e-01
5.528140068054199219e-01
8.958750367164611816e-01
7.075937986373901367e-01
1.000000000000000000e+00
7.738492488861083984e-01
6.208974123001098633e-01
9.992008209228515625e-01
6.538166999816894531e-01
9.999071359634399414e-01
1.000000000000000000e+00
7.006015181541442871e-01
1.000000000000000000e+00
1.000000000000000000e+00
6.703149080276489258e-01
8.511021137237548828e-01
6.926992535591125488e-01
1.000000000000000000e+00
1.000000000000000000e+00
6.104078292846679688e-01
7.429243326187133789e-01
8.883465528488159180e-01
9.780560135841369629e-01
9.538598060607910156e-01
7.739174962043762207e-01
1.000000000000000000e+00
9.991534352302551270e-01
5.810801982879638672e-01
9.995436668395996094e-01
6.978040933609008789e-01
8.274306654930114746e-01
9.122759103775024414e-01
1.000000000000000000e+00
1.000000000000000000e+00
9.984238147735595703e-01
9.305989742279052734e-01
9.881761670112609863e-01
7.351123094558715820e-01
1.000000000000000000e+00
9.314995408058166504e-01
1.000000000000000000e+00
8.063333034515380859e-01
9.225350022315979004e-01
7.287349104881286621e-01
1.000000000000000000e+00
8.476004004478454590e-01
1.000000000000000000e+00
7.519121170043945312e-01
6.741312146186828613e-01
6.642533540725708008e-01
1.000000000000000000e+00
7.005019783973693848e-01
7.535734176635742188e-01
5.856305360794067383e-01
9.687075614929199219e-01
5.984852910041809082e-01
9.857522845268249512e-01
9.997409582138061523e-01
7.953450679779052734e-01
9.521165490150451660e-01
6.769742965698242188e-01
7.504223585128784180e-01
6.238938570022583008e-01
1.000000000000000000e+00
1.000000000000000000e+00
1.000000000000000000e+00
8.959698081016540527e-01
6.918016672134399414e-01
9.994257092475891113e-01
5.640237331390380859e-01
8.740575313568115234e-01
1.000000000000000000e+00
7.885257005691528320e-01
9.998538494110107422e-01
8.120476007461547852e-01
6.318999528884887695e-01
1.000000000000000000e+00
6.671822071075439453e-01
1.000000000000000000e+00
9.239046573638916016e-01
8.907232284545898438e-01
6.211162805557250977e-01
8.147473931312561035e-01
6.217523813247680664e-01
1.000000000000000000e+00
9.747878909111022949e-01
1.000000000000000000e+00
1.000000000000000000e+00
7.096455097198486328e-01
7.216423749923706055e-01
8.292621374130249023e-01
5.878224372863769531e-01
8.549126386642456055e-01
8.366607427597045898e-01
1.000000000000000000e+00
7.929658889770507812e-01
7.631576657295227051e-01
7.099452018737792969e-01
1.000000000000000000e+00
1.000000000000000000e+00
8.979809284210205078e-01
7.714754343032836914e-01
8.753857016563415527e-01
7.357501387596130371e-01
1.000000000000000000e+00
9.807983040809631348e-01
9.997780323028564453e-01
7.783666849136352539e-01
7.894573807716369629e-01
1.000000000000000000e+00
9.999961256980895996e-01
8.009459972381591797e-01
1.000000000000000000e+00
1.000000000000000000e+00
8.001767396926879883e-01
8.027797341346740723e-01
6.818087100982666016e-01
1.000000000000000000e+00
9.661046266555786133e-01
7.275583744049072266e-01
5.864341259002685547e-01
1.000000000000000000e+00
7.673498392105102539e-01
6.353178024291992188e-01
9.997240304946899414e-01
1.000000000000000000e+00
8.948774933815002441e-01
6.622951030731201172e-01
7.936705350875854492e-01
7.419950962066650391e-01
5.938877463340759277e-01
1.000000000000000000e+00
9.997151494026184082e-01
8.552737236022949219e-01
1.000000000000000000e+00
1.000000000000000000e+00
8.583788275718688965e-01
9.208194613456726074e-01
1.000000000000000000e+00
9.304549098014831543e-01
1.000000000000000000e+00
7.810490131378173828e-01
9.628525972366333008e-01
8.520082235336303711e-01
7.432415485382080078e-01
8.128058910369873047e-01
1.000000000000000000e+00
1.000000000000000000e+00
7.883008718490600586e-01
8.531051874160766602e-01
8.578987121582031250e-01
8.937236070632934570e-01
7.848777770996093750e-01
6.464606523513793945e-01
8.219295144081115723e-01
9.999080300331115723e-01
1.000000000000000000e+00
8.505030274391174316e-01
5.860481262207031250e-01
8.228830099105834961e-01
7.347172498703002930e-01
7.119252085685729980e-01
9.729738831520080566e-01
1.000000000000000000e+00
1.000000000000000000e+00
7.085881233215332031e-01
7.126410007476806641e-01
9.983918070793151855e-01
6.001648902893066406e-01
1.000000000000000000e+00
1.000000000000000000e+00
9.994359016418457031e-01
1.000000000000000000e+00
6.418651342391967773e-01
9.286904335021972656e-01
6.821615099906921387e-01
1.000000000000000000e+00
5.709480643272399902e-01
6.716099977493286133e-01
1.000000000000000000e+00
1.000000000000000000e+00
7.351804971694946289e-01
6.689406633377075195e-01
8.701921701431274414e-01
7.768281698226928711e-01
7.704638838768005371e-01
9.906921982765197754e-01
6.153383255004882812e-01
7.431375980377197266e-01
7.709573507308959961e-01
7.872103452682495117e-01
6.638072729110717773e-01
7.536801099777221680e-01
1.000000000000000000e+00
9.992913007736206055e-01
9.432874321937561035e-01
1.000000000000000000e+00
8.051251173019409180e-01
7.650189399719238281e-01
1.000000000000000000e+00
9.984741806983947754e-01
8.986440896987915039e-01
1.000000000000000000e+00
9.999949932098388672e-01
7.864748239517211914e-01
8.467674851417541504e-01
1.000000000000000000e+00
5.883994102478027344e-01
9.870648980140686035e-01
1.000000000000000000e+00
1.000000000000000000e+00
1.000000000000000000e+00
1.000000000000000000e+00
8.213049173355102539e-01
7.509734630584716797e-01
7.970087528228759766e-01
9.769712090492248535e-01
1.000000000000000000e+00
1.000000000000000000e+00
7.796010375022888184e-01
7.108519077301025391e-01
1.000000000000000000e+00
9.936133623123168945e-01
5.967023372650146484e-01
9.999976158142089844e-01
9.702368378639221191e-01
7.037403583526611328e-01
9.411947727203369141e-01
9.182264208793640137e-01
1.000000000000000000e+00
9.999582171440124512e-01
1.000000000000000000e+00
7.259522080421447754e-01
8.457701206207275391e-01
1.000000000000000000e+00
8.904060721397399902e-01
8.926370739936828613e-01
9.174237847328186035e-01
7.451229095458984375e-01
6.151077747344970703e-01
8.647161722183227539e-01
7.195723056793212891e-01
6.977147459983825684e-01
7.136688828468322754e-01
7.443228960037231445e-01
1.000000000000000000e+00
1.000000000000000000e+00
7.401698231697082520e-01
1.000000000000000000e+00
9.060043096542358398e-01
8.571349382400512695e-01
9.096562266349792480e-01
9.999995231628417969e-01
9.999704360961914062e-01
1.000000000000000000e+00
8.175376057624816895e-01
8.745666146278381348e-01
7.680060863494873047e-01
1.000000000000000000e+00
8.320724964141845703e-01
9.968742728233337402e-01
8.240866065025329590e-01
1.000000000000000000e+00
9.881145358085632324e-01
8.827463984489440918e-01
8.075059056282043457e-01
7.360787391662597656e-01
1.000000000000000000e+00
6.256883144378662109e-01
6.805893778800964355e-01
1.000000000000000000e+00
1.000000000000000000e+00
8.055511116981506348e-01
9.981502890586853027e-01
1.000000000000000000e+00
1.000000000000000000e+00
8.984538316726684570e-01
7.893100976943969727e-01
9.716432690620422363e-01
9.996609091758728027e-01
1.000000000000000000e+00
7.979811429977416992e-01
8.972894549369812012e-01
7.406961917877197266e-01
9.999946355819702148e-01
1.000000000000000000e+00
7.127047777175903320e-01
8.224425315856933594e-01
7.449434995651245117e-01
1.000000000000000000e+00
7.666988968849182129e-01
7.109826803207397461e-01
7.465313673019409180e-01
1.000000000000000000e+00
9.997913837432861328e-01
5.197161436080932617e-01
1.000000000000000000e+00
1.000000000000000000e+00
8.301197290420532227e-01
8.285558819770812988e-01
9.213784337043762207e-01
6.063628196716308594e-01
7.057596445083618164e-01
1.000000000000000000e+00
6.845590472221374512e-01
1.000000000000000000e+00
7.454623579978942871e-01
1.000000000000000000e+00
9.874031543731689453e-01
1.000000000000000000e+00
6.361270546913146973e-01
1.000000000000000000e+00
8.293297886848449707e-01
8.221766948699951172e-01
6.750679612159729004e-01
7.148615121841430664e-01
7.504287362098693848e-01
7.226157188415527344e-01
1.000000000000000000e+00
1.000000000000000000e+00
1.000000000000000000e+00
1.000000000000000000e+00
8.735170364379882812e-01
6.939470767974853516e-01
8.965773582458496094e-01
9.794126152992248535e-01
1.000000000000000000e+00
8.408583402633666992e-01
1.000000000000000000e+00
5.823902487754821777e-01
7.459486722946166992e-01
8.023059368133544922e-01
5.870131254196166992e-01
6.546048521995544434e-01
7.886693477630615234e-01
1.000000000000000000e+00
9.247658848762512207e-01
5.887681245803833008e-01
1.000000000000000000e+00
7.664166092872619629e-01
6.291656494140625000e-01
1.000000000000000000e+00
7.259526848793029785e-01
5.855505466461181641e-01
7.260128259658813477e-01
1.000000000000000000e+00
9.012739658355712891e-01
1.000000000000000000e+00
6.608147025108337402e-01
8.109894990921020508e-01
8.369831442832946777e-01
8.206422328948974609e-01
8.764442801475524902e-01
6.697033643722534180e-01
1.000000000000000000e+00
9.364213347434997559e-01
1.000000000000000000e+00
5.732997655868530273e-01
6.703344583511352539e-01
1.000000000000000000e+00
5.899779796600341797e-01
6.581245660781860352e-01
9.999973177909851074e-01
9.786601662635803223e-01
7.011514902114868164e-01
6.571007966995239258e-01
9.793736934661865234e-01
6.884059906005859375e-01
9.851198792457580566e-01
5.691739320755004883e-01
7.318038940429687500e-01
9.997763633728027344e-01
8.215855956077575684e-01
8.877517580986022949e-01
9.927581548690795898e-01
6.386337280273437500e-01
8.665983676910400391e-01
6.398038268089294434e-01
6.596334576606750488e-01
5.020695328712463379e-01
1.000000000000000000e+00
9.748737812042236328e-01
4.935203194618225098e-01
9.665054082870483398e-01
1.000000000000000000e+00
6.652826666831970215e-01
9.999009966850280762e-01
7.258287072181701660e-01
1.000000000000000000e+00
1.000000000000000000e+00
9.900560379028320312e-01
1.000000000000000000e+00
5.410060286521911621e-01
6.431868076324462891e-01
8.057250976562500000e-01
5.642133951187133789e-01
1.000000000000000000e+00
7.652117609977722168e-01
6.978845596313476562e-01
1.000000000000000000e+00
9.999993443489074707e-01
7.361264824867248535e-01
6.847788095474243164e-01
1.000000000000000000e+00
7.122755050659179688e-01
1.000000000000000000e+00
1.000000000000000000e+00
1.000000000000000000e+00
6.313019990921020508e-01
6.885238885879516602e-01
8.210182785987854004e-01
6.912701725959777832e-01
1.000000000000000000e+00
1.000000000000000000e+00
9.665316343307495117e-01
8.631551265716552734e-01
1.000000000000000000e+00
8.768522739410400391e-01
6.623048782348632812e-01
1.000000000000000000e+00
6.708436012268066406e-01
6.845604181289672852e-01
6.171091198921203613e-01
9.773153662681579590e-01
6.817737817764282227e-01
9.999992847442626953e-01
1.000000000000000000e+00
9.972411394119262695e-01
9.811558723449707031e-01
1.000000000000000000e+00
6.498372554779052734e-01
6.806613206863403320e-01
9.712634086608886719e-01
7.757695913314819336e-01
6.892329454421997070e-01
8.444852828979492188e-01
5.975264310836791992e-01
7.108592987060546875e-01
5.812914371490478516e-01
6.987073421478271484e-01
6.044170856475830078e-01
5.595642328262329102e-01
8.691666126251220703e-01
6.613140106201171875e-01
8.111710548400878906e-01
6.651273369789123535e-01
9.845609068870544434e-01
6.116445064544677734e-01
1.000000000000000000e+00
9.999931454658508301e-01
1.000000000000000000e+00
5.707436800003051758e-01
1.000000000000000000e+00
8.069263696670532227e-01
9.999081492424011230e-01
1.000000000000000000e+00
1.000000000000000000e+00
7.350196838378906250e-01
6.830327510833740234e-01
7.930478453636169434e-01
1.000000000000000000e+00
7.940141558647155762e-01
1.000000000000000000e+00
1.000000000000000000e+00
1.000000000000000000e+00
9.365413188934326172e-01
5.767906904220581055e-01
1.000000000000000000e+00
5.591154098510742188e-01
7.604544162750244141e-01
7.456413507461547852e-01
6.662222146987915039e-01
1.000000000000000000e+00
5.938836336135864258e-01
1.000000000000000000e+00
1.000000000000000000e+00
7.365087270736694336e-01
6.096587777137756348e-01
1.000000000000000000e+00
7.287733554840087891e-01
1.000000000000000000e+00
7.001488208770751953e-01
8.901841640472412109e-01
6.483843326568603516e-01
5.282703638076782227e-01
1.000000000000000000e+00
9.999988079071044922e-01
7.965040206909179688e-01
5.690897703170776367e-01
9.997208118438720703e-01
6.517838239669799805e-01
6.143000125885009766e-01
1.000000000000000000e+00
9.924511909484863281e-01
1.000000000000000000e+00
9.843912720680236816e-01
9.851890206336975098e-01
6.329408884048461914e-01
1.000000000000000000e+00
6.246793866157531738e-01
9.934568405151367188e-01
7.664448022842407227e-01
8.275222778320312500e-01
6.982132196426391602e-01
8.873933553695678711e-01
7.524774074554443359e-01
1.000000000000000000e+00
1.000000000000000000e+00
9.876396656036376953e-01
5.673370361328125000e-01
7.435696125030517578e-01
1.000000000000000000e+00
1.000000000000000000e+00
8.812978863716125488e-01
1.000000000000000000e+00
1.000000000000000000e+00
6.914676427841186523e-01
7.368527650833129883e-01
1.000000000000000000e+00
1.000000000000000000e+00
7.955631613731384277e-01
7.552370429039001465e-01
9.672629833221435547e-01
1.000000000000000000e+00
8.021881580352783203e-01
5.048088431358337402e-01
9.998921751976013184e-01
9.464126825332641602e-01
8.517425656318664551e-01
5.168212652206420898e-01
6.011286377906799316e-01
8.388648033142089844e-01
9.098166823387145996e-01
7.592678070068359375e-01
6.664018630981445312e-01
1.000000000000000000e+00
1.000000000000000000e+00
5.748436450958251953e-01
6.081669330596923828e-01
8.195906877517700195e-01
7.263303995132446289e-01
8.112449645996093750e-01
6.582792997360229492e-01
1.000000000000000000e+00
6.029814481735229492e-01
6.306748390197753906e-01
7.586599588394165039e-01
1.000000000000000000e+00
1.000000000000000000e+00
9.211428165435791016e-01
6.864573955535888672e-01
1.000000000000000000e+00
7.168635129928588867e-01
7.813516855239868164e-01
1.000000000000000000e+00
8.421816229820251465e-01
9.915953874588012695e-01
9.999542832374572754e-01
9.216743111610412598e-01
8.992180824279785156e-01
1.000000000000000000e+00
9.994669556617736816e-01
9.190803170204162598e-01
6.722445487976074219e-01
7.145578861236572266e-01
8.063598275184631348e-01
7.366939187049865723e-01
1.000000000000000000e+00
8.159754872322082520e-01
6.661136746406555176e-01
9.748781323432922363e-01
6.563602685928344727e-01
9.151337742805480957e-01
5.944399833679199219e-01
9.767314195632934570e-01
8.196258544921875000e-01
7.287540435791015625e-01
5.314698219299316406e-01
1.000000000000000000e+00
6.858887672424316406e-01
7.912675738334655762e-01
9.998517632484436035e-01
6.649922132492065430e-01
1.000000000000000000e+00
9.998754262924194336e-01
5.720813274383544922e-01
7.838290929794311523e-01
9.037772417068481445e-01
1.000000000000000000e+00
1.000000000000000000e+00
9.986268877983093262e-01
7.436912059783935547e-01
1.000000000000000000e+00
7.815973162651062012e-01
6.208505630493164062e-01
1.000000000000000000e+00
7.520966529846191406e-01
6.973065137863159180e-01
5.854111909866333008e-01
1.000000000000000000e+00
1.000000000000000000e+00
9.958592057228088379e-01
6.953259706497192383e-01
7.257012128829956055e-01
9.354571104049682617e-01
7.108271121978759766e-01
9.324089884757995605e-01
7.543664574623107910e-01
6.410532593727111816e-01
9.590130448341369629e-01
7.708703279495239258e-01
8.196468353271484375e-01
8.768760561943054199e-01
6.133393049240112305e-01
7.247786521911621094e-01
6.791769266128540039e-01
1.000000000000000000e+00
5.906675457954406738e-01
7.077259421348571777e-01
8.205093741416931152e-01
1.000000000000000000e+00
7.900441884994506836e-01
8.957767486572265625e-01
1.000000000000000000e+00
1.000000000000000000e+00
1.000000000000000000e+00
9.829821586608886719e-01
7.338553667068481445e-01
5.626469850540161133e-01
8.818307518959045410e-01
9.817434549331665039e-01
8.574976325035095215e-01
8.902256488800048828e-01
1.000000000000000000e+00
9.697895050048828125e-01
7.274640798568725586e-01
7.489042282104492188e-01
6.686414480209350586e-01
1.000000000000000000e+00
7.813366651535034180e-01
8.742949962615966797e-01
6.975293159484863281e-01
9.994546771049499512e-01
8.904446363449096680e-01
9.087696075439453125e-01
7.840787768363952637e-01
9.999718666076660156e-01
7.521837353706359863e-01
9.999919533729553223e-01
7.608115673065185547e-01
8.468440771102905273e-01
6.189042329788208008e-01
7.073883414268493652e-01
8.007993102073669434e-01
5.651344060897827148e-01
9.993564486503601074e-01
9.137312173843383789e-01
6.573810577392578125e-01
7.882360219955444336e-01
6.880196332931518555e-01
7.253531217575073242e-01
1.000000000000000000e+00
6.426372528076171875e-01
8.064115047454833984e-01
1.000000000000000000e+00
9.893328547477722168e-01
6.806648969650268555e-01
1.000000000000000000e+00
6.262248158454895020e-01
6.455084085464477539e-01
1.000000000000000000e+00
1.000000000000000000e+00
1.000000000000000000e+00
1.000000000000000000e+00
1.000000000000000000e+00
9.931735396385192871e-01
9.183116555213928223e-01
1.000000000000000000e+00
1.000000000000000000e+00
6.649053096771240234e-01
8.668622970581054688e-01
9.999689459800720215e-01
8.485250473022460938e-01
1.000000000000000000e+00
8.172740340232849121e-01
9.604997634887695312e-01
7.109811305999755859e-01
9.891534447669982910e-01
7.032423019409179688e-01
8.223452568054199219e-01
1.000000000000000000e+00
6.832658052444458008e-01
6.590560078620910645e-01
1.000000000000000000e+00
6.836239099502563477e-01
1.000000000000000000e+00
1.000000000000000000e+00
5.986612439155578613e-01
8.620735406875610352e-01
5.794622898101806641e-01
6.202156543731689453e-01
5.151784420013427734e-01
6.925780773162841797e-01
1.000000000000000000e+00
6.781471371650695801e-01
9.727734923362731934e-01
7.792339920997619629e-01
5.426847934722900391e-01
9.848805069923400879e-01
1.000000000000000000e+00
1.000000000000000000e+00
9.994930028915405273e-01
9.348463416099548340e-01
6.510459780693054199e-01
9.958468079566955566e-01
1.000000000000000000e+00
1.000000000000000000e+00
8.843312263488769531e-01
9.849432110786437988e-01
6.459368467330932617e-01
6.895452737808227539e-01
9.717173576354980469e-01
7.905980348587036133e-01
9.999393820762634277e-01
6.543592214584350586e-01
9.678923487663269043e-01
1.000000000000000000e+00
1.000000000000000000e+00
6.306030750274658203e-01
7.322388291358947754e-01
7.346508502960205078e-01
8.965295553207397461e-01
6.726524829864501953e-01
1.000000000000000000e+00
7.276202440261840820e-01
1.000000000000000000e+00
1.000000000000000000e+00
1.000000000000000000e+00
5.881543159484863281e-01
8.078159093856811523e-01
9.999101161956787109e-01
5.358366966247558594e-01
9.821018576622009277e-01
1.000000000000000000e+00
8.356429338455200195e-01
8.044433593750000000e-01
9.999616742134094238e-01
9.990537762641906738e-01
8.068510293960571289e-01
9.718815088272094727e-01
9.993406534194946289e-01
1.000000000000000000e+00
5.427128076553344727e-01
9.999955296516418457e-01
7.157903909683227539e-01
5.988514423370361328e-01
8.145606517791748047e-01
1.000000000000000000e+00
1.000000000000000000e+00
1.000000000000000000e+00
9.983368515968322754e-01
6.390209197998046875e-01
6.624883413314819336e-01
6.290329098701477051e-01
7.128159999847412109e-01
9.696152806282043457e-01
6.397587060928344727e-01
1.000000000000000000e+00
1.000000000000000000e+00
1.000000000000000000e+00
9.999427795410156250e-01
1.000000000000000000e+00
8.717961311340332031e-01
8.553759455680847168e-01
6.661188602447509766e-01
8.552348613739013672e-01
9.996358156204223633e-01
9.636721611022949219e-01
9.464296698570251465e-01
1.000000000000000000e+00
8.404316902160644531e-01
6.836439371109008789e-01
8.610098361968994141e-01
1.000000000000000000e+00
9.958150982856750488e-01
5.848335027694702148e-01
1.000000000000000000e+00
1.000000000000000000e+00
9.750813245773315430e-01
9.780003428459167480e-01
9.929689764976501465e-01
6.033990979194641113e-01
5.767273902893066406e-01
6.819875240325927734e-01
1.000000000000000000e+00
7.780475616455078125e-01
8.663861751556396484e-01
7.382987737655639648e-01
8.536393642425537109e-01
8.024706840515136719e-01
1.000000000000000000e+00
9.998850226402282715e-01
5.327793359756469727e-01
7.497274279594421387e-01
8.333280086517333984e-01
6.531652212142944336e-01
6.608033776283264160e-01
1.000000000000000000e+00
5.632261037826538086e-01
1.000000000000000000e+00
1.000000000000000000e+00
1.000000000000000000e+00
9.997841715812683105e-01
9.615784883499145508e-01
7.897799611091613770e-01
7.253208160400390625e-01
1.000000000000000000e+00
8.127059340476989746e-01
7.921923995018005371e-01
7.887314558029174805e-01
6.577087044715881348e-01
5.757480859756469727e-01
6.730047464370727539e-01
5.527217388153076172e-01
7.521612644195556641e-01
6.877101659774780273e-01
1.000000000000000000e+00
6.983243227005004883e-01
5.843382477760314941e-01
6.823667287826538086e-01
7.092396020889282227e-01
7.790370583534240723e-01
4.859759211540222168e-01
1.000000000000000000e+00
1.000000000000000000e+00
8.210929036140441895e-01
8.694972991943359375e-01
5.707466602325439453e-01
7.417577505111694336e-01
7.434684634208679199e-01
7.896685004234313965e-01
1.000000000000000000e+00
8.064426779747009277e-01
1.000000000000000000e+00
4.965545535087585449e-01
5.410066843032836914e-01
6.343959569931030273e-01
9.069319963455200195e-01
1.000000000000000000e+00
9.130331277847290039e-01
1.000000000000000000e+00
8.115619421005249023e-01
1.000000000000000000e+00
1.000000000000000000e+00
7.770954370498657227e-01
7.404897212982177734e-01
5.297553539276123047e-01
7.574311494827270508e-01
5.528057813644409180e-01
6.406072378158569336e-01
9.915161728858947754e-01
7.585582733154296875e-01
8.213692903518676758e-01
1.000000000000000000e+00
1.000000000000000000e+00
7.228038311004638672e-01
6.018649339675903320e-01
7.651252150535583496e-01
9.998846054077148438e-01
6.499084830284118652e-01
1.000000000000000000e+00
6.027441024780273438e-01
6.639358997344970703e-01
7.838290333747863770e-01
6.154078245162963867e-01
7.563674449920654297e-01
5.850242972373962402e-01
5.065803527832031250e-01
5.261924862861633301e-01
6.371061801910400391e-01
5.912462472915649414e-01
8.724716305732727051e-01
8.583145141601562500e-01
6.888990402221679688e-01
6.710458993911743164e-01
7.039560079574584961e-01
1.000000000000000000e+00
5.897073745727539062e-01
9.620485305786132812e-01
1.000000000000000000e+00
6.295224428176879883e-01
7.893043160438537598e-01
8.926128745079040527e-01
8.047968149185180664e-01
9.084838628768920898e-01
9.705330729484558105e-01
8.611559271812438965e-01
1.000000000000000000e+00
5.446346998214721680e-01
5.540485382080078125e-01
6.134102940559387207e-01
9.264336824417114258e-01
9.660691022872924805e-01
7.698075771331787109e-01
1.000000000000000000e+00
7.226067185401916504e-01
1.000000000000000000e+00
9.948979020118713379e-01
1.000000000000000000e+00
6.132320165634155273e-01
1.000000000000000000e+00
7.281415462493896484e-01
9.921085834503173828e-01
6.181561946868896484e-01
9.699980020523071289e-01
6.978826522827148438e-01
9.650917053222656250e-01
6.987718343734741211e-01
8.579078912734985352e-01
1.000000000000000000e+00
8.842794895172119141e-01
6.864233613014221191e-01
9.926990866661071777e-01
8.454800844192504883e-01
1.000000000000000000e+00
6.548143625259399414e-01
8.341290354728698730e-01
7.583137154579162598e-01
8.128252029418945312e-01
1.000000000000000000e+00
8.938800096511840820e-01
9.140746593475341797e-01
7.609646320343017578e-01
7.026101350784301758e-01
6.447870731353759766e-01
7.502270340919494629e-01
8.537793159484863281e-01
7.745921611785888672e-01
9.903663992881774902e-01
7.099033594131469727e-01
1.000000000000000000e+00
1.000000000000000000e+00
6.818665862083435059e-01
6.296441555023193359e-01
1.000000000000000000e+00
7.291713953018188477e-01
8.982360363006591797e-01
1.000000000000000000e+00
9.777152538299560547e-01
5.325222015380859375e-01
7.554051280021667480e-01
7.376397848129272461e-01
5.970176458358764648e-01
1.000000000000000000e+00
9.585969448089599609e-01
8.289790153503417969e-01
6.822001934051513672e-01
9.716954231262207031e-01
5.012213587760925293e-01
8.570833206176757812e-01
7.644838690757751465e-01
5.654991865158081055e-01
1.000000000000000000e+00
6.352483034133911133e-01
1.000000000000000000e+00
7.599341869354248047e-01
7.467700242996215820e-01
1.000000000000000000e+00
9.344148039817810059e-01
6.433430910110473633e-01
8.906779289245605469e-01
1.000000000000000000e+00
5.801642537117004395e-01
1.000000000000000000e+00
8.842736482620239258e-01
1.000000000000000000e+00
6.278079152107238770e-01
5.051827430725097656e-01
8.677742481231689453e-01
1.000000000000000000e+00
9.992488622665405273e-01
9.000881910324096680e-01
6.646598577499389648e-01
7.500534057617187500e-01
7.901105284690856934e-01
1.000000000000000000e+00
9.280279874801635742e-01
7.834283113479614258e-01
1.000000000000000000e+00
6.036929488182067871e-01
7.356544733047485352e-01
9.655823111534118652e-01
5.716280937194824219e-01
7.008341550827026367e-01
6.861820220947265625e-01
7.539446353912353516e-01
6.937538385391235352e-01
7.430302500724792480e-01
9.865246415138244629e-01
9.984242916107177734e-01
1.000000000000000000e+00
5.264729261398315430e-01
9.985345005989074707e-01
1.000000000000000000e+00
9.057321548461914062e-01
6.284051537513732910e-01
9.999220371246337891e-01
9.997320175170898438e-01
9.636979699134826660e-01
1.000000000000000000e+00
9.588217735290527344e-01
1.000000000000000000e+00
9.405019879341125488e-01
6.431068181991577148e-01
7.047389745712280273e-01
9.986438155174255371e-01
9.999998211860656738e-01
9.881240129470825195e-01
7.295040488243103027e-01
9.133887887001037598e-01
7.609214782714843750e-01
6.507266759872436523e-01
7.551797628402709961e-01
6.197642087936401367e-01
7.689433097839355469e-01
1.000000000000000000e+00
9.395075440406799316e-01
1.000000000000000000e+00
1.000000000000000000e+00
7.652413249015808105e-01
1.000000000000000000e+00
6.828355789184570312e-01
6.992864608764648438e-01
1.000000000000000000e+00
1.000000000000000000e+00
1.000000000000000000e+00
1.000000000000000000e+00
1.000000000000000000e+00
5.747098922729492188e-01
1.000000000000000000e+00
6.460605859756469727e-01
9.533451199531555176e-01
1.000000000000000000e+00
1.000000000000000000e+00
1.000000000000000000e+00
8.091537356376647949e-01
6.747972369194030762e-01
6.118521690368652344e-01
1.000000000000000000e+00
1.000000000000000000e+00
9.999997615814208984e-01
1.000000000000000000e+00
7.954115867614746094e-01
7.541966438293457031e-01
7.654094099998474121e-01
1.000000000000000000e+00
6.320505738258361816e-01
9.997106790542602539e-01
9.991872310638427734e-01
7.890396118164062500e-01
7.759931087493896484e-01
7.548298835754394531e-01
1.000000000000000000e+00
8.414037823677062988e-01
1.000000000000000000e+00
1.000000000000000000e+00
7.805036902427673340e-01
9.999930262565612793e-01
1.000000000000000000e+00
1.000000000000000000e+00
7.521376013755798340e-01
7.949563264846801758e-01
7.074962854385375977e-01
6.199893951416015625e-01
6.239647269248962402e-01
1.000000000000000000e+00
1.000000000000000000e+00
7.981861829757690430e-01
6.343793869018554688e-01
6.268360018730163574e-01
9.999905824661254883e-01
1.000000000000000000e+00
1.000000000000000000e+00
1.000000000000000000e+00
8.056521415710449219e-01
5.445594191551208496e-01
1.000000000000000000e+00
9.856311678886413574e-01
1.000000000000000000e+00
6.414223909378051758e-01
1.000000000000000000e+00
6.922129392623901367e-01
1.000000000000000000e+00
9.776839613914489746e-01
1.000000000000000000e+00
5.420457124710083008e-01
5.196850299835205078e-01
9.982162714004516602e-01
1.000000000000000000e+00
9.999688267707824707e-01
9.018099904060363770e-01
9.999995231628417969e-01
1.000000000000000000e+00
5.158460736274719238e-01
7.975566983222961426e-01
7.726535797119140625e-01
9.518209695816040039e-01
8.107454776763916016e-01
1.000000000000000000e+00
8.170795440673828125e-01
7.013976573944091797e-01
7.175421714782714844e-01
7.773492932319641113e-01
9.675938487052917480e-01
1.000000000000000000e+00
9.300341010093688965e-01
7.660185098648071289e-01
