1.000000000000000000e+00
9.842973947525024414e-01
9.981349110603332520e-01
9.874805808067321777e-01
9.590690135955810547e-01
9.775195121765136719e-01
1.000000000000000000e+00
9.255999922752380371e-01
1.000000000000000000e+00
9.218477010726928711e-01
9.388570189476013184e-01
9.630340933799743652e-01
9.788147211074829102e-01
9.675981402397155762e-01
1.000000000000000000e+00
9.998860359191894531e-01
9.533281326293945312e-01
1.000000000000000000e+00
9.739746451377868652e-01
9.546770453453063965e-01
9.609336853027343750e-01
9.326451420783996582e-01
9.635834097862243652e-01
9.232395887374877930e-01
8.790224194526672363e-01
8.813510537147521973e-01
1.000000000000000000e+00
9.979765415191650391e-01
9.960676431655883789e-01
9.689055681228637695e-01
9.877378344535827637e-01
1.000000000000000000e+00
9.858575463294982910e-01
9.916604757308959961e-01
9.615693688392639160e-01
9.999041557312011719e-01
1.000000000000000000e+00
9.927727580070495605e-01
9.370301365852355957e-01
1.000000000000000000e+00
9.873132705688476562e-01
9.909707903861999512e-01
1.000000000000000000e+00
9.892614483833312988e-01
1.000000000000000000e+00
1.000000000000000000e+00
9.632551074028015137e-01
9.887332916259765625e-01
9.923241138458251953e-01
9.996138215065002441e-01
1.000000000000000000e+00
1.000000000000000000e+00
1.000000000000000000e+00
9.263176321983337402e-01
9.417892694473266602e-01
9.946413040161132812e-01
8.907051086425781250e-01
1.000000000000000000e+00
9.593345522880554199e-01
9.666413068771362305e-01
9.846366643905639648e-01
9.506372213363647461e-01
1.000000000000000000e+00
9.738197326660156250e-01
9.742817282676696777e-01
9.864025115966796875e-01
1.000000000000000000e+00
9.412518143653869629e-01
9.401115179061889648e-01
9.960054159164428711e-01
1.000000000000000000e+00
9.904583096504211426e-01
9.741294980049133301e-01
1.000000000000000000e+00
9.882045984268188477e-01
9.843473434448242188e-01
9.916701316833496094e-01
9.813422560691833496e-01
9.674230813980102539e-01
1.000000000000000000e+00
9.568865299224853516e-01
9.376909732818603516e-01
9.166578054428100586e-01
9.364492297172546387e-01
1.000000000000000000e+00
9.639338254928588867e-01
7.830581068992614746e-01
1.000000000000000000e+00
8.893135786056518555e-01
9.470652341842651367e-01
1.000000000000000000e+00
9.776986837387084961e-01
9.686353802680969238e-01
1.000000000000000000e+00
9.478834271430969238e-01
8.809400200843811035e-01
9.993506669998168945e-01
1.000000000000000000e+00
9.017016887664794922e-01
7.800189852714538574e-01
9.327450394630432129e-01
9.348279237747192383e-01
9.084092378616333008e-01
7.311565876007080078e-01
9.640455245971679688e-01
1.000000000000000000e+00
9.537953138351440430e-01
8.354133367538452148e-01
8.525659441947937012e-01
8.488874435424804688e-01
8.210718631744384766e-01
9.948579668998718262e-01
1.000000000000000000e+00
8.440141677856445312e-01
9.580805301666259766e-01
1.000000000000000000e+00
8.513314723968505859e-01
1.000000000000000000e+00
9.776304960250854492e-01
8.398487567901611328e-01
1.000000000000000000e+00
9.827894568443298340e-01
9.712764620780944824e-01
8.004834651947021484e-01
9.831227660179138184e-01
9.358096122741699219e-01
9.556172490119934082e-01
1.000000000000000000e+00
9.989375472068786621e-01
1.000000000000000000e+00
1.000000000000000000e+00
7.047095894813537598e-01
1.000000000000000000e+00
8.688969016075134277e-01
7.562012672424316406e-01
8.824215531349182129e-01
1.000000000000000000e+00
9.955770373344421387e-01
8.313318490982055664e-01
1.000000000000000000e+00
8.029667735099792480e-01
8.224250078201293945e-01
1.000000000000000000e+00
8.301000595092773438e-01
8.273509740829467773e-01
8.348287343978881836e-01
7.653540968894958496e-01
7.493610382080078125e-01
9.809418916702270508e-01
9.736050367355346680e-01
9.996430277824401855e-01
8.876273632049560547e-01
1.000000000000000000e+00
9.999979734420776367e-01
9.081220626831054688e-01
1.000000000000000000e+00
7.966240644454956055e-01
7.275117635726928711e-01
9.677822589874267578e-01
1.000000000000000000e+00
8.077893257141113281e-01
9.540486931800842285e-01
9.082642793655395508e-01
9.863013029098510742e-01
9.976117610931396484e-01
9.462979435920715332e-01
1.000000000000000000e+00
1.000000000000000000e+00
7.538580894470214844e-01
8.659151792526245117e-01
8.904373049736022949e-01
9.158668518066406250e-01
7.328267097473144531e-01
8.557692170143127441e-01
9.255105853080749512e-01
7.904781103134155273e-01
9.985814690589904785e-01
7.240872383117675781e-01
7.755079865455627441e-01
8.827183246612548828e-01
9.549126625061035156e-01
8.502079248428344727e-01
1.000000000000000000e+00
1.000000000000000000e+00
9.999035596847534180e-01
8.976331353187561035e-01
7.172771692276000977e-01
8.545266985893249512e-01
8.292532563209533691e-01
1.000000000000000000e+00
1.000000000000000000e+00
7.864322662353515625e-01
7.932181358337402344e-01
8.855746984481811523e-01
9.999721646308898926e-01
9.995963573455810547e-01
8.064767718315124512e-01
7.383049130439758301e-01
1.000000000000000000e+00
1.000000000000000000e+00
1.000000000000000000e+00
1.000000000000000000e+00
7.968937158584594727e-01
8.430129885673522949e-01
1.000000000000000000e+00
7.905356884002685547e-01
7.472236156463623047e-01
9.529375433921813965e-01
8.861976861953735352e-01
9.027245044708251953e-01
1.000000000000000000e+00
7.493555545806884766e-01
8.718056082725524902e-01
1.000000000000000000e+00
9.989342093467712402e-01
8.752529621124267578e-01
9.996974468231201172e-01
8.609048128128051758e-01
7.734015583992004395e-01
7.214145660400390625e-01
1.000000000000000000e+00
1.000000000000000000e+00
9.142118692398071289e-01
1.000000000000000000e+00
7.748391032218933105e-01
1.000000000000000000e+00
1.000000000000000000e+00
9.323786497116088867e-01
9.919365048408508301e-01
1.000000000000000000e+00
9.175729751586914062e-01
8.048076629638671875e-01
9.997351765632629395e-01
8.011674880981445312e-01
8.708807229995727539e-01
7.277804613113403320e-01
1.000000000000000000e+00
7.242192029953002930e-01
8.473694324493408203e-01
1.000000000000000000e+00
7.618254423141479492e-01
1.000000000000000000e+00
8.354649543762207031e-01
7.226607799530029297e-01
7.597881555557250977e-01
9.475688934326171875e-01
1.000000000000000000e+00
1.000000000000000000e+00
1.000000000000000000e+00
7.787432074546813965e-01
7.277611494064331055e-01
9.046583175659179688e-01
1.000000000000000000e+00
9.423772096633911133e-01
7.959861159324645996e-01
7.300772666931152344e-01
8.670807480812072754e-01
1.000000000000000000e+00
8.365752696990966797e-01
9.540427923202514648e-01
8.221943378448486328e-01
8.632541894912719727e-01
1.000000000000000000e+00
1.000000000000000000e+00
8.587207794189453125e-01
1.000000000000000000e+00
7.529858350753784180e-01
7.324042320251464844e-01
9.979991912841796875e-01
9.874420166015625000e-01
1.000000000000000000e+00
7.286852598190307617e-01
1.000000000000000000e+00
9.772182106971740723e-01
1.000000000000000000e+00
8.278356790542602539e-01
8.037865161895751953e-01
7.218658924102783203e-01
9.982475638389587402e-01
9.744610786437988281e-01
9.999954700469970703e-01
1.000000000000000000e+00
8.568725585937500000e-01
1.000000000000000000e+00
8.331196904182434082e-01
1.000000000000000000e+00
9.982474446296691895e-01
8.460546731948852539e-01
9.808217287063598633e-01
7.223640680313110352e-01
8.722547292709350586e-01
9.999461770057678223e-01
6.852385997772216797e-01
9.269947409629821777e-01
9.080134034156799316e-01
7.186009883880615234e-01
9.950047731399536133e-01
1.000000000000000000e+00
6.939281225204467773e-01
8.585769534111022949e-01
1.000000000000000000e+00
8.418243527412414551e-01
9.949653148651123047e-01
7.033803462982177734e-01
1.000000000000000000e+00
8.966712951660156250e-01
1.000000000000000000e+00
9.037284255027770996e-01
1.000000000000000000e+00
1.000000000000000000e+00
9.975276589393615723e-01
1.000000000000000000e+00
1.000000000000000000e+00
7.946782112121582031e-01
9.942806363105773926e-01
1.000000000000000000e+00
1.000000000000000000e+00
6.634339690208435059e-01
1.000000000000000000e+00
1.000000000000000000e+00
1.000000000000000000e+00
8.106343150138854980e-01
1.000000000000000000e+00
7.951075434684753418e-01
7.927531599998474121e-01
6.861122250556945801e-01
7.671112418174743652e-01
9.861150979995727539e-01
1.000000000000000000e+00
9.999978542327880859e-01
9.997301697731018066e-01
8.946468830108642578e-01
1.000000000000000000e+00
9.523382186889648438e-01
8.189207911491394043e-01
1.000000000000000000e+00
1.000000000000000000e+00
7.311735153198242188e-01
1.000000000000000000e+00
8.751325011253356934e-01
9.973547458648681641e-01
9.998556971549987793e-01
1.000000000000000000e+00
1.000000000000000000e+00
1.000000000000000000e+00
8.783734440803527832e-01
9.398626685142517090e-01
9.211317300796508789e-01
8.680993914604187012e-01
6.861020326614379883e-01
6.722683906555175781e-01
7.304639816284179688e-01
8.222076892852783203e-01
9.986538290977478027e-01
8.705574274063110352e-01
7.998822927474975586e-01
7.588438987731933594e-01
7.903754115104675293e-01
1.000000000000000000e+00
7.617297768592834473e-01
7.875542640686035156e-01
7.824349403381347656e-01
9.806370735168457031e-01
9.999803304672241211e-01
7.738054990768432617e-01
8.114755153656005859e-01
1.000000000000000000e+00
7.471206188201904297e-01
1.000000000000000000e+00
8.412588238716125488e-01
1.000000000000000000e+00
7.583085298538208008e-01
9.081592559814453125e-01
1.000000000000000000e+00
1.000000000000000000e+00
7.471258640289306641e-01
8.810672760009765625e-01
1.000000000000000000e+00
1.000000000000000000e+00
7.789609432220458984e-01
8.354244232177734375e-01
8.322248458862304688e-01
9.999996423721313477e-01
9.312139749526977539e-01
7.363839149475097656e-01
7.481566667556762695e-01
7.270812988281250000e-01
8.622342348098754883e-01
7.699847817420959473e-01
8.156360983848571777e-01
6.956644654273986816e-01
9.080652594566345215e-01
9.820809364318847656e-01
1.000000000000000000e+00
1.000000000000000000e+00
1.000000000000000000e+00
9.819335937500000000e-01
9.999526143074035645e-01
7.986274957656860352e-01
8.588777184486389160e-01
7.916655540466308594e-01
9.999998807907104492e-01
7.110675573348999023e-01
9.996636509895324707e-01
9.915981292724609375e-01
7.344559431076049805e-01
1.000000000000000000e+00
7.804684638977050781e-01
9.999518394470214844e-01
9.997911453247070312e-01
9.999979734420776367e-01
9.313927292823791504e-01
1.000000000000000000e+00
1.000000000000000000e+00
1.000000000000000000e+00
8.612218499183654785e-01
8.140186667442321777e-01
7.541007399559020996e-01
8.446995019912719727e-01
1.000000000000000000e+00
1.000000000000000000e+00
1.000000000000000000e+00
8.195825815200805664e-01
1.000000000000000000e+00
8.766893744468688965e-01
1.000000000000000000e+00
1.000000000000000000e+00
8.407130241394042969e-01
1.000000000000000000e+00
7.228097915649414062e-01
1.000000000000000000e+00
8.237064480781555176e-01
9.965233802795410156e-01
7.914723753929138184e-01
9.999999403953552246e-01
8.033325672149658203e-01
9.996250271797180176e-01
8.131490349769592285e-01
1.000000000000000000e+00
7.870631217956542969e-01
1.000000000000000000e+00
7.724054455757141113e-01
1.000000000000000000e+00
8.100109100341796875e-01
6.697851419448852539e-01
7.025671005249023438e-01
7.759989500045776367e-01
7.922716140747070312e-01
8.952696919441223145e-01
1.000000000000000000e+00
8.632540702819824219e-01
1.000000000000000000e+00
7.128280401229858398e-01
7.076401114463806152e-01
6.813983917236328125e-01
7.698004245758056641e-01
7.912562489509582520e-01
9.732469916343688965e-01
1.000000000000000000e+00
1.000000000000000000e+00
1.000000000000000000e+00
9.119656085968017578e-01
1.000000000000000000e+00
7.572747468948364258e-01
7.062645554542541504e-01
1.000000000000000000e+00
7.986869812011718750e-01
7.869210839271545410e-01
7.621862888336181641e-01
6.463835239410400391e-01
1.000000000000000000e+00
6.952266693115234375e-01
1.000000000000000000e+00
1.000000000000000000e+00
7.736942768096923828e-01
7.087793350219726562e-01
7.911249995231628418e-01
9.995037913322448730e-01
9.897192716598510742e-01
9.513636231422424316e-01
9.993801116943359375e-01
8.471325635910034180e-01
9.998406767845153809e-01
9.999982118606567383e-01
9.720238447189331055e-01
7.403429150581359863e-01
8.169492483139038086e-01
7.042500972747802734e-01
1.000000000000000000e+00
8.087444305419921875e-01
8.216558098793029785e-01
7.988317608833312988e-01
9.311122298240661621e-01
7.803892493247985840e-01
9.962400197982788086e-01
6.815803050994873047e-01
1.000000000000000000e+00
7.861185073852539062e-01
7.725903987884521484e-01
6.801602840423583984e-01
6.791503429412841797e-01
1.000000000000000000e+00
1.000000000000000000e+00
8.303686976432800293e-01
9.408060908317565918e-01
1.000000000000000000e+00
9.996054768562316895e-01
8.961611390113830566e-01
1.000000000000000000e+00
8.736280202865600586e-01
1.000000000000000000e+00
8.045635223388671875e-01
1.000000000000000000e+00
1.000000000000000000e+00
7.392668128013610840e-01
8.665099740028381348e-01
1.000000000000000000e+00
7.199506759643554688e-01
7.349629402160644531e-01
7.645674943923950195e-01
7.847567796707153320e-01
1.000000000000000000e+00
9.984127283096313477e-01
8.288442492485046387e-01
7.828441858291625977e-01
9.999985098838806152e-01
8.791013360023498535e-01
1.000000000000000000e+00
1.000000000000000000e+00
9.998135566711425781e-01
7.055156826972961426e-01
8.087374567985534668e-01
7.728840708732604980e-01
1.000000000000000000e+00
9.122919440269470215e-01
9.999963045120239258e-01
1.000000000000000000e+00
8.271024227142333984e-01
7.765830755233764648e-01
1.000000000000000000e+00
9.978340864181518555e-01
8.320538997650146484e-01
1.000000000000000000e+00
9.028731584548950195e-01
8.854675292968750000e-01
7.339178323745727539e-01
9.997772574424743652e-01
6.682648658752441406e-01
8.230994343757629395e-01
9.999272227287292480e-01
1.000000000000000000e+00
1.000000000000000000e+00
7.893817424774169922e-01
1.000000000000000000e+00
1.000000000000000000e+00
9.265930056571960449e-01
7.946671843528747559e-01
8.192477226257324219e-01
7.444527149200439453e-01
1.000000000000000000e+00
7.893052101135253906e-01
7.820001840591430664e-01
1.000000000000000000e+00
7.842372655868530273e-01
8.123759627342224121e-01
8.832696080207824707e-01
6.688214540481567383e-01
9.420915842056274414e-01
6.890091896057128906e-01
1.000000000000000000e+00
7.458497285842895508e-01
7.512347102165222168e-01
7.415554523468017578e-01
9.704391360282897949e-01
6.556868553161621094e-01
1.000000000000000000e+00
7.006926536560058594e-01
6.463683247566223145e-01
9.744852185249328613e-01
7.318565249443054199e-01
9.993255138397216797e-01
1.000000000000000000e+00
7.413375377655029297e-01
9.156063795089721680e-01
9.033885002136230469e-01
1.000000000000000000e+00
8.061106204986572266e-01
9.944003224372863770e-01
9.999984502792358398e-01
7.519418001174926758e-01
1.000000000000000000e+00
6.694803237915039062e-01
8.144485950469970703e-01
1.000000000000000000e+00
9.723936915397644043e-01
7.212852239608764648e-01
9.538562297821044922e-01
7.527729868888854980e-01
1.000000000000000000e+00
1.000000000000000000e+00
6.350979804992675781e-01
9.447172284126281738e-01
7.182799577713012695e-01
1.000000000000000000e+00
9.728415012359619141e-01
9.983668327331542969e-01
8.061769604682922363e-01
1.000000000000000000e+00
7.077420949935913086e-01
1.000000000000000000e+00
9.999456405639648438e-01
8.583526015281677246e-01
6.987391710281372070e-01
1.000000000000000000e+00
8.779347538948059082e-01
1.000000000000000000e+00
1.000000000000000000e+00
1.000000000000000000e+00
1.000000000000000000e+00
1.000000000000000000e+00
7.717864513397216797e-01
7.323062419891357422e-01
9.998966455459594727e-01
7.733299732208251953e-01
9.413397908210754395e-01
8.723486661911010742e-01
8.397411704063415527e-01
8.945254087448120117e-01
1.000000000000000000e+00
7.709114551544189453e-01
1.000000000000000000e+00
9.500806331634521484e-01
9.026904106140136719e-01
9.998540282249450684e-01
9.380122423171997070e-01
1.000000000000000000e+00
8.817213773727416992e-01
9.847351908683776855e-01
1.000000000000000000e+00
9.999173283576965332e-01
6.664366126060485840e-01
1.000000000000000000e+00
1.000000000000000000e+00
8.144788146018981934e-01
7.583458423614501953e-01
6.947320699691772461e-01
8.758097887039184570e-01
6.245860457420349121e-01
1.000000000000000000e+00
9.529405832290649414e-01
1.000000000000000000e+00
1.000000000000000000e+00
1.000000000000000000e+00
1.000000000000000000e+00
9.987112879753112793e-01
8.331515789031982422e-01
1.000000000000000000e+00
1.000000000000000000e+00
9.541864395141601562e-01
8.631563186645507812e-01
7.546870708465576172e-01
6.839061975479125977e-01
1.000000000000000000e+00
9.588919878005981445e-01
1.000000000000000000e+00
7.256848812103271484e-01
7.979409694671630859e-01
9.668478965759277344e-01
1.000000000000000000e+00
1.000000000000000000e+00
1.000000000000000000e+00
9.993051886558532715e-01
1.000000000000000000e+00
9.509598612785339355e-01
6.648949384689331055e-01
9.023454189300537109e-01
8.597550988197326660e-01
8.425060510635375977e-01
7.879939675331115723e-01
7.071472406387329102e-01
9.011108875274658203e-01
8.537750244140625000e-01
8.798455595970153809e-01
8.093379735946655273e-01
9.042854309082031250e-01
8.359174728393554688e-01
8.726149797439575195e-01
9.019122719764709473e-01
1.000000000000000000e+00
6.723924875259399414e-01
7.522079944610595703e-01
1.000000000000000000e+00
1.000000000000000000e+00
7.416219115257263184e-01
8.122819662094116211e-01
9.604396820068359375e-01
8.392195701599121094e-01
1.000000000000000000e+00
1.000000000000000000e+00
8.728676438331604004e-01
7.877589464187622070e-01
1.000000000000000000e+00
7.764855623245239258e-01
8.925727605819702148e-01
9.999957680702209473e-01
6.622734665870666504e-01
7.605570554733276367e-01
8.756591081619262695e-01
9.999998211860656738e-01
9.011684060096740723e-01
7.767233848571777344e-01
7.877978086471557617e-01
7.670429944992065430e-01
8.292088508605957031e-01
7.083242535591125488e-01
7.818852663040161133e-01
8.066509962081909180e-01
9.999945759773254395e-01
6.658893823623657227e-01
8.325784802436828613e-01
9.228855371475219727e-01
1.000000000000000000e+00
7.836107015609741211e-01
7.152537107467651367e-01
1.000000000000000000e+00
9.414092302322387695e-01
7.440544366836547852e-01
7.910878062248229980e-01
7.031562328338623047e-01
7.099442481994628906e-01
1.000000000000000000e+00
8.297275900840759277e-01
9.989495873451232910e-01
9.050396084785461426e-01
9.999120831489562988e-01
7.712486386299133301e-01
9.028407335281372070e-01
7.447037100791931152e-01
8.448448181152343750e-01
1.000000000000000000e+00
8.012179136276245117e-01
7.095357179641723633e-01
9.999933242797851562e-01
8.909720182418823242e-01
1.000000000000000000e+00
7.215869426727294922e-01
7.520003914833068848e-01
1.000000000000000000e+00
1.000000000000000000e+00
8.268676996231079102e-01
7.319845557212829590e-01
7.662785053253173828e-01
1.000000000000000000e+00
1.000000000000000000e+00
7.858897447586059570e-01
1.000000000000000000e+00
1.000000000000000000e+00
1.000000000000000000e+00
8.895770311355590820e-01
1.000000000000000000e+00
9.178252220153808594e-01
7.199094295501708984e-01
9.994141459465026855e-01
1.000000000000000000e+00
1.000000000000000000e+00
8.604166507720947266e-01
1.000000000000000000e+00
1.000000000000000000e+00
9.957624077796936035e-01
7.902075648307800293e-01
1.000000000000000000e+00
1.000000000000000000e+00
6.903966665267944336e-01
7.114665508270263672e-01
6.950942277908325195e-01
9.935882687568664551e-01
9.244502782821655273e-01
9.370998144149780273e-01
7.689176797866821289e-01
1.000000000000000000e+00
1.000000000000000000e+00
7.072250843048095703e-01
9.999429583549499512e-01
1.000000000000000000e+00
8.968467116355895996e-01
6.818109154701232910e-01
7.074135541915893555e-01
9.974743127822875977e-01
6.578181982040405273e-01
7.829043269157409668e-01
8.234612345695495605e-01
7.845226526260375977e-01
1.000000000000000000e+00
7.978114485740661621e-01
7.367538213729858398e-01
9.267621040344238281e-01
1.000000000000000000e+00
8.107410073280334473e-01
1.000000000000000000e+00
1.000000000000000000e+00
1.000000000000000000e+00
8.356411457061767578e-01
1.000000000000000000e+00
7.852270603179931641e-01
8.397635221481323242e-01
8.437380790710449219e-01
8.959519267082214355e-01
9.976415634155273438e-01
7.513287067413330078e-01
8.926151990890502930e-01
7.465226650238037109e-01
8.268666267395019531e-01
7.185393571853637695e-01
1.000000000000000000e+00
6.554341912269592285e-01
1.000000000000000000e+00
8.064996600151062012e-01
9.976782202720642090e-01
1.000000000000000000e+00
6.796975731849670410e-01
8.036243915557861328e-01
1.000000000000000000e+00
7.379430532455444336e-01
1.000000000000000000e+00
1.000000000000000000e+00
1.000000000000000000e+00
8.036502003669738770e-01
1.000000000000000000e+00
7.521666884422302246e-01
9.655450582504272461e-01
8.830336332321166992e-01
1.000000000000000000e+00
8.244112730026245117e-01
8.010847568511962891e-01
1.000000000000000000e+00
1.000000000000000000e+00
1.000000000000000000e+00
7.431816458702087402e-01
6.517041921615600586e-01
9.229056835174560547e-01
9.315048456192016602e-01
1.000000000000000000e+00
9.798125624656677246e-01
9.992947578430175781e-01
1.000000000000000000e+00
9.288282394409179688e-01
8.245377540588378906e-01
1.000000000000000000e+00
9.999825358390808105e-01
8.458509445190429688e-01
9.243723154067993164e-01
7.699043154716491699e-01
9.655144214630126953e-01
6.559248566627502441e-01
8.077766299247741699e-01
8.193100094795227051e-01
7.306857109069824219e-01
1.000000000000000000e+00
6.611075401306152344e-01
9.987545609474182129e-01
7.736521959304809570e-01
7.215343117713928223e-01
8.832662105560302734e-01
8.669543266296386719e-01
7.461119890213012695e-01
8.251377940177917480e-01
1.000000000000000000e+00
7.759117484092712402e-01
7.001789808273315430e-01
1.000000000000000000e+00
1.000000000000000000e+00
9.919736981391906738e-01
9.960510134696960449e-01
7.446670532226562500e-01
1.000000000000000000e+00
8.976137638092041016e-01
1.000000000000000000e+00
8.012298941612243652e-01
8.424774408340454102e-01
7.425134181976318359e-01
1.000000000000000000e+00
8.182570934295654297e-01
6.770908832550048828e-01
7.282129526138305664e-01
9.525544643402099609e-01
1.000000000000000000e+00
1.000000000000000000e+00
1.000000000000000000e+00
7.004147768020629883e-01
8.055337667465209961e-01
7.994037866592407227e-01
1.000000000000000000e+00
1.000000000000000000e+00
1.000000000000000000e+00
1.000000000000000000e+00
7.464083433151245117e-01
9.166860580444335938e-01
1.000000000000000000e+00
9.999057650566101074e-01
7.519303560256958008e-01
9.081041216850280762e-01
1.000000000000000000e+00
1.000000000000000000e+00
1.000000000000000000e+00
8.347313404083251953e-01
9.388262629508972168e-01
9.726183414459228516e-01
8.083010911941528320e-01
1.000000000000000000e+00
7.953848242759704590e-01
9.867956638336181641e-01
8.363120555877685547e-01
1.000000000000000000e+00
9.999996423721313477e-01
8.314495682716369629e-01
8.237131834030151367e-01
1.000000000000000000e+00
1.000000000000000000e+00
9.997921586036682129e-01
1.000000000000000000e+00
1.000000000000000000e+00
7.160813808441162109e-01
8.483417630195617676e-01
7.481870651245117188e-01
1.000000000000000000e+00
8.755291700363159180e-01
1.000000000000000000e+00
1.000000000000000000e+00
1.000000000000000000e+00
8.921211957931518555e-01
8.409438133239746094e-01
8.278930783271789551e-01
9.258345365524291992e-01
7.786020040512084961e-01
7.983009815216064453e-01
9.706567525863647461e-01
6.906411647796630859e-01
1.000000000000000000e+00
7.408722639083862305e-01
7.367323637008666992e-01
1.000000000000000000e+00
7.237773537635803223e-01
7.668259739875793457e-01
7.578839659690856934e-01
7.837654352188110352e-01
9.845343828201293945e-01
6.980780959129333496e-01
9.543858170509338379e-01
8.478004932403564453e-01
6.565606594085693359e-01
7.214186191558837891e-01
1.000000000000000000e+00
7.087153196334838867e-01
8.748351335525512695e-01
6.747713088989257812e-01
7.673972249031066895e-01
8.973498940467834473e-01
1.000000000000000000e+00
1.000000000000000000e+00
9.999317526817321777e-01
7.292754054069519043e-01
1.000000000000000000e+00
7.765561938285827637e-01
8.905737400054931641e-01
8.652548789978027344e-01
8.271510004997253418e-01
7.817820310592651367e-01
9.387460947036743164e-01
9.204743504524230957e-01
8.415559530258178711e-01
9.071332216262817383e-01
8.596329092979431152e-01
8.852881789207458496e-01
8.640272617340087891e-01
9.998555779457092285e-01
8.412675857543945312e-01
9.285219311714172363e-01
1.000000000000000000e+00
1.000000000000000000e+00
8.026116490364074707e-01
9.968477487564086914e-01
6.513062119483947754e-01
9.988663792610168457e-01
8.710847496986389160e-01
7.207541465759277344e-01
9.546308517456054688e-01
6.364107131958007812e-01
7.890195846557617188e-01
8.406978845596313477e-01
8.036183714866638184e-01
7.429096698760986328e-01
7.997883558273315430e-01
9.573035240173339844e-01
1.000000000000000000e+00
9.145623445510864258e-01
7.989879250526428223e-01
1.000000000000000000e+00
8.205229640007019043e-01
1.000000000000000000e+00
1.000000000000000000e+00
8.002352714538574219e-01
8.637834787368774414e-01
7.283596992492675781e-01
8.244802355766296387e-01
9.286006689071655273e-01
8.084607124328613281e-01
1.000000000000000000e+00
7.788037061691284180e-01
6.677054762840270996e-01
6.150525212287902832e-01
8.203374147415161133e-01
7.218114137649536133e-01
6.883437633514404297e-01
8.657349944114685059e-01
7.906308174133300781e-01
1.000000000000000000e+00
8.839213252067565918e-01
9.387925863265991211e-01
6.799772977828979492e-01
1.000000000000000000e+00
1.000000000000000000e+00
1.000000000000000000e+00
7.005025148391723633e-01
7.099589109420776367e-01
7.826831340789794922e-01
9.060138463973999023e-01
6.791106462478637695e-01
7.425202727317810059e-01
7.149806022644042969e-01
7.620463967323303223e-01
1.000000000000000000e+00
1.000000000000000000e+00
8.795151114463806152e-01
1.000000000000000000e+00
7.336391210556030273e-01
8.511617183685302734e-01
7.355717420578002930e-01
8.432923555374145508e-01
9.996445178985595703e-01
7.825176715850830078e-01
1.000000000000000000e+00
8.007224798202514648e-01
8.327976465225219727e-01
6.954530477523803711e-01
1.000000000000000000e+00
9.568693637847900391e-01
7.665349245071411133e-01
9.018909931182861328e-01
9.997975230216979980e-01
8.034150004386901855e-01
1.000000000000000000e+00
9.079203009605407715e-01
7.387735843658447266e-01
9.045863151550292969e-01
1.000000000000000000e+00
7.829979658126831055e-01
8.638660907745361328e-01
6.941817998886108398e-01
9.963408112525939941e-01
1.000000000000000000e+00
9.999721646308898926e-01
7.653622031211853027e-01
7.941150069236755371e-01
9.767283201217651367e-01
8.713008761405944824e-01
9.946628212928771973e-01
8.024088144302368164e-01
6.454306840896606445e-01
7.799710631370544434e-01
1.000000000000000000e+00
7.194451689720153809e-01
6.673841476440429688e-01
8.623930215835571289e-01
7.745568752288818359e-01
1.000000000000000000e+00
8.068298697471618652e-01
8.634320497512817383e-01
8.496006131172180176e-01
9.999724626541137695e-01
1.000000000000000000e+00
6.579358577728271484e-01
9.999998211860656738e-01
9.969640374183654785e-01
9.752146005630493164e-01
8.308861255645751953e-01
8.796587586402893066e-01
9.018242359161376953e-01
8.100628256797790527e-01
7.509012818336486816e-01
9.655193090438842773e-01
9.999995827674865723e-01
8.007276058197021484e-01
9.964551329612731934e-01
8.487764596939086914e-01
7.259657979011535645e-01
8.644245862960815430e-01
7.514690756797790527e-01
7.639480233192443848e-01
1.000000000000000000e+00
8.822891116142272949e-01
1.000000000000000000e+00
8.929646611213684082e-01
1.000000000000000000e+00
7.404816150665283203e-01
7.634035944938659668e-01
7.184671759605407715e-01
8.155665993690490723e-01
9.097394943237304688e-01
6.785897016525268555e-01
9.998970031738281250e-01
7.964464426040649414e-01
7.867131233215332031e-01
8.499151468276977539e-01
1.000000000000000000e+00
7.266633510589599609e-01
9.679804444313049316e-01
7.030855417251586914e-01
6.404392719268798828e-01
8.317147493362426758e-01
1.000000000000000000e+00
9.093130230903625488e-01
7.426929473876953125e-01
7.552893757820129395e-01
6.742176413536071777e-01
8.424586057662963867e-01
1.000000000000000000e+00
1.000000000000000000e+00
7.512781023979187012e-01
9.999995827674865723e-01
8.904606103897094727e-01
8.696945905685424805e-01
8.466655015945434570e-01
8.273252248764038086e-01
1.000000000000000000e+00
1.000000000000000000e+00
7.141311764717102051e-01
7.082861661911010742e-01
8.833987712860107422e-01
6.494407057762145996e-01
1.000000000000000000e+00
8.975964188575744629e-01
9.998918771743774414e-01
7.394084930419921875e-01
9.999673962593078613e-01
1.000000000000000000e+00
9.989050626754760742e-01
9.999897480010986328e-01
8.418102264404296875e-01
1.000000000000000000e+00
7.731084227561950684e-01
6.301426887512207031e-01
7.204889059066772461e-01
9.570609331130981445e-01
1.000000000000000000e+00
8.234803080558776855e-01
8.805930018424987793e-01
1.000000000000000000e+00
7.622389793395996094e-01
7.878249287605285645e-01
7.464016079902648926e-01
8.139160871505737305e-01
7.886433601379394531e-01
7.527971267700195312e-01
7.400237321853637695e-01
1.000000000000000000e+00
8.548223972320556641e-01
7.527021169662475586e-01
9.513274431228637695e-01
6.106770038604736328e-01
9.999266862869262695e-01
9.260134100914001465e-01
8.132172226905822754e-01
6.193996071815490723e-01
9.915263056755065918e-01
1.000000000000000000e+00
6.942161321640014648e-01
1.000000000000000000e+00
8.318679332733154297e-01
9.459080696105957031e-01
9.610170125961303711e-01
6.736067533493041992e-01
8.618465065956115723e-01
8.651791214942932129e-01
8.563376665115356445e-01
8.182829618453979492e-01
1.000000000000000000e+00
8.366010189056396484e-01
9.557998180389404297e-01
7.541034817695617676e-01
9.999265670776367188e-01
9.996474385261535645e-01
8.527077436447143555e-01
7.601428031921386719e-01
1.000000000000000000e+00
8.318431973457336426e-01
8.618026971817016602e-01
8.613219857215881348e-01
8.976644873619079590e-01
7.693113684654235840e-01
7.442191839218139648e-01
7.324630618095397949e-01
6.530292034149169922e-01
9.959016442298889160e-01
7.910459041595458984e-01
8.002408146858215332e-01
1.000000000000000000e+00
6.320068836212158203e-01
1.000000000000000000e+00
7.979716062545776367e-01
9.903734326362609863e-01
7.726359963417053223e-01
9.645900726318359375e-01
6.357405185699462891e-01
1.000000000000000000e+00
7.594735026359558105e-01
8.509200811386108398e-01
1.000000000000000000e+00
1.000000000000000000e+00
9.999349117279052734e-01
1.000000000000000000e+00
7.662707567214965820e-01
7.574878931045532227e-01
7.483847737312316895e-01
8.261787891387939453e-01
7.249520421028137207e-01
6.689805388450622559e-01
8.158379793167114258e-01
9.548199772834777832e-01
1.000000000000000000e+00
1.000000000000000000e+00
7.800070643424987793e-01
9.414802193641662598e-01
6.504406929016113281e-01
7.104817628860473633e-01
1.000000000000000000e+00
1.000000000000000000e+00
8.383901119232177734e-01
1.000000000000000000e+00
1.000000000000000000e+00
7.297619581222534180e-01
1.000000000000000000e+00
7.810571789741516113e-01
1.000000000000000000e+00
6.953024864196777344e-01
1.000000000000000000e+00
9.289308190345764160e-01
6.823903322219848633e-01
7.114411592483520508e-01
8.162460327148437500e-01
7.078331708908081055e-01
6.578100919723510742e-01
8.399166464805603027e-01
8.294669985771179199e-01
1.000000000000000000e+00
1.000000000000000000e+00
1.000000000000000000e+00
1.000000000000000000e+00
8.906522393226623535e-01
7.151101827621459961e-01
7.723295092582702637e-01
8.235897421836853027e-01
7.834861278533935547e-01
9.998942613601684570e-01
7.262281775474548340e-01
1.000000000000000000e+00
9.110776782035827637e-01
8.070024251937866211e-01
1.000000000000000000e+00
7.538188099861145020e-01
1.000000000000000000e+00
8.278313875198364258e-01
6.343478560447692871e-01
1.000000000000000000e+00
7.714275121688842773e-01
1.000000000000000000e+00
1.000000000000000000e+00
7.530163526535034180e-01
1.000000000000000000e+00
1.000000000000000000e+00
1.000000000000000000e+00
7.583135366439819336e-01
8.794849514961242676e-01
9.326524734497070312e-01
9.983039498329162598e-01
7.755800485610961914e-01
7.417998313903808594e-01
8.538947105407714844e-01
7.968521714210510254e-01
8.838883042335510254e-01
1.000000000000000000e+00
9.998925328254699707e-01
7.971045374870300293e-01
6.731218099594116211e-01
7.155013084411621094e-01
8.327715992927551270e-01
7.873172760009765625e-01
7.459959983825683594e-01
1.000000000000000000e+00
1.000000000000000000e+00
7.283583879470825195e-01
1.000000000000000000e+00
7.503964304924011230e-01
1.000000000000000000e+00
7.471961975097656250e-01
8.165378570556640625e-01
9.318813085556030273e-01
6.629830598831176758e-01
1.000000000000000000e+00
7.951995134353637695e-01
1.000000000000000000e+00
1.000000000000000000e+00
1.000000000000000000e+00
6.769481897354125977e-01
8.704052567481994629e-01
7.866391539573669434e-01
9.999983906745910645e-01
1.000000000000000000e+00
7.661740779876708984e-01
7.605240345001220703e-01
9.461610913276672363e-01
6.882116198539733887e-01
6.779624223709106445e-01
8.104962706565856934e-01
7.788107395172119141e-01
7.712154388427734375e-01
9.463096857070922852e-01
7.576814889907836914e-01
9.418239593505859375e-01
7.758465409278869629e-01
8.372409343719482422e-01
1.000000000000000000e+00
8.951050043106079102e-01
1.000000000000000000e+00
1.000000000000000000e+00
8.893617391586303711e-01
7.918874621391296387e-01
7.885744571685791016e-01
1.000000000000000000e+00
6.729112863540649414e-01
9.915240406990051270e-01
7.196430563926696777e-01
7.156749963760375977e-01
1.000000000000000000e+00
1.000000000000000000e+00
8.363321423530578613e-01
6.738678216934204102e-01
9.997497797012329102e-01
9.603410363197326660e-01
1.000000000000000000e+00
1.000000000000000000e+00
1.000000000000000000e+00
6.933938264846801758e-01
5.865065455436706543e-01
8.567636013031005859e-01
1.000000000000000000e+00
8.378226757049560547e-01
7.621213793754577637e-01
9.842536449432373047e-01
7.865561246871948242e-01
7.242739200592041016e-01
1.000000000000000000e+00
6.420656442642211914e-01
7.404829263687133789e-01
9.997319579124450684e-01
6.231088638305664062e-01
1.000000000000000000e+00
1.000000000000000000e+00
1.000000000000000000e+00
6.834763288497924805e-01
6.738208532333374023e-01
1.000000000000000000e+00
8.524595499038696289e-01
9.643262624740600586e-01
7.610812187194824219e-01
8.146116733551025391e-01
1.000000000000000000e+00
8.460439443588256836e-01
8.587920665740966797e-01
9.811487197875976562e-01
1.000000000000000000e+00
6.263273358345031738e-01
8.613517284393310547e-01
6.672286987304687500e-01
8.248226046562194824e-01
9.131178259849548340e-01
1.000000000000000000e+00
1.000000000000000000e+00
9.473214149475097656e-01
6.360282301902770996e-01
7.898542881011962891e-01
6.836968064308166504e-01
7.039751410484313965e-01
1.000000000000000000e+00
9.180799722671508789e-01
1.000000000000000000e+00
7.998875975608825684e-01
1.000000000000000000e+00
1.000000000000000000e+00
9.734774827957153320e-01
6.027247905731201172e-01
6.200338602066040039e-01
7.537549138069152832e-01
6.492536664009094238e-01
9.981915354728698730e-01
8.275836706161499023e-01
7.297226190567016602e-01
1.000000000000000000e+00
1.000000000000000000e+00
7.496239542961120605e-01
8.733438253402709961e-01
9.997508525848388672e-01
1.000000000000000000e+00
8.080163002014160156e-01
8.011581897735595703e-01
8.200057148933410645e-01
9.328125119209289551e-01
8.213848471641540527e-01
1.000000000000000000e+00
9.170231819152832031e-01
9.999002218246459961e-01
1.000000000000000000e+00
7.086876630783081055e-01
7.430732250213623047e-01
9.959382414817810059e-01
9.808356165885925293e-01
8.984987735748291016e-01
7.788588404655456543e-01
9.360592961311340332e-01
7.988362908363342285e-01
8.165852427482604980e-01
1.000000000000000000e+00
1.000000000000000000e+00
8.192891478538513184e-01
7.382932305335998535e-01
7.621984481811523438e-01
7.604869008064270020e-01
7.278770804405212402e-01
7.257746458053588867e-01
7.787576913833618164e-01
6.664161086082458496e-01
8.601017594337463379e-01
6.153109073638916016e-01
7.366974353790283203e-01
9.999974966049194336e-01
7.737442851066589355e-01
8.370436429977416992e-01
1.000000000000000000e+00
9.607996940612792969e-01
1.000000000000000000e+00
6.940228343009948730e-01
9.999987483024597168e-01
1.000000000000000000e+00
8.515263795852661133e-01
9.950017929077148438e-01
7.816636562347412109e-01
6.331245899200439453e-01
9.163056612014770508e-01
7.916620969772338867e-01
9.685692787170410156e-01
7.343513965606689453e-01
9.998201727867126465e-01
8.946179747581481934e-01
6.033289432525634766e-01
9.081289768218994141e-01
1.000000000000000000e+00
8.665306568145751953e-01
9.997703433036804199e-01
7.454875707626342773e-01
9.992972016334533691e-01
9.282360672950744629e-01
7.456273436546325684e-01
7.463029623031616211e-01
7.870812416076660156e-01
1.000000000000000000e+00
7.235420942306518555e-01
1.000000000000000000e+00
9.523429870605468750e-01
6.869266033172607422e-01
5.926138162612915039e-01
1.000000000000000000e+00
5.504221320152282715e-01
1.000000000000000000e+00
1.000000000000000000e+00
1.000000000000000000e+00
7.902027368545532227e-01
9.995043873786926270e-01
7.196090221405029297e-01
8.285148143768310547e-01
8.388655185699462891e-01
1.000000000000000000e+00
9.307311773300170898e-01
1.000000000000000000e+00
8.405572175979614258e-01
7.447456121444702148e-01
9.955659508705139160e-01
8.081593513488769531e-01
8.324245214462280273e-01
1.000000000000000000e+00
8.914322257041931152e-01
1.000000000000000000e+00
1.000000000000000000e+00
6.861479282379150391e-01
6.855537891387939453e-01
8.409047126770019531e-01
1.000000000000000000e+00
6.448258161544799805e-01
1.000000000000000000e+00
1.000000000000000000e+00
6.584057807922363281e-01
1.000000000000000000e+00
1.000000000000000000e+00
7.571787834167480469e-01
6.390800476074218750e-01
9.999830126762390137e-01
7.397961616516113281e-01
1.000000000000000000e+00
7.405287027359008789e-01
9.223707914352416992e-01
6.841933727264404297e-01
7.028416395187377930e-01
9.995896816253662109e-01
1.000000000000000000e+00
1.000000000000000000e+00
1.000000000000000000e+00
8.492681384086608887e-01
9.999514818191528320e-01
6.792929172515869141e-01
6.487922072410583496e-01
7.522788643836975098e-01
1.000000000000000000e+00
1.000000000000000000e+00
1.000000000000000000e+00
8.011158108711242676e-01
9.304732084274291992e-01
1.000000000000000000e+00
9.600802659988403320e-01
1.000000000000000000e+00
5.887497663497924805e-01
9.998721480369567871e-01
7.746188640594482422e-01
6.713253259658813477e-01
9.356340169906616211e-01
9.145479202270507812e-01
1.000000000000000000e+00
1.000000000000000000e+00
9.250097870826721191e-01
1.000000000000000000e+00
1.000000000000000000e+00
9.104954004287719727e-01
9.601086378097534180e-01
1.000000000000000000e+00
6.538355350494384766e-01
1.000000000000000000e+00
9.724511504173278809e-01
8.273278474807739258e-01
7.424554228782653809e-01
9.743320941925048828e-01
9.176547527313232422e-01
7.989506125450134277e-01
8.232732415199279785e-01
1.000000000000000000e+00
7.587076425552368164e-01
7.796958684921264648e-01
9.659997224807739258e-01
1.000000000000000000e+00
9.997119903564453125e-01
8.344012498855590820e-01
6.797248125076293945e-01
8.529279828071594238e-01
9.999600648880004883e-01
7.885843515396118164e-01
9.299031496047973633e-01
1.000000000000000000e+00
8.604395985603332520e-01
9.348063468933105469e-01
6.162098646163940430e-01
8.177167773246765137e-01
9.997401833534240723e-01
7.576536536216735840e-01
1.000000000000000000e+00
6.886661052703857422e-01
9.999569654464721680e-01
1.000000000000000000e+00
5.992868542671203613e-01
1.000000000000000000e+00
9.102662205696105957e-01
6.529911756515502930e-01
8.997829556465148926e-01
9.583935141563415527e-01
9.998792409896850586e-01
6.680836677551269531e-01
1.000000000000000000e+00
9.275352954864501953e-01
1.000000000000000000e+00
7.931286692619323730e-01
7.781538963317871094e-01
7.224441170692443848e-01
1.000000000000000000e+00
6.307805776596069336e-01
9.390913844108581543e-01
6.444016695022583008e-01
1.000000000000000000e+00
6.636513471603393555e-01
8.782735466957092285e-01
1.000000000000000000e+00
1.000000000000000000e+00
7.276740074157714844e-01
8.201216459274291992e-01
8.016021251678466797e-01
9.586968421936035156e-01
9.280561804771423340e-01
6.387251019477844238e-01
9.931088685989379883e-01
1.000000000000000000e+00
7.222298979759216309e-01
1.000000000000000000e+00
6.198763847351074219e-01
1.000000000000000000e+00
9.999086260795593262e-01
7.438470721244812012e-01
6.857901811599731445e-01
8.085737228393554688e-01
1.000000000000000000e+00
6.921533942222595215e-01
9.639101624488830566e-01
8.515664339065551758e-01
6.199133992195129395e-01
9.077422022819519043e-01
1.000000000000000000e+00
9.996532797813415527e-01
6.331629753112792969e-01
9.999669194221496582e-01
1.000000000000000000e+00
7.298195362091064453e-01
1.000000000000000000e+00
8.820466995239257812e-01
7.367919087409973145e-01
9.999711513519287109e-01
9.998412728309631348e-01
1.000000000000000000e+00
7.228591442108154297e-01
8.713918328285217285e-01
9.973828196525573730e-01
8.456596136093139648e-01
9.999891519546508789e-01
6.920987963676452637e-01
9.999784827232360840e-01
7.952209711074829102e-01
8.230202198028564453e-01
1.000000000000000000e+00
7.602932453155517578e-01
1.000000000000000000e+00
8.635987639427185059e-01
1.000000000000000000e+00
8.582637906074523926e-01
8.310029506683349609e-01
6.348649263381958008e-01
7.732696533203125000e-01
5.525722503662109375e-01
6.388655900955200195e-01
7.726825475692749023e-01
8.229845762252807617e-01
7.621321678161621094e-01
8.867130279541015625e-01
9.997819066047668457e-01
8.115265965461730957e-01
9.992685317993164062e-01
8.233014345169067383e-01
9.999776482582092285e-01
6.559265851974487305e-01
6.302824616432189941e-01
8.183512687683105469e-01
9.158152341842651367e-01
5.934433341026306152e-01
6.806159019470214844e-01
6.929137110710144043e-01
9.637215137481689453e-01
1.000000000000000000e+00
9.705232977867126465e-01
6.631199717521667480e-01
1.000000000000000000e+00
1.000000000000000000e+00
8.168046474456787109e-01
5.815843939781188965e-01
7.586007714271545410e-01
1.000000000000000000e+00
6.506980061531066895e-01
9.994695782661437988e-01
6.223841905593872070e-01
6.372249126434326172e-01
9.997040033340454102e-01
6.616597175598144531e-01
1.000000000000000000e+00
8.245337009429931641e-01
9.135358929634094238e-01
6.965023279190063477e-01
1.000000000000000000e+00
7.348393201828002930e-01
1.000000000000000000e+00
7.144198417663574219e-01
8.055437207221984863e-01
1.000000000000000000e+00
9.999987483024597168e-01
8.038463592529296875e-01
1.000000000000000000e+00
1.000000000000000000e+00
7.421079277992248535e-01
9.738805294036865234e-01
9.293877482414245605e-01
6.627821326255798340e-01
8.737486600875854492e-01
1.000000000000000000e+00
7.540265321731567383e-01
1.000000000000000000e+00
5.950126051902770996e-01
1.000000000000000000e+00
7.188862562179565430e-01
9.996159076690673828e-01
7.110983133316040039e-01
1.000000000000000000e+00
9.981262087821960449e-01
9.332823157310485840e-01
6.965948343276977539e-01
8.260341286659240723e-01
1.000000000000000000e+00
7.601273655891418457e-01
1.000000000000000000e+00
1.000000000000000000e+00
1.000000000000000000e+00
6.893087625503540039e-01
9.519917368888854980e-01
6.149227619171142578e-01
1.000000000000000000e+00
1.000000000000000000e+00
7.429417371749877930e-01
8.359475135803222656e-01
1.000000000000000000e+00
7.045972943305969238e-01
5.944854021072387695e-01
1.000000000000000000e+00
9.996100068092346191e-01
9.670398831367492676e-01
5.588325262069702148e-01
1.000000000000000000e+00
7.282289266586303711e-01
6.827611923217773438e-01
7.031091451644897461e-01
6.969832777976989746e-01
9.468189477920532227e-01
1.000000000000000000e+00
1.000000000000000000e+00
1.000000000000000000e+00
1.000000000000000000e+00
6.564460992813110352e-01
9.923152327537536621e-01
9.997150897979736328e-01
6.968430280685424805e-01
7.085746526718139648e-01
8.430821299552917480e-01
9.999803304672241211e-01
8.796184062957763672e-01
7.059719562530517578e-01
8.079888820648193359e-01
1.000000000000000000e+00
8.231669664382934570e-01
1.000000000000000000e+00
8.456770777702331543e-01
9.997541904449462891e-01
6.399698257446289062e-01
1.000000000000000000e+00
1.000000000000000000e+00
1.000000000000000000e+00
1.000000000000000000e+00
9.873430728912353516e-01
8.515856862068176270e-01
1.000000000000000000e+00
9.999110698699951172e-01
6.249952912330627441e-01
7.837525606155395508e-01
1.000000000000000000e+00
8.037153482437133789e-01
7.225441932678222656e-01
1.000000000000000000e+00
9.987668395042419434e-01
6.851615905761718750e-01
9.893584847450256348e-01
9.650486707687377930e-01
6.683731675148010254e-01
1.000000000000000000e+00
5.702633261680603027e-01
5.618715286254882812e-01
6.083997488021850586e-01
1.000000000000000000e+00
7.387923002243041992e-01
5.861862897872924805e-01
9.939148426055908203e-01
1.000000000000000000e+00
9.995062351226806641e-01
7.092003822326660156e-01
7.842285633087158203e-01
1.000000000000000000e+00
5.919628143310546875e-01
1.000000000000000000e+00
1.000000000000000000e+00
7.493215799331665039e-01
9.999795556068420410e-01
7.718836069107055664e-01
6.132590770721435547e-01
1.000000000000000000e+00
1.000000000000000000e+00
6.680172681808471680e-01
6.548118591308593750e-01
9.811882972717285156e-01
1.000000000000000000e+00
9.214601516723632812e-01
1.000000000000000000e+00
5.591470003128051758e-01
6.660729050636291504e-01
1.000000000000000000e+00
1.000000000000000000e+00
7.679476737976074219e-01
6.838626861572265625e-01
9.376340508460998535e-01
1.000000000000000000e+00
1.000000000000000000e+00
9.944303631782531738e-01
1.000000000000000000e+00
9.996066689491271973e-01
5.946924686431884766e-01
7.361403703689575195e-01
9.995911717414855957e-01
7.674083709716796875e-01
9.871381521224975586e-01
6.325066089630126953e-01
1.000000000000000000e+00
8.197789192199707031e-01
6.756273508071899414e-01
9.999325871467590332e-01
7.272608280181884766e-01
1.000000000000000000e+00
6.934854388236999512e-01
9.778017997741699219e-01
6.261929869651794434e-01
6.223652362823486328e-01
1.000000000000000000e+00
7.105228304862976074e-01
6.418383121490478516e-01
6.466990709304809570e-01
7.227488756179809570e-01
7.764441370964050293e-01
7.704148292541503906e-01
9.996509552001953125e-01
9.400856494903564453e-01
8.572320938110351562e-01
8.143219947814941406e-01
8.202836513519287109e-01
8.286389112472534180e-01
9.993758201599121094e-01
1.000000000000000000e+00
7.404390573501586914e-01
8.969020843505859375e-01
1.000000000000000000e+00
8.145791888236999512e-01
8.922767043113708496e-01
6.048247814178466797e-01
7.362524867057800293e-01
8.849307298660278320e-01
9.997690320014953613e-01
1.000000000000000000e+00
9.664748907089233398e-01
6.652493476867675781e-01
9.999078512191772461e-01
1.000000000000000000e+00
9.813617467880249023e-01
1.000000000000000000e+00
9.995199441909790039e-01
7.980118989944458008e-01
1.000000000000000000e+00
6.173148155212402344e-01
7.571113109588623047e-01
1.000000000000000000e+00
7.221295237541198730e-01
7.220191955566406250e-01
6.060822010040283203e-01
8.251985907554626465e-01
9.838490486145019531e-01
5.984682440757751465e-01
1.000000000000000000e+00
9.484962224960327148e-01
8.750084638595581055e-01
7.445501089096069336e-01
1.000000000000000000e+00
8.127503395080566406e-01
8.142412900924682617e-01
9.553028941154479980e-01
9.804463982582092285e-01
8.691545724868774414e-01
1.000000000000000000e+00
9.998900294303894043e-01
7.684271335601806641e-01
6.412948369979858398e-01
9.320136308670043945e-01
9.844427108764648438e-01
7.783346176147460938e-01
9.894720315933227539e-01
6.073824167251586914e-01
8.090538978576660156e-01
8.119055032730102539e-01
1.000000000000000000e+00
8.431690931320190430e-01
1.000000000000000000e+00
7.688251733779907227e-01
7.226525545120239258e-01
8.365700840950012207e-01
6.944458484649658203e-01
1.000000000000000000e+00
7.396542429924011230e-01
1.000000000000000000e+00
9.999696612358093262e-01
1.000000000000000000e+00
9.992920756340026855e-01
8.774677515029907227e-01
8.414036035537719727e-01
7.496299743652343750e-01
9.022616744041442871e-01
7.166774272918701172e-01
5.819950103759765625e-01
7.186659574508666992e-01
7.216548919677734375e-01
1.000000000000000000e+00
9.712856411933898926e-01
9.374572038650512695e-01
5.829762816429138184e-01
1.000000000000000000e+00
9.675917625427246094e-01
9.976452589035034180e-01
9.924210309982299805e-01
6.888241767883300781e-01
9.999899864196777344e-01
8.247109651565551758e-01
6.143381595611572266e-01
6.224887371063232422e-01
8.733894824981689453e-01
1.000000000000000000e+00
1.000000000000000000e+00
1.000000000000000000e+00
9.207466840744018555e-01
9.599839448928833008e-01
1.000000000000000000e+00
9.988210201263427734e-01
6.739180088043212891e-01
6.363422870635986328e-01
7.099663019180297852e-01
6.921002864837646484e-01
9.982153177261352539e-01
1.000000000000000000e+00
1.000000000000000000e+00
9.971068501472473145e-01
1.000000000000000000e+00
9.848304986953735352e-01
9.997128844261169434e-01
6.477448940277099609e-01
6.299864053726196289e-01
9.932604432106018066e-01
1.000000000000000000e+00
8.910420536994934082e-01
8.604604601860046387e-01
7.427688837051391602e-01
7.958942055702209473e-01
1.000000000000000000e+00
5.928205847740173340e-01
6.448390483856201172e-01
9.591456651687622070e-01
7.936761975288391113e-01
1.000000000000000000e+00
1.000000000000000000e+00
8.847849369049072266e-01
8.913772702217102051e-01
8.417692184448242188e-01
7.750546932220458984e-01
9.467300772666931152e-01
7.578187584877014160e-01
8.662449121475219727e-01
1.000000000000000000e+00
8.178516626358032227e-01
7.756511569023132324e-01
7.883298993110656738e-01
9.113509654998779297e-01
8.025709986686706543e-01
9.989472627639770508e-01
8.020589351654052734e-01
6.437115669250488281e-01
9.152907729148864746e-01
5.680450201034545898e-01
9.380156397819519043e-01
9.587603807449340820e-01
9.501314163208007812e-01
7.204216718673706055e-01
6.884740591049194336e-01
7.759913206100463867e-01
7.783046364784240723e-01
6.468787193298339844e-01
7.346855401992797852e-01
7.102864980697631836e-01
5.844944715499877930e-01
1.000000000000000000e+00
7.015153765678405762e-01
9.998485445976257324e-01
1.000000000000000000e+00
7.839589118957519531e-01
1.000000000000000000e+00
6.618061661720275879e-01
8.062305450439453125e-01
1.000000000000000000e+00
6.555296778678894043e-01
1.000000000000000000e+00
9.999988079071044922e-01
1.000000000000000000e+00
1.000000000000000000e+00
8.537647724151611328e-01
5.990666151046752930e-01
8.744015097618103027e-01
1.000000000000000000e+00
1.000000000000000000e+00
1.000000000000000000e+00
5.501729249954223633e-01
1.000000000000000000e+00
8.380722999572753906e-01
1.000000000000000000e+00
8.694909214973449707e-01
9.361076354980468750e-01
9.996731877326965332e-01
5.892264842987060547e-01
1.000000000000000000e+00
7.908181548118591309e-01
7.432234287261962891e-01
9.894683361053466797e-01
5.638222694396972656e-01
7.191131114959716797e-01
1.000000000000000000e+00
1.000000000000000000e+00
9.980624914169311523e-01
9.997686743736267090e-01
8.577224016189575195e-01
1.000000000000000000e+00
1.000000000000000000e+00
6.207378506660461426e-01
6.917888522148132324e-01
5.919927954673767090e-01
1.000000000000000000e+00
9.052711129188537598e-01
9.983639717102050781e-01
7.671259045600891113e-01
9.754040837287902832e-01
1.000000000000000000e+00
6.843011379241943359e-01
9.316092133522033691e-01
5.665885806083679199e-01
6.845027804374694824e-01
1.000000000000000000e+00
9.999938011169433594e-01
7.672691345214843750e-01
9.939935803413391113e-01
1.000000000000000000e+00
9.983406662940979004e-01
8.570016622543334961e-01
6.010805368423461914e-01
7.381806969642639160e-01
9.950717687606811523e-01
9.390923380851745605e-01
1.000000000000000000e+00
9.120526313781738281e-01
9.360156059265136719e-01
6.257175207138061523e-01
1.000000000000000000e+00
7.402135133743286133e-01
8.384329676628112793e-01
7.407629489898681641e-01
7.813082337379455566e-01
9.999877810478210449e-01
8.846768140792846680e-01
9.998676180839538574e-01
7.369188070297241211e-01
6.171581745147705078e-01
1.000000000000000000e+00
1.000000000000000000e+00
9.994961023330688477e-01
1.000000000000000000e+00
5.379049777984619141e-01
1.000000000000000000e+00
1.000000000000000000e+00
9.061411023139953613e-01
9.184517860412597656e-01
7.504215240478515625e-01
5.046148300170898438e-01
1.000000000000000000e+00
9.696589112281799316e-01
7.362514734268188477e-01
7.909000515937805176e-01
1.000000000000000000e+00
7.435674667358398438e-01
9.999512434005737305e-01
9.118801951408386230e-01
1.000000000000000000e+00
8.371728658676147461e-01
5.961966514587402344e-01
8.808664083480834961e-01
7.795328497886657715e-01
9.999454617500305176e-01
6.478066444396972656e-01
1.000000000000000000e+00
1.000000000000000000e+00
9.974402785301208496e-01
5.716420412063598633e-01
1.000000000000000000e+00
9.999965429306030273e-01
9.977539181709289551e-01
6.759449839591979980e-01
7.782584428787231445e-01
9.442446231842041016e-01
7.244065999984741211e-01
7.115176320075988770e-01
1.000000000000000000e+00
7.648680210113525391e-01
7.953467965126037598e-01
1.000000000000000000e+00
8.316580057144165039e-01
8.312377929687500000e-01
6.318408250808715820e-01
9.496672153472900391e-01
7.357659339904785156e-01
8.421881794929504395e-01
9.172586798667907715e-01
6.876218318939208984e-01
7.761350870132446289e-01
8.357025980949401855e-01
1.000000000000000000e+00
1.000000000000000000e+00
8.414760828018188477e-01
8.245537281036376953e-01
9.953212141990661621e-01
8.510895967483520508e-01
8.162260651588439941e-01
1.000000000000000000e+00
7.426252961158752441e-01
8.388568162918090820e-01
6.682934165000915527e-01
9.999744892120361328e-01
1.000000000000000000e+00
1.000000000000000000e+00
7.595102190971374512e-01
1.000000000000000000e+00
1.000000000000000000e+00
1.000000000000000000e+00
7.844713330268859863e-01
1.000000000000000000e+00
6.893525719642639160e-01
6.449826955795288086e-01
1.000000000000000000e+00
9.925236105918884277e-01
6.452714204788208008e-01
9.139405488967895508e-01
1.000000000000000000e+00
1.000000000000000000e+00
6.212840080261230469e-01
5.471589565277099609e-01
8.478274941444396973e-01
9.588426351547241211e-01
9.621326923370361328e-01
1.000000000000000000e+00
6.066567897796630859e-01
8.695884943008422852e-01
7.519826889038085938e-01
1.000000000000000000e+00
9.999634623527526855e-01
5.980983376502990723e-01
7.541136741638183594e-01
9.999842047691345215e-01
6.436347365379333496e-01
7.256624698638916016e-01
9.995744824409484863e-01
9.999998211860656738e-01
6.896812915802001953e-01
7.190763950347900391e-01
1.000000000000000000e+00
7.049262523651123047e-01
1.000000000000000000e+00
5.061389207839965820e-01
1.000000000000000000e+00
9.992053508758544922e-01
7.715090513229370117e-01
9.306676387786865234e-01
1.000000000000000000e+00
8.554674386978149414e-01
1.000000000000000000e+00
6.472810506820678711e-01
6.475973129272460938e-01
7.151284217834472656e-01
8.498119115829467773e-01
5.323672890663146973e-01
6.342726945877075195e-01
9.401164650917053223e-01
1.000000000000000000e+00
6.546930074691772461e-01
5.415287017822265625e-01
9.389452338218688965e-01
7.733325362205505371e-01
6.110920906066894531e-01
6.889815926551818848e-01
7.334643602371215820e-01
6.244832873344421387e-01
1.000000000000000000e+00
1.000000000000000000e+00
7.303352355957031250e-01
8.224266767501831055e-01
1.000000000000000000e+00
8.840240836143493652e-01
1.000000000000000000e+00
9.989267587661743164e-01
8.372247219085693359e-01
7.063511610031127930e-01
5.256770849227905273e-01
1.000000000000000000e+00
7.648825645446777344e-01
6.677389144897460938e-01
1.000000000000000000e+00
1.000000000000000000e+00
9.232692718505859375e-01
1.000000000000000000e+00
6.578234434127807617e-01
5.505479574203491211e-01
1.000000000000000000e+00
1.000000000000000000e+00
5.405476689338684082e-01
5.801064968109130859e-01
7.322412729263305664e-01
1.000000000000000000e+00
8.669773936271667480e-01
9.141751527786254883e-01
7.437379360198974609e-01
9.484311342239379883e-01
8.661985397338867188e-01
7.680125236511230469e-01
6.839603185653686523e-01
8.533896803855895996e-01
1.000000000000000000e+00
1.000000000000000000e+00
9.331684112548828125e-01
1.000000000000000000e+00
7.536886930465698242e-01
9.978212118148803711e-01
1.000000000000000000e+00
8.733552098274230957e-01
6.569888591766357422e-01
8.001738190650939941e-01
9.999996423721313477e-01
4.737024307250976562e-01
1.000000000000000000e+00
1.000000000000000000e+00
6.634674072265625000e-01
7.840129137039184570e-01
9.989833831787109375e-01
5.376382470130920410e-01
9.342284798622131348e-01
1.000000000000000000e+00
9.225707054138183594e-01
7.164560556411743164e-01
1.000000000000000000e+00
6.118575334548950195e-01
1.000000000000000000e+00
1.000000000000000000e+00
9.999956488609313965e-01
1.000000000000000000e+00
7.335785031318664551e-01
6.451019048690795898e-01
6.020554304122924805e-01
7.518970966339111328e-01
9.113815426826477051e-01
9.155642390251159668e-01
1.000000000000000000e+00
9.574174880981445312e-01
1.000000000000000000e+00
1.000000000000000000e+00
7.955864667892456055e-01
6.537970304489135742e-01
9.460514783859252930e-01
6.238868236541748047e-01
9.246407151222229004e-01
8.202427029609680176e-01
1.000000000000000000e+00
1.000000000000000000e+00
7.748651504516601562e-01
6.804616451263427734e-01
6.121618747711181641e-01
6.810662746429443359e-01
9.999743700027465820e-01
1.000000000000000000e+00
8.798814415931701660e-01
7.580262422561645508e-01
1.000000000000000000e+00
1.000000000000000000e+00
9.126923680305480957e-01
1.000000000000000000e+00
1.000000000000000000e+00
6.883418560028076172e-01
5.742759108543395996e-01
9.997947812080383301e-01
9.995870590209960938e-01
6.184797286987304688e-01
7.922811508178710938e-01
9.982617497444152832e-01
6.150561571121215820e-01
7.632749676704406738e-01
6.658890247344970703e-01
1.000000000000000000e+00
6.520987153053283691e-01
1.000000000000000000e+00
6.356067657470703125e-01
6.315983533859252930e-01
5.766050815582275391e-01
5.525407195091247559e-01
6.288148164749145508e-01
7.539158463478088379e-01
9.795839190483093262e-01
9.859042167663574219e-01
5.870648026466369629e-01
5.546051859855651855e-01
9.996275305747985840e-01
1.000000000000000000e+00
6.971483230590820312e-01
1.000000000000000000e+00
6.277647018432617188e-01
7.234060764312744141e-01
1.000000000000000000e+00
8.629108667373657227e-01
9.999997615814208984e-01
7.247561812400817871e-01
6.850410699844360352e-01
9.243339896202087402e-01
1.000000000000000000e+00
1.000000000000000000e+00
7.812933325767517090e-01
9.857675433158874512e-01
9.924710392951965332e-01
1.000000000000000000e+00
1.000000000000000000e+00
9.912931919097900391e-01
1.000000000000000000e+00
5.653601884841918945e-01
7.278627157211303711e-01
9.949212670326232910e-01
6.086744070053100586e-01
7.274068593978881836e-01
6.727836132049560547e-01
9.999949932098388672e-01
1.000000000000000000e+00
7.094793319702148438e-01
6.756786108016967773e-01
7.636582851409912109e-01
9.673098921775817871e-01
5.618151426315307617e-01
6.897289752960205078e-01
1.000000000000000000e+00
1.000000000000000000e+00
1.000000000000000000e+00
1.000000000000000000e+00
5.528440475463867188e-01
9.223378896713256836e-01
6.579191684722900391e-01
9.906630516052246094e-01
9.515181779861450195e-01
9.333162903785705566e-01
6.734411716461181641e-01
1.000000000000000000e+00
1.000000000000000000e+00
1.000000000000000000e+00
8.231484293937683105e-01
9.984173774719238281e-01
9.590510129928588867e-01
5.825299024581909180e-01
8.056557774543762207e-01
9.999964237213134766e-01
9.997351765632629395e-01
1.000000000000000000e+00
9.997972846031188965e-01
9.999991059303283691e-01
9.646277427673339844e-01
1.000000000000000000e+00
6.652393341064453125e-01
1.000000000000000000e+00
6.383372545242309570e-01
9.999974966049194336e-01
8.358957171440124512e-01
5.154113769531250000e-01
1.000000000000000000e+00
8.486065268516540527e-01
1.000000000000000000e+00
8.832431435585021973e-01
7.811840772628784180e-01
6.598653197288513184e-01
5.221970677375793457e-01
9.816817045211791992e-01
7.750009298324584961e-01
7.600277066230773926e-01
1.000000000000000000e+00
9.694867730140686035e-01
7.626184225082397461e-01
9.998359680175781250e-01
9.875144958496093750e-01
6.582700014114379883e-01
7.113788127899169922e-01
6.992967128753662109e-01
6.178876161575317383e-01
8.502613902091979980e-01
9.998398423194885254e-01
7.105578184127807617e-01
7.910909652709960938e-01
8.426973223686218262e-01
8.502263426780700684e-01
7.416679859161376953e-01
1.000000000000000000e+00
1.000000000000000000e+00
9.999952912330627441e-01
1.000000000000000000e+00
1.000000000000000000e+00
1.000000000000000000e+00
9.967353940010070801e-01
1.000000000000000000e+00
8.591428995132446289e-01
5.792261362075805664e-01
6.812376976013183594e-01
6.877565383911132812e-01
1.000000000000000000e+00
7.463868260383605957e-01
5.659789443016052246e-01
7.370717525482177734e-01
5.065282583236694336e-01
5.661875009536743164e-01
9.932251572608947754e-01
1.000000000000000000e+00
6.561601161956787109e-01
1.000000000000000000e+00
6.315773725509643555e-01
1.000000000000000000e+00
1.000000000000000000e+00
7.123008966445922852e-01
5.300818681716918945e-01
5.777656435966491699e-01
7.838007211685180664e-01
1.000000000000000000e+00
1.000000000000000000e+00
5.099874734878540039e-01
9.610825777053833008e-01
7.548434138298034668e-01
9.999654293060302734e-01
5.086182355880737305e-01
1.000000000000000000e+00
1.000000000000000000e+00
9.200401902198791504e-01
1.000000000000000000e+00
6.150876283645629883e-01
7.000679969787597656e-01
7.913517355918884277e-01
8.570421338081359863e-01
9.990974664688110352e-01
1.000000000000000000e+00
5.770986080169677734e-01
7.215580344200134277e-01
7.767070531845092773e-01
1.000000000000000000e+00
8.669105172157287598e-01
7.700701951980590820e-01
7.245959043502807617e-01
1.000000000000000000e+00
8.982818722724914551e-01
7.697143554687500000e-01
1.000000000000000000e+00
1.000000000000000000e+00
9.043549895286560059e-01
8.257202506065368652e-01
8.260675668716430664e-01
9.994508028030395508e-01
5.875003337860107422e-01
9.999964237213134766e-01
1.000000000000000000e+00
9.887252449989318848e-01
8.142710924148559570e-01
7.787309885025024414e-01
5.427415370941162109e-01
6.924440860748291016e-01
1.000000000000000000e+00
8.631566762924194336e-01
5.515937209129333496e-01
9.994569420814514160e-01
1.000000000000000000e+00
9.949102401733398438e-01
7.668011784553527832e-01
1.000000000000000000e+00
1.000000000000000000e+00
7.226401567459106445e-01
1.000000000000000000e+00
1.000000000000000000e+00
6.663824319839477539e-01
6.275713443756103516e-01
1.000000000000000000e+00
1.000000000000000000e+00
1.000000000000000000e+00
9.999923706054687500e-01
6.548956632614135742e-01
6.068426370620727539e-01
1.000000000000000000e+00
1.000000000000000000e+00
6.758664846420288086e-01
1.000000000000000000e+00
1.000000000000000000e+00
8.479501008987426758e-01
8.237527012825012207e-01
5.695754289627075195e-01
9.130401611328125000e-01
6.597177982330322266e-01
9.780979752540588379e-01
7.166619300842285156e-01
7.932552695274353027e-01
8.116832971572875977e-01
7.351832389831542969e-01
6.665387749671936035e-01
6.444401741027832031e-01
1.000000000000000000e+00
1.000000000000000000e+00
6.829422712326049805e-01
6.633849143981933594e-01
9.130472540855407715e-01
7.064018249511718750e-01
1.000000000000000000e+00
6.185530424118041992e-01
9.596366882324218750e-01
1.000000000000000000e+00
6.588570475578308105e-01
1.000000000000000000e+00
6.682894229888916016e-01
6.932706832885742188e-01
1.000000000000000000e+00
5.846079587936401367e-01
1.000000000000000000e+00
7.790821790695190430e-01
6.400519013404846191e-01
6.534425020217895508e-01
9.999583959579467773e-01
1.000000000000000000e+00
9.874587655067443848e-01
9.166495800018310547e-01
7.884459495544433594e-01
6.038891077041625977e-01
9.667620062828063965e-01
7.598306536674499512e-01
7.434436082839965820e-01
7.798060774803161621e-01
1.000000000000000000e+00
7.778482437133789062e-01
6.694209575653076172e-01
7.061178684234619141e-01
9.999057650566101074e-01
7.648481726646423340e-01
1.000000000000000000e+00
8.275135755538940430e-01
1.000000000000000000e+00
5.308431386947631836e-01
7.093181610107421875e-01
1.000000000000000000e+00
7.581177949905395508e-01
8.670300841331481934e-01
5.666192770004272461e-01
5.426903963088989258e-01
1.000000000000000000e+00
7.727696895599365234e-01
1.000000000000000000e+00
7.719781398773193359e-01
9.181944727897644043e-01
8.310457468032836914e-01
1.000000000000000000e+00
9.998339414596557617e-01
6.055848598480224609e-01
6.742554306983947754e-01
9.979007244110107422e-01
9.085298180580139160e-01
1.000000000000000000e+00
6.003437042236328125e-01
6.014270186424255371e-01
7.060471773147583008e-01
7.567977905273437500e-01
8.601820468902587891e-01
7.724511027336120605e-01
6.186190843582153320e-01
9.999868273735046387e-01
7.996099591255187988e-01
1.000000000000000000e+00
1.000000000000000000e+00
6.428805589675903320e-01
9.999295473098754883e-01
6.854028701782226562e-01
9.997870326042175293e-01
8.941681981086730957e-01
8.470565676689147949e-01
1.000000000000000000e+00
7.864627242088317871e-01
1.000000000000000000e+00
5.380383133888244629e-01
1.000000000000000000e+00
7.233432531356811523e-01
9.914385676383972168e-01
5.708849430084228516e-01
6.354337930679321289e-01
7.015978097915649414e-01
9.842168688774108887e-01
5.389189124107360840e-01
8.857887387275695801e-01
9.924395084381103516e-01
6.323175430297851562e-01
9.373413920402526855e-01
9.999963641166687012e-01
6.589210033416748047e-01
7.329691648483276367e-01
8.940194249153137207e-01
8.093234300613403320e-01
6.544588804244995117e-01
7.522602081298828125e-01
8.714628219604492188e-01
5.514630079269409180e-01
9.992371201515197754e-01
9.999191164970397949e-01
9.716510176658630371e-01
6.683386564254760742e-01
1.000000000000000000e+00
9.998681545257568359e-01
9.891742467880249023e-01
6.274285316467285156e-01
9.998165965080261230e-01
5.649618506431579590e-01
8.125965595245361328e-01
1.000000000000000000e+00
7.146786451339721680e-01
1.000000000000000000e+00
1.000000000000000000e+00
5.638388991355895996e-01
6.853905916213989258e-01
1.000000000000000000e+00
1.000000000000000000e+00
7.346094846725463867e-01
1.000000000000000000e+00
9.872623682022094727e-01
8.546160459518432617e-01
1.000000000000000000e+00
8.112698197364807129e-01
8.813375234603881836e-01
6.019298434257507324e-01
1.000000000000000000e+00
7.729681730270385742e-01
9.965748786926269531e-01
1.000000000000000000e+00
8.174474239349365234e-01
7.425086498260498047e-01
6.560467481613159180e-01
7.496490478515625000e-01
1.000000000000000000e+00
1.000000000000000000e+00
9.859343767166137695e-01
7.483325004577636719e-01
7.905051708221435547e-01
1.000000000000000000e+00
9.580391049385070801e-01
9.863371849060058594e-01
1.000000000000000000e+00
9.959181547164916992e-01
7.804654240608215332e-01
1.000000000000000000e+00
1.000000000000000000e+00
8.250151276588439941e-01
6.220938563346862793e-01
5.932339429855346680e-01
7.646669745445251465e-01
1.000000000000000000e+00
6.272240877151489258e-01
7.386406660079956055e-01
9.992959499359130859e-01
8.974881768226623535e-01
1.000000000000000000e+00
9.444597959518432617e-01
9.556764960289001465e-01
9.489873647689819336e-01
7.554216384887695312e-01
8.444926738739013672e-01
9.920607805252075195e-01
1.000000000000000000e+00
9.999993443489074707e-01
8.956655263900756836e-01
8.783551454544067383e-01
6.741104125976562500e-01
9.998645186424255371e-01
8.196606636047363281e-01
1.000000000000000000e+00
9.978429079055786133e-01
5.188409090042114258e-01
6.119009256362915039e-01
5.829325914382934570e-01
5.291377305984497070e-01
6.897228956222534180e-01
5.557253360748291016e-01
9.994937181472778320e-01
7.835388183593750000e-01
9.380681514739990234e-01
1.000000000000000000e+00
9.999976158142089844e-01
8.695963621139526367e-01
6.699607372283935547e-01
6.355538368225097656e-01
8.006199598312377930e-01
9.999670982360839844e-01
7.461992502212524414e-01
7.006137371063232422e-01
4.778760671615600586e-01
6.101917028427124023e-01
8.198761343955993652e-01
8.686282634735107422e-01
1.000000000000000000e+00
7.578419446945190430e-01
9.771863818168640137e-01
9.613276124000549316e-01
1.000000000000000000e+00
9.994066953659057617e-01
6.881144642829895020e-01
8.162809014320373535e-01
1.000000000000000000e+00
7.271506786346435547e-01
1.000000000000000000e+00
7.641409039497375488e-01
1.000000000000000000e+00
9.393540024757385254e-01
9.809695482254028320e-01
1.000000000000000000e+00
7.619786262512207031e-01
1.000000000000000000e+00
1.000000000000000000e+00
1.000000000000000000e+00
1.000000000000000000e+00
8.464853763580322266e-01
9.743887782096862793e-01
7.976301312446594238e-01
1.000000000000000000e+00
8.853020668029785156e-01
1.000000000000000000e+00
6.476068496704101562e-01
7.199427485466003418e-01
7.059609889984130859e-01
6.785731315612792969e-01
1.000000000000000000e+00
9.510704278945922852e-01
7.602853775024414062e-01
5.256210565567016602e-01
5.234758257865905762e-01
5.943431854248046875e-01
9.985561966896057129e-01
5.972040891647338867e-01
1.000000000000000000e+00
9.816217422485351562e-01
7.601676583290100098e-01
8.122225999832153320e-01
6.573475599288940430e-01
9.844357967376708984e-01
6.633980274200439453e-01
7.145646810531616211e-01
5.747873783111572266e-01
4.783365726470947266e-01
9.890990257263183594e-01
7.340745925903320312e-01
6.081923246383666992e-01
7.311638593673706055e-01
5.402604341506958008e-01
1.000000000000000000e+00
1.000000000000000000e+00
6.517077684402465820e-01
1.000000000000000000e+00
7.144143581390380859e-01
7.581082582473754883e-01
8.325084447860717773e-01
7.809537649154663086e-01
1.000000000000000000e+00
1.000000000000000000e+00
6.069973707199096680e-01
1.000000000000000000e+00
1.000000000000000000e+00
7.467117309570312500e-01
6.770460605621337891e-01
6.670801639556884766e-01
8.138855695724487305e-01
1.000000000000000000e+00
1.000000000000000000e+00
1.000000000000000000e+00
7.954925298690795898e-01
1.000000000000000000e+00
1.000000000000000000e+00
9.999817013740539551e-01
6.297960877418518066e-01
1.000000000000000000e+00
8.293220400810241699e-01
6.606367826461791992e-01
7.749748826026916504e-01
1.000000000000000000e+00
6.432687044143676758e-01
9.424889087677001953e-01
7.534254193305969238e-01
9.977533817291259766e-01
6.422742605209350586e-01
5.933704972267150879e-01
6.206098198890686035e-01
1.000000000000000000e+00
8.864703774452209473e-01
6.005579233169555664e-01
5.473960041999816895e-01
1.000000000000000000e+00
8.325674533843994141e-01
1.000000000000000000e+00
8.393819928169250488e-01
9.947328567504882812e-01
9.259180426597595215e-01
1.000000000000000000e+00
1.000000000000000000e+00
7.553387880325317383e-01
5.579621791839599609e-01
7.031877040863037109e-01
7.060421705245971680e-01
9.687222242355346680e-01
9.541177153587341309e-01
1.000000000000000000e+00
7.048224210739135742e-01
1.000000000000000000e+00
6.741821765899658203e-01
7.713687419891357422e-01
6.729608178138732910e-01
7.895761132240295410e-01
8.926440477371215820e-01
6.555544137954711914e-01
9.999841451644897461e-01
6.535338163375854492e-01
6.732028722763061523e-01
7.689622044563293457e-01
7.546509504318237305e-01
6.015642881393432617e-01
9.849906563758850098e-01
5.846500992774963379e-01
1.000000000000000000e+00
8.168690204620361328e-01
7.678086161613464355e-01
6.469907164573669434e-01
6.288181543350219727e-01
9.897333979606628418e-01
1.000000000000000000e+00
7.559283375740051270e-01
1.000000000000000000e+00
7.186765670776367188e-01
1.000000000000000000e+00
9.999158978462219238e-01
6.168786287307739258e-01
1.000000000000000000e+00
7.501276135444641113e-01
5.129110813140869141e-01
9.700703620910644531e-01
7.214295864105224609e-01
6.263051033020019531e-01
9.343438744544982910e-01
6.667123436927795410e-01
5.620655417442321777e-01
6.924462318420410156e-01
5.441642999649047852e-01
8.389601707458496094e-01
5.364610552787780762e-01
5.946456193923950195e-01
1.000000000000000000e+00
6.279913187026977539e-01
6.800094842910766602e-01
6.210132837295532227e-01
9.999969005584716797e-01
6.759079694747924805e-01
1.000000000000000000e+00
1.000000000000000000e+00
1.000000000000000000e+00
7.570260763168334961e-01
9.777060151100158691e-01
8.044694662094116211e-01
6.249389052391052246e-01
1.000000000000000000e+00
7.341999411582946777e-01
7.775582671165466309e-01
1.000000000000000000e+00
6.468128561973571777e-01
5.819551944732666016e-01
9.949617385864257812e-01
9.999997019767761230e-01
1.000000000000000000e+00
9.375985264778137207e-01
5.941252112388610840e-01
1.000000000000000000e+00
7.876719832420349121e-01
7.557536363601684570e-01
7.914803028106689453e-01
9.999708533287048340e-01
1.000000000000000000e+00
7.637342810630798340e-01
6.827616691589355469e-01
1.000000000000000000e+00
1.000000000000000000e+00
1.000000000000000000e+00
1.000000000000000000e+00
8.169394731521606445e-01
1.000000000000000000e+00
9.595589041709899902e-01
9.983485341072082520e-01
1.000000000000000000e+00
9.998889565467834473e-01
6.826102733612060547e-01
9.919379353523254395e-01
5.258076190948486328e-01
1.000000000000000000e+00
8.497812747955322266e-01
1.000000000000000000e+00
9.299911856651306152e-01
8.389464020729064941e-01
5.597662925720214844e-01
8.129055500030517578e-01
7.515066266059875488e-01
1.000000000000000000e+00
6.801381111145019531e-01
5.386778116226196289e-01
5.688084363937377930e-01
6.288256049156188965e-01
6.929795742034912109e-01
7.814542055130004883e-01
9.858414530754089355e-01
1.000000000000000000e+00
1.000000000000000000e+00
1.000000000000000000e+00
8.610373735427856445e-01
1.000000000000000000e+00
7.801179289817810059e-01
7.981233596801757812e-01
9.387971758842468262e-01
7.294629812240600586e-01
7.253436446189880371e-01
7.859326601028442383e-01
6.175194978713989258e-01
6.219232082366943359e-01
1.000000000000000000e+00
9.105584025382995605e-01
5.236265659332275391e-01
9.999635219573974609e-01
7.023035883903503418e-01
1.000000000000000000e+00
7.050163745880126953e-01
9.974501132965087891e-01
1.000000000000000000e+00
1.000000000000000000e+00
8.077391386032104492e-01
9.876342415809631348e-01
9.999993443489074707e-01
5.807517766952514648e-01
8.169652819633483887e-01
7.697676420211791992e-01
7.690126299858093262e-01
5.726146697998046875e-01
1.000000000000000000e+00
9.994933009147644043e-01
5.755254030227661133e-01
1.000000000000000000e+00
1.000000000000000000e+00
5.570470094680786133e-01
1.000000000000000000e+00
7.765356302261352539e-01
5.698388218879699707e-01
7.280570268630981445e-01
9.960082173347473145e-01
5.817427039146423340e-01
9.972972273826599121e-01
8.539295196533203125e-01
1.000000000000000000e+00
5.992534756660461426e-01
5.334092378616333008e-01
9.181164503097534180e-01
9.996567964553833008e-01
8.857513070106506348e-01
1.000000000000000000e+00
9.468507170677185059e-01
9.100802540779113770e-01
7.346063852310180664e-01
9.998027086257934570e-01
1.000000000000000000e+00
9.996514916419982910e-01
9.800027012825012207e-01
6.533700823783874512e-01
8.135938644409179688e-01
1.000000000000000000e+00
7.522854804992675781e-01
