9.928997755050659180e-01
9.854033589363098145e-01
9.934641718864440918e-01
9.781072139739990234e-01
9.722495079040527344e-01
9.898553490638732910e-01
9.999547004699707031e-01
1.000000000000000000e+00
9.861742258071899414e-01
9.987881779670715332e-01
9.985951781272888184e-01
1.000000000000000000e+00
9.767299294471740723e-01
9.829878211021423340e-01
9.960086941719055176e-01
1.000000000000000000e+00
1.000000000000000000e+00
9.999609589576721191e-01
9.685088396072387695e-01
1.000000000000000000e+00
9.797571897506713867e-01
1.000000000000000000e+00
9.459814429283142090e-01
9.916149973869323730e-01
9.347703456878662109e-01
9.937222599983215332e-01
1.000000000000000000e+00
9.884555935859680176e-01
9.785821437835693359e-01
1.000000000000000000e+00
9.999969601631164551e-01
9.963234663009643555e-01
9.998873472213745117e-01
9.761208891868591309e-01
9.880986213684082031e-01
9.750055074691772461e-01
1.000000000000000000e+00
9.576163887977600098e-01
9.998276829719543457e-01
9.908011555671691895e-01
9.607416987419128418e-01
9.996803998947143555e-01
9.321475625038146973e-01
1.000000000000000000e+00
1.000000000000000000e+00
9.874179959297180176e-01
1.000000000000000000e+00
1.000000000000000000e+00
1.000000000000000000e+00
9.716224074363708496e-01
9.483317136764526367e-01
9.885109663009643555e-01
1.000000000000000000e+00
1.000000000000000000e+00
9.356764554977416992e-01
9.708003997802734375e-01
9.950069785118103027e-01
1.000000000000000000e+00
8.886820077896118164e-01
1.000000000000000000e+00
9.280750751495361328e-01
9.782869219779968262e-01
9.888136386871337891e-01
1.000000000000000000e+00
1.000000000000000000e+00
9.758771657943725586e-01
9.695008993148803711e-01
9.219653606414794922e-01
9.826539754867553711e-01
1.000000000000000000e+00
9.504020810127258301e-01
9.913917183876037598e-01
1.000000000000000000e+00
9.654307961463928223e-01
9.395647048950195312e-01
1.000000000000000000e+00
9.486048221588134766e-01
9.275077581405639648e-01
9.929411411285400391e-01
9.003006219863891602e-01
1.000000000000000000e+00
8.892329335212707520e-01
9.749127030372619629e-01
1.000000000000000000e+00
9.911842346191406250e-01
9.371285438537597656e-01
9.743967652320861816e-01
9.326407313346862793e-01
1.000000000000000000e+00
9.384022951126098633e-01
8.672822713851928711e-01
9.478226304054260254e-01
8.729128241539001465e-01
9.527762532234191895e-01
9.693486094474792480e-01
9.836153984069824219e-01
1.000000000000000000e+00
8.593915104866027832e-01
1.000000000000000000e+00
1.000000000000000000e+00
9.682855010032653809e-01
1.000000000000000000e+00
9.967409968376159668e-01
1.000000000000000000e+00
1.000000000000000000e+00
9.295411109924316406e-01
9.006903767585754395e-01
9.248141050338745117e-01
9.210342168807983398e-01
1.000000000000000000e+00
1.000000000000000000e+00
8.751038312911987305e-01
8.179530501365661621e-01
9.996537566184997559e-01
1.000000000000000000e+00
9.663619995117187500e-01
1.000000000000000000e+00
9.688100814819335938e-01
9.941838383674621582e-01
9.106232523918151855e-01
9.457283020019531250e-01
1.000000000000000000e+00
9.987542033195495605e-01
9.610907435417175293e-01
8.989782929420471191e-01
1.000000000000000000e+00
9.622815847396850586e-01
8.871133327484130859e-01
9.957318902015686035e-01
8.966752290725708008e-01
9.501007795333862305e-01
9.404796361923217773e-01
9.391294121742248535e-01
9.216879606246948242e-01
9.683673977851867676e-01
9.504688978195190430e-01
9.785909652709960938e-01
9.226702451705932617e-01
9.221034049987792969e-01
9.609565138816833496e-01
8.937228322029113770e-01
8.862175345420837402e-01
8.877454996109008789e-01
1.000000000000000000e+00
9.752078652381896973e-01
9.157665371894836426e-01
1.000000000000000000e+00
9.269624948501586914e-01
9.053725004196166992e-01
9.464443325996398926e-01
9.998825788497924805e-01
8.612521290779113770e-01
9.078142642974853516e-01
9.771921038627624512e-01
9.997419118881225586e-01
9.430354237556457520e-01
9.613960385322570801e-01
8.832067251205444336e-01
9.698940515518188477e-01
9.996505379676818848e-01
1.000000000000000000e+00
1.000000000000000000e+00
9.300659894943237305e-01
9.356660842895507812e-01
8.511656522750854492e-01
9.259359836578369141e-01
9.695441126823425293e-01
8.397860527038574219e-01
9.224699139595031738e-01
9.386154413223266602e-01
9.273337721824645996e-01
9.590215682983398438e-01
9.623941779136657715e-01
8.939650654792785645e-01
8.362452983856201172e-01
1.000000000000000000e+00
9.657098054885864258e-01
9.080865979194641113e-01
9.123060703277587891e-01
8.856521248817443848e-01
9.533227682113647461e-01
1.000000000000000000e+00
9.029536843299865723e-01
8.895437717437744141e-01
9.335674047470092773e-01
9.415961503982543945e-01
9.594869613647460938e-01
8.331718444824218750e-01
9.254676699638366699e-01
9.388632178306579590e-01
9.804990291595458984e-01
1.000000000000000000e+00
8.958797454833984375e-01
9.008687734603881836e-01
9.555205106735229492e-01
9.583490490913391113e-01
1.000000000000000000e+00
1.000000000000000000e+00
9.264655709266662598e-01
9.171068668365478516e-01
8.799184560775756836e-01
1.000000000000000000e+00
1.000000000000000000e+00
9.287157654762268066e-01
1.000000000000000000e+00
1.000000000000000000e+00
9.619886279106140137e-01
1.000000000000000000e+00
1.000000000000000000e+00
9.685192108154296875e-01
1.000000000000000000e+00
1.000000000000000000e+00
9.350317120552062988e-01
9.364227056503295898e-01
1.000000000000000000e+00
1.000000000000000000e+00
9.457986950874328613e-01
8.587518930435180664e-01
9.989446997642517090e-01
1.000000000000000000e+00
1.000000000000000000e+00
8.598786592483520508e-01
8.680136203765869141e-01
9.552446007728576660e-01
9.245118498802185059e-01
9.980753064155578613e-01
8.887218236923217773e-01
9.671105146408081055e-01
9.001885652542114258e-01
9.997440576553344727e-01
9.907276630401611328e-01
1.000000000000000000e+00
9.417557716369628906e-01
1.000000000000000000e+00
8.874733448028564453e-01
9.596180319786071777e-01
9.116669893264770508e-01
1.000000000000000000e+00
8.374503850936889648e-01
8.632612228393554688e-01
1.000000000000000000e+00
9.506544470787048340e-01
1.000000000000000000e+00
9.927055239677429199e-01
1.000000000000000000e+00
9.921340942382812500e-01
1.000000000000000000e+00
8.811486959457397461e-01
1.000000000000000000e+00
1.000000000000000000e+00
9.384697675704956055e-01
9.215708971023559570e-01
9.202446937561035156e-01
9.659024477005004883e-01
9.952695369720458984e-01
9.998971819877624512e-01
9.967257380485534668e-01
9.215114712715148926e-01
9.253435134887695312e-01
9.503853917121887207e-01
1.000000000000000000e+00
9.827788472175598145e-01
9.799843430519104004e-01
9.996891617774963379e-01
1.000000000000000000e+00
1.000000000000000000e+00
9.664316773414611816e-01
8.271509408950805664e-01
9.625616073608398438e-01
8.970793485641479492e-01
1.000000000000000000e+00
9.247095584869384766e-01
9.674661159515380859e-01
9.997900128364562988e-01
9.941864013671875000e-01
9.987556934356689453e-01
1.000000000000000000e+00
9.619031548500061035e-01
9.557546377182006836e-01
9.367882013320922852e-01
9.171915650367736816e-01
8.970800638198852539e-01
1.000000000000000000e+00
8.506308197975158691e-01
9.629954695701599121e-01
9.389659762382507324e-01
8.775879740715026855e-01
9.526774287223815918e-01
9.569539427757263184e-01
9.987130165100097656e-01
9.255942702293395996e-01
8.739601969718933105e-01
9.133701324462890625e-01
9.606000781059265137e-01
9.408456683158874512e-01
9.203997850418090820e-01
9.371258616447448730e-01
9.684590101242065430e-01
9.554006457328796387e-01
9.808186292648315430e-01
9.062684774398803711e-01
9.446877241134643555e-01
9.097020626068115234e-01
9.539528489112854004e-01
8.681156635284423828e-01
9.963667392730712891e-01
1.000000000000000000e+00
8.953638672828674316e-01
1.000000000000000000e+00
1.000000000000000000e+00
9.957336187362670898e-01
1.000000000000000000e+00
9.992900490760803223e-01
9.380872249603271484e-01
8.584501743316650391e-01
1.000000000000000000e+00
8.590190410614013672e-01
9.929324984550476074e-01
1.000000000000000000e+00
9.993662238121032715e-01
8.902494907379150391e-01
9.421545863151550293e-01
9.536848068237304688e-01
8.577350974082946777e-01
8.382955789566040039e-01
8.290894031524658203e-01
9.958331584930419922e-01
8.369841575622558594e-01
8.978404998779296875e-01
9.972552657127380371e-01
9.195027351379394531e-01
9.565449357032775879e-01
8.519384264945983887e-01
1.000000000000000000e+00
1.000000000000000000e+00
9.073280692100524902e-01
8.182886242866516113e-01
1.000000000000000000e+00
1.000000000000000000e+00
9.998117685317993164e-01
9.160136580467224121e-01
9.443461894989013672e-01
9.400072693824768066e-01
1.000000000000000000e+00
8.137010335922241211e-01
8.405646085739135742e-01
1.000000000000000000e+00
8.698039650917053223e-01
8.151010274887084961e-01
9.940783977508544922e-01
9.180555343627929688e-01
9.138662219047546387e-01
1.000000000000000000e+00
9.980618357658386230e-01
9.444488286972045898e-01
9.588959813117980957e-01
9.564749598503112793e-01
9.962159991264343262e-01
8.982946872711181641e-01
9.147002696990966797e-01
9.152643084526062012e-01
8.748445510864257812e-01
9.351370930671691895e-01
9.590615630149841309e-01
8.980541825294494629e-01
8.748606443405151367e-01
8.914886713027954102e-01
9.030460119247436523e-01
8.238860368728637695e-01
1.000000000000000000e+00
1.000000000000000000e+00
9.858106374740600586e-01
9.129554629325866699e-01
8.860728740692138672e-01
9.444915652275085449e-01
1.000000000000000000e+00
9.085149765014648438e-01
9.102400541305541992e-01
9.963538050651550293e-01
9.785340428352355957e-01
1.000000000000000000e+00
8.995839953422546387e-01
8.319496512413024902e-01
7.994456291198730469e-01
1.000000000000000000e+00
8.583984375000000000e-01
9.900717735290527344e-01
9.223963022232055664e-01
8.512984514236450195e-01
9.996020197868347168e-01
7.955958247184753418e-01
8.877260088920593262e-01
9.957350492477416992e-01
8.836477994918823242e-01
8.709711432456970215e-01
1.000000000000000000e+00
9.469308257102966309e-01
9.977610707283020020e-01
1.000000000000000000e+00
9.725142717361450195e-01
1.000000000000000000e+00
8.629080653190612793e-01
8.850340247154235840e-01
8.343389630317687988e-01
1.000000000000000000e+00
9.946288466453552246e-01
9.288333654403686523e-01
8.886598348617553711e-01
8.920813798904418945e-01
9.055672883987426758e-01
1.000000000000000000e+00
8.327754735946655273e-01
9.698122739791870117e-01
9.999275803565979004e-01
1.000000000000000000e+00
8.793454170227050781e-01
9.394943118095397949e-01
7.771030664443969727e-01
7.985665798187255859e-01
9.307174682617187500e-01
9.891465902328491211e-01
9.082392454147338867e-01
7.882673144340515137e-01
9.994675517082214355e-01
1.000000000000000000e+00
8.399661779403686523e-01
9.015554189682006836e-01
9.047529697418212891e-01
9.066585302352905273e-01
8.515948057174682617e-01
1.000000000000000000e+00
9.913977980613708496e-01
9.605007767677307129e-01
9.069192409515380859e-01
9.037572145462036133e-01
8.971469402313232422e-01
7.486562728881835938e-01
1.000000000000000000e+00
8.488486409187316895e-01
9.998118281364440918e-01
9.989727735519409180e-01
9.171269536018371582e-01
8.099520206451416016e-01
9.207057952880859375e-01
1.000000000000000000e+00
8.197822570800781250e-01
1.000000000000000000e+00
1.000000000000000000e+00
7.996418476104736328e-01
9.588604569435119629e-01
8.348164558410644531e-01
8.296364545822143555e-01
8.079513907432556152e-01
9.953455924987792969e-01
8.344981074333190918e-01
9.971162080764770508e-01
8.017288446426391602e-01
8.298606276512145996e-01
8.220785856246948242e-01
9.989263415336608887e-01
1.000000000000000000e+00
9.304449558258056641e-01
7.304145693778991699e-01
9.084603786468505859e-01
1.000000000000000000e+00
9.172374606132507324e-01
1.000000000000000000e+00
9.046528339385986328e-01
8.977749347686767578e-01
1.000000000000000000e+00
8.900728225708007812e-01
9.045833349227905273e-01
1.000000000000000000e+00
8.261477947235107422e-01
8.835335969924926758e-01
8.508259057998657227e-01
8.335597515106201172e-01
8.928615450859069824e-01
1.000000000000000000e+00
9.195592999458312988e-01
8.093243241310119629e-01
8.219067454338073730e-01
9.025250077247619629e-01
1.000000000000000000e+00
8.925249576568603516e-01
8.371787071228027344e-01
8.334371447563171387e-01
1.000000000000000000e+00
1.000000000000000000e+00
8.919669389724731445e-01
1.000000000000000000e+00
8.548644781112670898e-01
7.794926166534423828e-01
9.211189746856689453e-01
9.990773797035217285e-01
8.627458810806274414e-01
7.879322171211242676e-01
1.000000000000000000e+00
9.999931454658508301e-01
9.533412456512451172e-01
8.592805862426757812e-01
8.124197125434875488e-01
9.348384141921997070e-01
1.000000000000000000e+00
8.027331829071044922e-01
9.372439980506896973e-01
9.051032662391662598e-01
9.337774515151977539e-01
8.348803520202636719e-01
9.997365474700927734e-01
8.469893932342529297e-01
1.000000000000000000e+00
1.000000000000000000e+00
9.360228776931762695e-01
8.428115844726562500e-01
8.085882663726806641e-01
8.180353641510009766e-01
1.000000000000000000e+00
1.000000000000000000e+00
8.622344732284545898e-01
9.382314682006835938e-01
1.000000000000000000e+00
1.000000000000000000e+00
7.660534381866455078e-01
1.000000000000000000e+00
1.000000000000000000e+00
8.599510788917541504e-01
9.997191429138183594e-01
9.884904026985168457e-01
1.000000000000000000e+00
9.723536372184753418e-01
9.830340147018432617e-01
9.985191226005554199e-01
9.997571110725402832e-01
8.276152610778808594e-01
7.610385417938232422e-01
9.839079380035400391e-01
7.988740205764770508e-01
8.730905055999755859e-01
1.000000000000000000e+00
7.861099243164062500e-01
1.000000000000000000e+00
9.994811415672302246e-01
1.000000000000000000e+00
8.524470329284667969e-01
9.980273246765136719e-01
1.000000000000000000e+00
1.000000000000000000e+00
8.787837028503417969e-01
8.591600060462951660e-01
1.000000000000000000e+00
1.000000000000000000e+00
9.204417467117309570e-01
8.924279212951660156e-01
9.995074272155761719e-01
8.614192008972167969e-01
1.000000000000000000e+00
9.238186478614807129e-01
8.939827680587768555e-01
9.993363618850708008e-01
1.000000000000000000e+00
1.000000000000000000e+00
1.000000000000000000e+00
9.939243793487548828e-01
8.765118718147277832e-01
9.970651268959045410e-01
1.000000000000000000e+00
8.883937001228332520e-01
8.395256996154785156e-01
8.663629889488220215e-01
1.000000000000000000e+00
8.841374516487121582e-01
9.155827760696411133e-01
1.000000000000000000e+00
9.083212018013000488e-01
9.970708489418029785e-01
8.950330018997192383e-01
7.666157484054565430e-01
8.386944532394409180e-01
8.552778959274291992e-01
8.450417518615722656e-01
9.347661733627319336e-01
8.084599971771240234e-01
8.906130194664001465e-01
9.924674034118652344e-01
1.000000000000000000e+00
8.367166519165039062e-01
9.088504910469055176e-01
1.000000000000000000e+00
9.101665616035461426e-01
1.000000000000000000e+00
7.315436005592346191e-01
9.929078221321105957e-01
1.000000000000000000e+00
9.211349487304687500e-01
1.000000000000000000e+00
8.816347718238830566e-01
8.975110054016113281e-01
8.278911113739013672e-01
1.000000000000000000e+00
9.031879305839538574e-01
8.369629383087158203e-01
8.438981175422668457e-01
1.000000000000000000e+00
9.915080666542053223e-01
8.261922597885131836e-01
9.990980625152587891e-01
9.168698787689208984e-01
8.800516128540039062e-01
9.996464252471923828e-01
9.362577199935913086e-01
8.658159971237182617e-01
9.987704157829284668e-01
9.252469539642333984e-01
7.778027057647705078e-01
8.225460648536682129e-01
9.985257387161254883e-01
9.126962423324584961e-01
9.243373870849609375e-01
9.977573156356811523e-01
9.989187121391296387e-01
8.458889722824096680e-01
8.026681542396545410e-01
8.910118937492370605e-01
8.096212148666381836e-01
9.996861815452575684e-01
8.875010609626770020e-01
8.725675344467163086e-01
9.136521220207214355e-01
9.406980872154235840e-01
7.958050370216369629e-01
9.386994242668151855e-01
8.175554871559143066e-01
9.945306777954101562e-01
1.000000000000000000e+00
1.000000000000000000e+00
9.496728181838989258e-01
8.196682333946228027e-01
7.923907041549682617e-01
7.518686652183532715e-01
1.000000000000000000e+00
1.000000000000000000e+00
9.013171195983886719e-01
9.959709048271179199e-01
9.997342824935913086e-01
9.241967797279357910e-01
8.238965272903442383e-01
1.000000000000000000e+00
1.000000000000000000e+00
1.000000000000000000e+00
1.000000000000000000e+00
8.715732097625732422e-01
9.352909922599792480e-01
1.000000000000000000e+00
9.136777520179748535e-01
8.604719638824462891e-01
8.130879998207092285e-01
8.736168146133422852e-01
1.000000000000000000e+00
8.933323621749877930e-01
9.977087378501892090e-01
1.000000000000000000e+00
9.255218505859375000e-01
9.211100935935974121e-01
9.810070991516113281e-01
9.378427267074584961e-01
1.000000000000000000e+00
9.998672604560852051e-01
8.843318819999694824e-01
9.999599456787109375e-01
7.853487730026245117e-01
1.000000000000000000e+00
8.498246669769287109e-01
9.508575201034545898e-01
9.999602437019348145e-01
1.000000000000000000e+00
7.792005538940429688e-01
1.000000000000000000e+00
8.900147676467895508e-01
9.542921781539916992e-01
8.580955266952514648e-01
9.999334216117858887e-01
9.492880105972290039e-01
1.000000000000000000e+00
9.347997903823852539e-01
1.000000000000000000e+00
9.989894628524780273e-01
1.000000000000000000e+00
9.985007643699645996e-01
1.000000000000000000e+00
8.794680833816528320e-01
9.139225482940673828e-01
8.956123590469360352e-01
1.000000000000000000e+00
9.092702269554138184e-01
7.644357681274414062e-01
1.000000000000000000e+00
9.994332194328308105e-01
8.163474202156066895e-01
8.144082427024841309e-01
9.991053938865661621e-01
1.000000000000000000e+00
8.700015544891357422e-01
7.993339300155639648e-01
9.304827451705932617e-01
1.000000000000000000e+00
9.306482672691345215e-01
8.437334299087524414e-01
8.783674240112304688e-01
8.589496612548828125e-01
8.214662671089172363e-01
8.777124881744384766e-01
1.000000000000000000e+00
1.000000000000000000e+00
9.999501109123229980e-01
1.000000000000000000e+00
9.092774391174316406e-01
8.121726512908935547e-01
9.980440139770507812e-01
1.000000000000000000e+00
1.000000000000000000e+00
8.982076644897460938e-01
1.000000000000000000e+00
9.492011666297912598e-01
9.990678429603576660e-01
9.989998936653137207e-01
9.100181460380554199e-01
9.939847588539123535e-01
8.705941438674926758e-01
8.874124288558959961e-01
9.959661364555358887e-01
9.447966217994689941e-01
8.471568226814270020e-01
8.976807594299316406e-01
8.716444969177246094e-01
8.021400570869445801e-01
9.093168377876281738e-01
1.000000000000000000e+00
1.000000000000000000e+00
9.964873194694519043e-01
8.399007916450500488e-01
9.474034309387207031e-01
8.950183987617492676e-01
9.989426732063293457e-01
9.624650478363037109e-01
8.928176164627075195e-01
9.933400750160217285e-01
8.752065300941467285e-01
9.967385530471801758e-01
1.000000000000000000e+00
1.000000000000000000e+00
8.767235875129699707e-01
8.945847749710083008e-01
1.000000000000000000e+00
1.000000000000000000e+00
1.000000000000000000e+00
7.383340001106262207e-01
8.966950774192810059e-01
9.324809908866882324e-01
8.757084012031555176e-01
8.969734311103820801e-01
7.917174100875854492e-01
9.093004465103149414e-01
9.213734865188598633e-01
1.000000000000000000e+00
9.024782180786132812e-01
1.000000000000000000e+00
9.512557983398437500e-01
8.561798930168151855e-01
9.024167656898498535e-01
1.000000000000000000e+00
8.765213489532470703e-01
1.000000000000000000e+00
9.988297224044799805e-01
8.240903615951538086e-01
8.828507065773010254e-01
1.000000000000000000e+00
8.187341094017028809e-01
1.000000000000000000e+00
8.646779060363769531e-01
7.852119207382202148e-01
7.439223527908325195e-01
1.000000000000000000e+00
9.507750868797302246e-01
8.547511100769042969e-01
9.376460909843444824e-01
1.000000000000000000e+00
7.231773138046264648e-01
9.990288019180297852e-01
1.000000000000000000e+00
9.055269360542297363e-01
1.000000000000000000e+00
8.197675943374633789e-01
1.000000000000000000e+00
9.078470468521118164e-01
8.958153128623962402e-01
8.658945560455322266e-01
8.840713500976562500e-01
8.692879676818847656e-01
8.326766490936279297e-01
1.000000000000000000e+00
1.000000000000000000e+00
1.000000000000000000e+00
8.820012211799621582e-01
9.058918356895446777e-01
9.230338931083679199e-01
7.542109489440917969e-01
1.000000000000000000e+00
1.000000000000000000e+00
8.134877681732177734e-01
9.824779629707336426e-01
7.583363056182861328e-01
1.000000000000000000e+00
9.929773211479187012e-01
7.179638147354125977e-01
8.620556592941284180e-01
8.528869748115539551e-01
8.585547208786010742e-01
9.175468087196350098e-01
8.966549634933471680e-01
9.324147701263427734e-01
1.000000000000000000e+00
9.990958571434020996e-01
1.000000000000000000e+00
7.543317675590515137e-01
8.704309463500976562e-01
8.202440738677978516e-01
8.438628911972045898e-01
9.150677919387817383e-01
8.466466069221496582e-01
8.728631734848022461e-01
8.823063969612121582e-01
8.010662794113159180e-01
8.744065761566162109e-01
1.000000000000000000e+00
8.472634553909301758e-01
1.000000000000000000e+00
1.000000000000000000e+00
9.015204310417175293e-01
9.991906881332397461e-01
8.654067516326904297e-01
1.000000000000000000e+00
7.972931861877441406e-01
8.945201635360717773e-01
1.000000000000000000e+00
1.000000000000000000e+00
9.256733059883117676e-01
9.079928994178771973e-01
9.627753496170043945e-01
1.000000000000000000e+00
1.000000000000000000e+00
8.732879757881164551e-01
9.999895095825195312e-01
8.512568473815917969e-01
1.000000000000000000e+00
1.000000000000000000e+00
9.030644893646240234e-01
9.101801514625549316e-01
8.400415778160095215e-01
8.539533019065856934e-01
9.167432188987731934e-01
8.743252158164978027e-01
9.959480166435241699e-01
8.401091098785400391e-01
9.923694133758544922e-01
9.444008469581604004e-01
1.000000000000000000e+00
1.000000000000000000e+00
1.000000000000000000e+00
1.000000000000000000e+00
1.000000000000000000e+00
7.935200333595275879e-01
7.534380555152893066e-01
1.000000000000000000e+00
9.999011158943176270e-01
9.479820728302001953e-01
1.000000000000000000e+00
8.678997755050659180e-01
7.710715532302856445e-01
9.944885373115539551e-01
8.773190379142761230e-01
8.228294849395751953e-01
1.000000000000000000e+00
1.000000000000000000e+00
1.000000000000000000e+00
8.910712599754333496e-01
8.736193180084228516e-01
1.000000000000000000e+00
8.620330095291137695e-01
8.218974471092224121e-01
8.350991010665893555e-01
8.868226408958435059e-01
9.118061661720275879e-01
9.458520412445068359e-01
1.000000000000000000e+00
9.024839401245117188e-01
8.744849562644958496e-01
9.993901848793029785e-01
1.000000000000000000e+00
9.550489783287048340e-01
1.000000000000000000e+00
8.009735941886901855e-01
1.000000000000000000e+00
8.189883232116699219e-01
9.432186484336853027e-01
8.797805905342102051e-01
1.000000000000000000e+00
8.868938684463500977e-01
9.995327591896057129e-01
9.981636404991149902e-01
1.000000000000000000e+00
9.972144961357116699e-01
8.609777092933654785e-01
7.911331057548522949e-01
7.321255207061767578e-01
7.527489662170410156e-01
9.833536744117736816e-01
8.886129856109619141e-01
9.352605342864990234e-01
8.698117136955261230e-01
9.009478092193603516e-01
9.114634394645690918e-01
1.000000000000000000e+00
1.000000000000000000e+00
7.718220353126525879e-01
7.642717361450195312e-01
7.675227522850036621e-01
9.615330696105957031e-01
8.590513467788696289e-01
9.999960064888000488e-01
1.000000000000000000e+00
9.480736255645751953e-01
1.000000000000000000e+00
9.659729599952697754e-01
9.443649053573608398e-01
1.000000000000000000e+00
1.000000000000000000e+00
8.050550818443298340e-01
8.813518881797790527e-01
8.456754088401794434e-01
9.994807839393615723e-01
9.093121290206909180e-01
1.000000000000000000e+00
8.800916075706481934e-01
7.073805332183837891e-01
1.000000000000000000e+00
1.000000000000000000e+00
1.000000000000000000e+00
9.970560669898986816e-01
8.490582108497619629e-01
8.288186788558959961e-01
8.774487972259521484e-01
8.796935677528381348e-01
8.225185275077819824e-01
8.304796218872070312e-01
8.629408478736877441e-01
8.716380596160888672e-01
9.956497550010681152e-01
9.524641633033752441e-01
1.000000000000000000e+00
9.365781545639038086e-01
8.875170946121215820e-01
7.910507917404174805e-01
8.488103151321411133e-01
1.000000000000000000e+00
9.271132946014404297e-01
9.250646233558654785e-01
7.687134146690368652e-01
7.267358303070068359e-01
1.000000000000000000e+00
8.619768023490905762e-01
8.122699260711669922e-01
8.453615307807922363e-01
1.000000000000000000e+00
1.000000000000000000e+00
7.896116971969604492e-01
9.627751111984252930e-01
9.999387860298156738e-01
7.508772611618041992e-01
7.513467073440551758e-01
1.000000000000000000e+00
8.941549062728881836e-01
9.976619482040405273e-01
9.660242795944213867e-01
8.212150335311889648e-01
7.558977603912353516e-01
7.860715985298156738e-01
1.000000000000000000e+00
1.000000000000000000e+00
9.969130754470825195e-01
1.000000000000000000e+00
9.998338222503662109e-01
1.000000000000000000e+00
1.000000000000000000e+00
8.183648586273193359e-01
7.362802028656005859e-01
1.000000000000000000e+00
1.000000000000000000e+00
1.000000000000000000e+00
7.591475248336791992e-01
1.000000000000000000e+00
8.308713436126708984e-01
9.648149013519287109e-01
9.294381141662597656e-01
9.411111474037170410e-01
1.000000000000000000e+00
7.527061700820922852e-01
8.461029529571533203e-01
1.000000000000000000e+00
9.976291656494140625e-01
1.000000000000000000e+00
9.955451488494873047e-01
9.423927664756774902e-01
8.574483394622802734e-01
8.014134764671325684e-01
9.998108744621276855e-01
9.971315860748291016e-01
7.940630912780761719e-01
9.749842286109924316e-01
8.056684732437133789e-01
1.000000000000000000e+00
7.651900649070739746e-01
1.000000000000000000e+00
8.478517532348632812e-01
8.994066715240478516e-01
9.789692759513854980e-01
8.221361637115478516e-01
1.000000000000000000e+00
7.723016142845153809e-01
8.005206584930419922e-01
7.745485305786132812e-01
7.783639430999755859e-01
9.204947352409362793e-01
8.205162882804870605e-01
7.586714029312133789e-01
8.380110263824462891e-01
1.000000000000000000e+00
1.000000000000000000e+00
9.133889675140380859e-01
1.000000000000000000e+00
7.807316780090332031e-01
8.563177585601806641e-01
1.000000000000000000e+00
9.998269081115722656e-01
1.000000000000000000e+00
1.000000000000000000e+00
9.988771080970764160e-01
1.000000000000000000e+00
8.102728724479675293e-01
1.000000000000000000e+00
8.758670687675476074e-01
9.977537989616394043e-01
8.290736675262451172e-01
7.618389725685119629e-01
9.998435378074645996e-01
9.041506648063659668e-01
9.046763181686401367e-01
9.046273231506347656e-01
7.494078874588012695e-01
1.000000000000000000e+00
1.000000000000000000e+00
8.872511982917785645e-01
8.412289619445800781e-01
8.548213839530944824e-01
8.291628956794738770e-01
1.000000000000000000e+00
1.000000000000000000e+00
9.940668940544128418e-01
8.378106951713562012e-01
9.251208305358886719e-01
7.973885536193847656e-01
7.587084770202636719e-01
7.984032630920410156e-01
9.944487214088439941e-01
8.125912547111511230e-01
8.401987552642822266e-01
1.000000000000000000e+00
9.933823943138122559e-01
7.930898666381835938e-01
1.000000000000000000e+00
8.219109773635864258e-01
1.000000000000000000e+00
7.069077491760253906e-01
7.632983922958374023e-01
7.341042757034301758e-01
1.000000000000000000e+00
1.000000000000000000e+00
1.000000000000000000e+00
8.354557156562805176e-01
8.769972920417785645e-01
7.777508497238159180e-01
7.738296985626220703e-01
1.000000000000000000e+00
9.934520125389099121e-01
7.993366718292236328e-01
1.000000000000000000e+00
8.285974860191345215e-01
8.218125104904174805e-01
9.997278451919555664e-01
8.823167085647583008e-01
8.546284437179565430e-01
1.000000000000000000e+00
9.258207082748413086e-01
9.963912367820739746e-01
9.399225115776062012e-01
9.522251486778259277e-01
8.594539761543273926e-01
8.354992270469665527e-01
7.681286931037902832e-01
1.000000000000000000e+00
8.875907659530639648e-01
1.000000000000000000e+00
7.190799713134765625e-01
1.000000000000000000e+00
8.271047472953796387e-01
9.115555882453918457e-01
6.875820755958557129e-01
9.887710213661193848e-01
9.979317188262939453e-01
8.939592838287353516e-01
1.000000000000000000e+00
9.381686449050903320e-01
9.993335008621215820e-01
7.642122507095336914e-01
9.263786077499389648e-01
9.987803697586059570e-01
1.000000000000000000e+00
9.999751448631286621e-01
9.458185434341430664e-01
8.944050073623657227e-01
9.175735712051391602e-01
9.996583461761474609e-01
1.000000000000000000e+00
1.000000000000000000e+00
1.000000000000000000e+00
7.752022743225097656e-01
8.504495620727539062e-01
9.667683243751525879e-01
7.762967348098754883e-01
8.455539941787719727e-01
9.180434942245483398e-01
8.958609104156494141e-01
1.000000000000000000e+00
1.000000000000000000e+00
1.000000000000000000e+00
8.868187665939331055e-01
9.846252799034118652e-01
7.619629502296447754e-01
8.957774639129638672e-01
8.006235957145690918e-01
9.999772906303405762e-01
7.859627008438110352e-01
9.082754850387573242e-01
7.735905051231384277e-01
9.304112195968627930e-01
8.288921713829040527e-01
1.000000000000000000e+00
1.000000000000000000e+00
9.058871865272521973e-01
7.190863490104675293e-01
8.693319559097290039e-01
9.278305768966674805e-01
9.945007562637329102e-01
1.000000000000000000e+00
8.915062546730041504e-01
1.000000000000000000e+00
8.881227374076843262e-01
9.991835951805114746e-01
7.784172296524047852e-01
8.380476236343383789e-01
9.985525012016296387e-01
6.887333393096923828e-01
1.000000000000000000e+00
8.124122023582458496e-01
8.357876539230346680e-01
9.948669075965881348e-01
8.707253932952880859e-01
1.000000000000000000e+00
7.826653718948364258e-01
7.803848981857299805e-01
1.000000000000000000e+00
8.900610804557800293e-01
9.384676814079284668e-01
1.000000000000000000e+00
9.083831906318664551e-01
1.000000000000000000e+00
9.966997504234313965e-01
9.966613650321960449e-01
8.117337822914123535e-01
8.517521023750305176e-01
1.000000000000000000e+00
1.000000000000000000e+00
8.890828490257263184e-01
1.000000000000000000e+00
9.919537901878356934e-01
7.530601620674133301e-01
8.002443313598632812e-01
9.766772389411926270e-01
1.000000000000000000e+00
9.985459446907043457e-01
1.000000000000000000e+00
9.077067375183105469e-01
8.508682250976562500e-01
8.550519943237304688e-01
1.000000000000000000e+00
1.000000000000000000e+00
8.678129911422729492e-01
9.219829440116882324e-01
8.911912441253662109e-01
7.971073985099792480e-01
9.837064743041992188e-01
8.115310072898864746e-01
9.087194204330444336e-01
9.999303221702575684e-01
6.810492277145385742e-01
9.995835423469543457e-01
7.893611192703247070e-01
8.598672151565551758e-01
6.958370208740234375e-01
9.536477327346801758e-01
9.999684691429138184e-01
9.039182662963867188e-01
1.000000000000000000e+00
9.141101241111755371e-01
9.223144054412841797e-01
9.978232979774475098e-01
8.698357343673706055e-01
8.395580053329467773e-01
7.914342880249023438e-01
7.872694730758666992e-01
1.000000000000000000e+00
8.437802791595458984e-01
9.041106104850769043e-01
1.000000000000000000e+00
8.708754181861877441e-01
8.372218608856201172e-01
9.350087642669677734e-01
9.300301671028137207e-01
1.000000000000000000e+00
7.990739345550537109e-01
7.532877922058105469e-01
1.000000000000000000e+00
1.000000000000000000e+00
1.000000000000000000e+00
8.542468547821044922e-01
1.000000000000000000e+00
1.000000000000000000e+00
7.604807615280151367e-01
1.000000000000000000e+00
1.000000000000000000e+00
8.299537897109985352e-01
9.350628852844238281e-01
8.635497689247131348e-01
9.997957348823547363e-01
1.000000000000000000e+00
8.037354946136474609e-01
9.128779768943786621e-01
9.060647487640380859e-01
1.000000000000000000e+00
8.381930589675903320e-01
1.000000000000000000e+00
8.040533065795898438e-01
9.196437001228332520e-01
8.372120857238769531e-01
1.000000000000000000e+00
8.128224611282348633e-01
1.000000000000000000e+00
9.397255778312683105e-01
1.000000000000000000e+00
8.596720695495605469e-01
9.988345503807067871e-01
8.988983631134033203e-01
9.342085123062133789e-01
7.697131633758544922e-01
8.066874742507934570e-01
8.562787771224975586e-01
8.280719518661499023e-01
8.370748758316040039e-01
1.000000000000000000e+00
9.567583799362182617e-01
7.527291774749755859e-01
8.716806769371032715e-01
1.000000000000000000e+00
8.872328996658325195e-01
1.000000000000000000e+00
1.000000000000000000e+00
8.421097993850708008e-01
8.164185881614685059e-01
9.875547885894775391e-01
1.000000000000000000e+00
7.538129687309265137e-01
1.000000000000000000e+00
8.177041411399841309e-01
8.085545301437377930e-01
9.994565844535827637e-01
8.806049823760986328e-01
8.811251521110534668e-01
9.220912456512451172e-01
7.638817429542541504e-01
7.379435896873474121e-01
7.936166524887084961e-01
7.552052736282348633e-01
9.031923413276672363e-01
1.000000000000000000e+00
9.966398477554321289e-01
9.757253527641296387e-01
9.782858490943908691e-01
7.550760507583618164e-01
8.745156526565551758e-01
1.000000000000000000e+00
9.049973487854003906e-01
1.000000000000000000e+00
6.889545321464538574e-01
1.000000000000000000e+00
7.826017141342163086e-01
8.565050363540649414e-01
7.726337909698486328e-01
1.000000000000000000e+00
1.000000000000000000e+00
8.727952241897583008e-01
8.486260771751403809e-01
8.508867025375366211e-01
8.602157831192016602e-01
7.972797155380249023e-01
1.000000000000000000e+00
7.500857114791870117e-01
7.543998956680297852e-01
8.416169285774230957e-01
8.790583610534667969e-01
8.511654734611511230e-01
8.575935363769531250e-01
8.685269355773925781e-01
7.097971439361572266e-01
8.821450471878051758e-01
6.967563629150390625e-01
8.799073696136474609e-01
7.098122239112854004e-01
8.899278640747070312e-01
7.907941341400146484e-01
9.952723979949951172e-01
7.941647171974182129e-01
9.847713708877563477e-01
1.000000000000000000e+00
8.384833335876464844e-01
8.460350036621093750e-01
8.161777257919311523e-01
8.228913545608520508e-01
8.848645091056823730e-01
8.194435834884643555e-01
8.285381793975830078e-01
7.462348937988281250e-01
8.579473495483398438e-01
1.000000000000000000e+00
1.000000000000000000e+00
7.803482413291931152e-01
1.000000000000000000e+00
8.177825808525085449e-01
1.000000000000000000e+00
8.377084136009216309e-01
1.000000000000000000e+00
1.000000000000000000e+00
8.375404477119445801e-01
8.077709674835205078e-01
7.641660571098327637e-01
9.696395993232727051e-01
1.000000000000000000e+00
1.000000000000000000e+00
8.173586130142211914e-01
9.415780901908874512e-01
8.765984177589416504e-01
9.934098124504089355e-01
1.000000000000000000e+00
9.993622303009033203e-01
1.000000000000000000e+00
8.960348367691040039e-01
1.000000000000000000e+00
7.599651813507080078e-01
9.973179101943969727e-01
7.851637601852416992e-01
8.130815029144287109e-01
9.335344433784484863e-01
1.000000000000000000e+00
1.000000000000000000e+00
9.997533559799194336e-01
8.825547695159912109e-01
8.581691980361938477e-01
8.969254493713378906e-01
7.655392885208129883e-01
1.000000000000000000e+00
7.710546851158142090e-01
1.000000000000000000e+00
8.725294470787048340e-01
1.000000000000000000e+00
8.711680173873901367e-01
8.917745947837829590e-01
7.653241753578186035e-01
9.976653456687927246e-01
8.527069091796875000e-01
7.335693836212158203e-01
8.788146376609802246e-01
1.000000000000000000e+00
7.940003871917724609e-01
9.210345149040222168e-01
9.165918231010437012e-01
1.000000000000000000e+00
1.000000000000000000e+00
7.695035934448242188e-01
1.000000000000000000e+00
9.971665143966674805e-01
1.000000000000000000e+00
1.000000000000000000e+00
1.000000000000000000e+00
7.523057460784912109e-01
8.130308389663696289e-01
8.830581903457641602e-01
8.993164896965026855e-01
9.152718782424926758e-01
8.680384755134582520e-01
8.486524820327758789e-01
1.000000000000000000e+00
7.756646275520324707e-01
7.249597907066345215e-01
1.000000000000000000e+00
9.848489165306091309e-01
9.997805953025817871e-01
1.000000000000000000e+00
8.501279950141906738e-01
9.924544692039489746e-01
9.327598810195922852e-01
8.469331264495849609e-01
8.423712253570556641e-01
7.272368669509887695e-01
8.868134617805480957e-01
7.936357259750366211e-01
1.000000000000000000e+00
1.000000000000000000e+00
8.713259696960449219e-01
1.000000000000000000e+00
8.873616456985473633e-01
8.274271488189697266e-01
9.103953242301940918e-01
7.501608133316040039e-01
8.435721397399902344e-01
8.849003314971923828e-01
7.069733142852783203e-01
7.809373140335083008e-01
1.000000000000000000e+00
7.858723998069763184e-01
8.348485827445983887e-01
1.000000000000000000e+00
8.303991556167602539e-01
9.993124008178710938e-01
9.404500722885131836e-01
8.835624456405639648e-01
8.980616331100463867e-01
8.245194554328918457e-01
1.000000000000000000e+00
8.945860266685485840e-01
1.000000000000000000e+00
1.000000000000000000e+00
9.206203818321228027e-01
9.385898113250732422e-01
1.000000000000000000e+00
1.000000000000000000e+00
8.807011842727661133e-01
1.000000000000000000e+00
9.999601840972900391e-01
1.000000000000000000e+00
9.996419548988342285e-01
8.459063172340393066e-01
8.029944300651550293e-01
1.000000000000000000e+00
9.956460595130920410e-01
8.175211548805236816e-01
8.744854927062988281e-01
1.000000000000000000e+00
9.961421489715576172e-01
7.303445339202880859e-01
7.289015054702758789e-01
1.000000000000000000e+00
6.699894666671752930e-01
8.054621219635009766e-01
8.303048610687255859e-01
7.723043560981750488e-01
9.818075299263000488e-01
8.401507139205932617e-01
1.000000000000000000e+00
1.000000000000000000e+00
7.639865279197692871e-01
9.521084427833557129e-01
8.119308352470397949e-01
1.000000000000000000e+00
8.265173435211181641e-01
9.983698725700378418e-01
9.682148098945617676e-01
8.289399147033691406e-01
8.670318126678466797e-01
1.000000000000000000e+00
8.136705160140991211e-01
9.993700981140136719e-01
7.361007332801818848e-01
9.746701121330261230e-01
1.000000000000000000e+00
8.467044830322265625e-01
9.608134031295776367e-01
1.000000000000000000e+00
1.000000000000000000e+00
7.429383397102355957e-01
7.871896028518676758e-01
1.000000000000000000e+00
9.995678067207336426e-01
1.000000000000000000e+00
7.207593917846679688e-01
7.662731409072875977e-01
7.753185033798217773e-01
7.773258090019226074e-01
7.861114740371704102e-01
1.000000000000000000e+00
8.973112106323242188e-01
8.127861022949218750e-01
8.256954550743103027e-01
7.796179652214050293e-01
9.999944567680358887e-01
7.886772155761718750e-01
1.000000000000000000e+00
8.315877318382263184e-01
8.915712237358093262e-01
1.000000000000000000e+00
7.521036863327026367e-01
1.000000000000000000e+00
7.222951650619506836e-01
8.863481283187866211e-01
9.812697768211364746e-01
9.643092155456542969e-01
9.980296492576599121e-01
8.788200020790100098e-01
9.962873458862304688e-01
8.580151796340942383e-01
8.718665242195129395e-01
8.278048038482666016e-01
9.911087751388549805e-01
1.000000000000000000e+00
8.975018858909606934e-01
1.000000000000000000e+00
8.906692266464233398e-01
8.134344816207885742e-01
1.000000000000000000e+00
8.394978046417236328e-01
8.578026890754699707e-01
1.000000000000000000e+00
7.052775621414184570e-01
8.367803692817687988e-01
1.000000000000000000e+00
8.964402675628662109e-01
7.257921099662780762e-01
9.999754428863525391e-01
1.000000000000000000e+00
7.727458477020263672e-01
7.021227478981018066e-01
1.000000000000000000e+00
9.999615550041198730e-01
9.537201523780822754e-01
1.000000000000000000e+00
9.149353504180908203e-01
8.235493898391723633e-01
7.795568108558654785e-01
9.771889448165893555e-01
1.000000000000000000e+00
1.000000000000000000e+00
9.071010947227478027e-01
9.700881838798522949e-01
7.192223072052001953e-01
8.715287446975708008e-01
1.000000000000000000e+00
7.789932489395141602e-01
1.000000000000000000e+00
1.000000000000000000e+00
8.075709342956542969e-01
7.737217545509338379e-01
8.040359020233154297e-01
7.990202307701110840e-01
9.986943006515502930e-01
7.584708929061889648e-01
7.484429478645324707e-01
1.000000000000000000e+00
8.651971817016601562e-01
8.682658672332763672e-01
7.492573261260986328e-01
7.697935104370117188e-01
8.699591159820556641e-01
7.412192821502685547e-01
9.970984458923339844e-01
9.973795413970947266e-01
7.867174148559570312e-01
6.778690814971923828e-01
1.000000000000000000e+00
1.000000000000000000e+00
1.000000000000000000e+00
7.472069263458251953e-01
9.967561960220336914e-01
9.031701683998107910e-01
8.140568137168884277e-01
9.969218969345092773e-01
7.560836076736450195e-01
9.839360713958740234e-01
7.500902414321899414e-01
1.000000000000000000e+00
1.000000000000000000e+00
8.076762557029724121e-01
1.000000000000000000e+00
9.531859755516052246e-01
7.584200501441955566e-01
9.063849449157714844e-01
9.979259371757507324e-01
7.068935632705688477e-01
1.000000000000000000e+00
1.000000000000000000e+00
7.228341102600097656e-01
1.000000000000000000e+00
7.102741599082946777e-01
9.982426166534423828e-01
7.721693515777587891e-01
8.666592240333557129e-01
1.000000000000000000e+00
8.433262109756469727e-01
1.000000000000000000e+00
7.291655540466308594e-01
8.009471297264099121e-01
1.000000000000000000e+00
8.372346162796020508e-01
8.534246683120727539e-01
8.355264663696289062e-01
7.737541198730468750e-01
9.999854564666748047e-01
1.000000000000000000e+00
9.032264947891235352e-01
6.948450207710266113e-01
9.998006224632263184e-01
8.795239925384521484e-01
9.054281711578369141e-01
8.063759207725524902e-01
9.937692284584045410e-01
9.982058405876159668e-01
8.164307475090026855e-01
7.822717428207397461e-01
7.306311130523681641e-01
1.000000000000000000e+00
7.722999453544616699e-01
7.311289310455322266e-01
7.544391751289367676e-01
7.610147595405578613e-01
7.283835411071777344e-01
8.420294523239135742e-01
8.430110216140747070e-01
1.000000000000000000e+00
1.000000000000000000e+00
8.616618514060974121e-01
1.000000000000000000e+00
9.931716918945312500e-01
1.000000000000000000e+00
8.722451925277709961e-01
6.793110370635986328e-01
9.267396926879882812e-01
8.501039147377014160e-01
8.223060369491577148e-01
7.708690762519836426e-01
8.920286297798156738e-01
8.287373781204223633e-01
8.697390556335449219e-01
1.000000000000000000e+00
8.219981193542480469e-01
9.051444530487060547e-01
6.756024956703186035e-01
8.427426815032958984e-01
9.807127714157104492e-01
9.718078374862670898e-01
9.053639769554138184e-01
1.000000000000000000e+00
1.000000000000000000e+00
1.000000000000000000e+00
8.385288715362548828e-01
9.738966822624206543e-01
8.310040831565856934e-01
7.729704380035400391e-01
9.996529817581176758e-01
1.000000000000000000e+00
9.426031112670898438e-01
8.704302310943603516e-01
9.068587422370910645e-01
8.139391541481018066e-01
8.462748527526855469e-01
7.754120230674743652e-01
8.861008882522583008e-01
1.000000000000000000e+00
9.334304928779602051e-01
7.500705122947692871e-01
8.416483998298645020e-01
7.922279238700866699e-01
7.650278806686401367e-01
8.383365869522094727e-01
8.718740940093994141e-01
8.828032612800598145e-01
6.921271085739135742e-01
9.998001456260681152e-01
1.000000000000000000e+00
1.000000000000000000e+00
7.094633579254150391e-01
9.803609251976013184e-01
1.000000000000000000e+00
1.000000000000000000e+00
8.341770172119140625e-01
7.995464205741882324e-01
7.764814496040344238e-01
1.000000000000000000e+00
9.521815776824951172e-01
8.075814843177795410e-01
7.861253023147583008e-01
9.722561240196228027e-01
1.000000000000000000e+00
8.880040049552917480e-01
8.898994326591491699e-01
1.000000000000000000e+00
9.995395541191101074e-01
1.000000000000000000e+00
9.145693182945251465e-01
8.474677801132202148e-01
8.402666449546813965e-01
8.193905353546142578e-01
1.000000000000000000e+00
1.000000000000000000e+00
7.881367206573486328e-01
7.592980861663818359e-01
8.926891088485717773e-01
1.000000000000000000e+00
8.470422625541687012e-01
9.987575411796569824e-01
1.000000000000000000e+00
9.998518228530883789e-01
1.000000000000000000e+00
7.875021100044250488e-01
8.449127078056335449e-01
9.990642666816711426e-01
1.000000000000000000e+00
7.041617631912231445e-01
8.803551793098449707e-01
9.976661801338195801e-01
1.000000000000000000e+00
7.565669417381286621e-01
8.765689730644226074e-01
8.297761678695678711e-01
1.000000000000000000e+00
9.782012701034545898e-01
8.493129611015319824e-01
7.883996367454528809e-01
8.521980643272399902e-01
7.776545286178588867e-01
8.265979290008544922e-01
7.768579721450805664e-01
9.737382531166076660e-01
8.542531728744506836e-01
7.567310333251953125e-01
8.467150926589965820e-01
8.884667754173278809e-01
7.861942052841186523e-01
7.874657511711120605e-01
8.151789903640747070e-01
7.764644622802734375e-01
8.419109582901000977e-01
9.989177584648132324e-01
1.000000000000000000e+00
7.056179046630859375e-01
1.000000000000000000e+00
1.000000000000000000e+00
1.000000000000000000e+00
9.979957342147827148e-01
1.000000000000000000e+00
1.000000000000000000e+00
7.062151432037353516e-01
1.000000000000000000e+00
8.534076213836669922e-01
1.000000000000000000e+00
9.997969269752502441e-01
8.956588506698608398e-01
8.444436788558959961e-01
9.986919760704040527e-01
1.000000000000000000e+00
9.559070467948913574e-01
1.000000000000000000e+00
9.996728897094726562e-01
9.136757254600524902e-01
8.463072180747985840e-01
8.312650918960571289e-01
1.000000000000000000e+00
8.724473118782043457e-01
7.297797203063964844e-01
8.300516605377197266e-01
9.993449449539184570e-01
7.265771627426147461e-01
7.366428375244140625e-01
1.000000000000000000e+00
9.994024634361267090e-01
1.000000000000000000e+00
8.154531717300415039e-01
1.000000000000000000e+00
7.165028452873229980e-01
9.999950528144836426e-01
1.000000000000000000e+00
1.000000000000000000e+00
9.694946408271789551e-01
8.827022314071655273e-01
7.967646121978759766e-01
1.000000000000000000e+00
8.470858335494995117e-01
8.282589316368103027e-01
1.000000000000000000e+00
1.000000000000000000e+00
9.062822461128234863e-01
1.000000000000000000e+00
8.612699508666992188e-01
9.968259334564208984e-01
7.804033160209655762e-01
9.189149737358093262e-01
8.125550746917724609e-01
1.000000000000000000e+00
9.995456933975219727e-01
8.691397309303283691e-01
1.000000000000000000e+00
9.174021482467651367e-01
9.999520182609558105e-01
7.240664958953857422e-01
8.008043766021728516e-01
9.366087317466735840e-01
9.989057779312133789e-01
1.000000000000000000e+00
8.047985434532165527e-01
9.998050928115844727e-01
7.408571243286132812e-01
7.871450185775756836e-01
1.000000000000000000e+00
1.000000000000000000e+00
8.142452239990234375e-01
8.467124104499816895e-01
8.315895199775695801e-01
8.464373350143432617e-01
1.000000000000000000e+00
9.980746507644653320e-01
8.456398844718933105e-01
8.250609040260314941e-01
1.000000000000000000e+00
8.339623212814331055e-01
8.445349931716918945e-01
1.000000000000000000e+00
9.260206818580627441e-01
8.337707519531250000e-01
7.963431477546691895e-01
9.950498342514038086e-01
1.000000000000000000e+00
9.751564860343933105e-01
9.009974598884582520e-01
7.671286463737487793e-01
1.000000000000000000e+00
8.257128596305847168e-01
8.054859042167663574e-01
7.928667664527893066e-01
1.000000000000000000e+00
7.904800772666931152e-01
8.334681987762451172e-01
9.364365339279174805e-01
8.177027702331542969e-01
1.000000000000000000e+00
8.300172090530395508e-01
1.000000000000000000e+00
1.000000000000000000e+00
1.000000000000000000e+00
8.545997738838195801e-01
1.000000000000000000e+00
9.984608292579650879e-01
1.000000000000000000e+00
8.100410699844360352e-01
1.000000000000000000e+00
1.000000000000000000e+00
1.000000000000000000e+00
8.087698221206665039e-01
8.046764135360717773e-01
7.183184623718261719e-01
8.374830484390258789e-01
1.000000000000000000e+00
8.381040096282958984e-01
8.753731250762939453e-01
9.057835340499877930e-01
7.896916866302490234e-01
8.149473667144775391e-01
9.109124541282653809e-01
1.000000000000000000e+00
7.742114663124084473e-01
9.244472384452819824e-01
9.266747832298278809e-01
9.935544729232788086e-01
7.536855340003967285e-01
9.963029623031616211e-01
9.375839829444885254e-01
7.754823565483093262e-01
9.133433103561401367e-01
1.000000000000000000e+00
7.703303098678588867e-01
9.361822009086608887e-01
8.507255315780639648e-01
7.685456275939941406e-01
7.493962049484252930e-01
9.165734052658081055e-01
7.566630244255065918e-01
9.988171458244323730e-01
1.000000000000000000e+00
7.728751301765441895e-01
1.000000000000000000e+00
8.866328001022338867e-01
7.282919287681579590e-01
1.000000000000000000e+00
8.510007858276367188e-01
1.000000000000000000e+00
7.409713864326477051e-01
9.357168078422546387e-01
8.600374460220336914e-01
8.602935671806335449e-01
7.331387400627136230e-01
8.025909662246704102e-01
1.000000000000000000e+00
9.911602139472961426e-01
1.000000000000000000e+00
8.710641860961914062e-01
1.000000000000000000e+00
7.894727587699890137e-01
8.890105485916137695e-01
8.140034675598144531e-01
8.399454951286315918e-01
9.991378188133239746e-01
9.986364245414733887e-01
1.000000000000000000e+00
9.995888471603393555e-01
9.040870666503906250e-01
8.801760077476501465e-01
1.000000000000000000e+00
1.000000000000000000e+00
1.000000000000000000e+00
1.000000000000000000e+00
8.296289443969726562e-01
1.000000000000000000e+00
9.987523555755615234e-01
7.183317542076110840e-01
8.117135763168334961e-01
9.537437558174133301e-01
7.852599620819091797e-01
1.000000000000000000e+00
8.207148909568786621e-01
8.935190439224243164e-01
1.000000000000000000e+00
9.093186855316162109e-01
8.989332318305969238e-01
7.734648585319519043e-01
7.244904637336730957e-01
9.924239516258239746e-01
1.000000000000000000e+00
9.996969699859619141e-01
9.995379447937011719e-01
9.029778838157653809e-01
8.103988766670227051e-01
9.115157723426818848e-01
1.000000000000000000e+00
7.236139178276062012e-01
1.000000000000000000e+00
1.000000000000000000e+00
1.000000000000000000e+00
8.934074044227600098e-01
1.000000000000000000e+00
7.513371109962463379e-01
1.000000000000000000e+00
7.572820186614990234e-01
1.000000000000000000e+00
9.222318530082702637e-01
8.575824499130249023e-01
1.000000000000000000e+00
1.000000000000000000e+00
7.945720553398132324e-01
8.092103600502014160e-01
9.916118979454040527e-01
8.905068039894104004e-01
8.162535429000854492e-01
1.000000000000000000e+00
7.905391454696655273e-01
1.000000000000000000e+00
8.286932706832885742e-01
7.720905542373657227e-01
7.285395860671997070e-01
9.994460344314575195e-01
8.179619908332824707e-01
1.000000000000000000e+00
9.962947964668273926e-01
8.140700459480285645e-01
8.487083911895751953e-01
1.000000000000000000e+00
1.000000000000000000e+00
9.991580843925476074e-01
8.799932003021240234e-01
8.451393842697143555e-01
7.955114841461181641e-01
1.000000000000000000e+00
7.809175252914428711e-01
8.148070573806762695e-01
8.854992389678955078e-01
1.000000000000000000e+00
8.665775060653686523e-01
8.092904686927795410e-01
1.000000000000000000e+00
8.925177454948425293e-01
9.995980262756347656e-01
9.983831048011779785e-01
8.018469214439392090e-01
9.010973572731018066e-01
7.656405568122863770e-01
7.997512817382812500e-01
9.213210940361022949e-01
1.000000000000000000e+00
1.000000000000000000e+00
8.188282251358032227e-01
1.000000000000000000e+00
1.000000000000000000e+00
7.872471213340759277e-01
1.000000000000000000e+00
9.990238547325134277e-01
8.386046886444091797e-01
9.950495362281799316e-01
9.995424151420593262e-01
8.295423984527587891e-01
6.927113533020019531e-01
9.999999403953552246e-01
1.000000000000000000e+00
7.719820737838745117e-01
9.095699191093444824e-01
9.975305199623107910e-01
8.834164738655090332e-01
8.291379809379577637e-01
1.000000000000000000e+00
7.944622039794921875e-01
1.000000000000000000e+00
9.894797801971435547e-01
9.995959997177124023e-01
9.356037378311157227e-01
9.994143843650817871e-01
1.000000000000000000e+00
1.000000000000000000e+00
1.000000000000000000e+00
9.844242930412292480e-01
7.816514372825622559e-01
7.543052434921264648e-01
1.000000000000000000e+00
7.363933324813842773e-01
1.000000000000000000e+00
8.188085556030273438e-01
9.407827854156494141e-01
9.817016124725341797e-01
1.000000000000000000e+00
8.175895214080810547e-01
8.946285843849182129e-01
9.804542660713195801e-01
7.583048343658447266e-01
7.416840195655822754e-01
1.000000000000000000e+00
8.613314628601074219e-01
7.613961696624755859e-01
9.989591240882873535e-01
7.912166118621826172e-01
1.000000000000000000e+00
8.317469954490661621e-01
8.999748826026916504e-01
1.000000000000000000e+00
1.000000000000000000e+00
9.160900115966796875e-01
7.895424365997314453e-01
1.000000000000000000e+00
1.000000000000000000e+00
8.226675987243652344e-01
7.065567970275878906e-01
8.418795466423034668e-01
7.351719737052917480e-01
9.991185665130615234e-01
7.906884551048278809e-01
7.982419133186340332e-01
8.450525999069213867e-01
7.606213688850402832e-01
9.996132254600524902e-01
8.950156569480895996e-01
7.904576659202575684e-01
7.378051280975341797e-01
9.972394108772277832e-01
9.381277561187744141e-01
1.000000000000000000e+00
9.348243474960327148e-01
9.386199712753295898e-01
9.954228401184082031e-01
6.727931499481201172e-01
8.105114102363586426e-01
8.209120035171508789e-01
1.000000000000000000e+00
8.484935164451599121e-01
1.000000000000000000e+00
7.754620313644409180e-01
8.375015854835510254e-01
8.095276355743408203e-01
7.851939797401428223e-01
8.629035353660583496e-01
1.000000000000000000e+00
8.314655423164367676e-01
9.928454756736755371e-01
1.000000000000000000e+00
9.998703002929687500e-01
7.435036897659301758e-01
9.998824596405029297e-01
9.237561225891113281e-01
1.000000000000000000e+00
9.106968641281127930e-01
1.000000000000000000e+00
7.857507467269897461e-01
9.993215203285217285e-01
1.000000000000000000e+00
1.000000000000000000e+00
9.973810315132141113e-01
8.391671180725097656e-01
7.289060354232788086e-01
8.177099227905273438e-01
7.287206053733825684e-01
9.041002988815307617e-01
7.753931879997253418e-01
1.000000000000000000e+00
1.000000000000000000e+00
1.000000000000000000e+00
7.951108217239379883e-01
7.609133720397949219e-01
9.352242946624755859e-01
1.000000000000000000e+00
1.000000000000000000e+00
8.594834208488464355e-01
9.185467362403869629e-01
7.825736999511718750e-01
1.000000000000000000e+00
8.204504251480102539e-01
9.538424611091613770e-01
1.000000000000000000e+00
9.992989897727966309e-01
1.000000000000000000e+00
1.000000000000000000e+00
7.721666097640991211e-01
1.000000000000000000e+00
9.964303970336914062e-01
7.984457612037658691e-01
9.998809099197387695e-01
1.000000000000000000e+00
8.098218441009521484e-01
9.453597664833068848e-01
7.322601675987243652e-01
8.578255176544189453e-01
9.069687724113464355e-01
9.820317029953002930e-01
9.994265437126159668e-01
7.661712169647216797e-01
8.191630244255065918e-01
7.961868643760681152e-01
8.891853094100952148e-01
9.304703474044799805e-01
7.358522415161132812e-01
6.798707842826843262e-01
9.995123147964477539e-01
9.029486179351806641e-01
9.968739151954650879e-01
9.955607652664184570e-01
7.997289896011352539e-01
1.000000000000000000e+00
8.696810007095336914e-01
9.940944910049438477e-01
1.000000000000000000e+00
1.000000000000000000e+00
1.000000000000000000e+00
7.799757122993469238e-01
8.946589231491088867e-01
8.335266709327697754e-01
7.549750804901123047e-01
1.000000000000000000e+00
9.303654432296752930e-01
1.000000000000000000e+00
8.498659729957580566e-01
1.000000000000000000e+00
8.218484520912170410e-01
7.840916514396667480e-01
9.986327886581420898e-01
9.995808005332946777e-01
9.163041114807128906e-01
1.000000000000000000e+00
8.966485857963562012e-01
1.000000000000000000e+00
7.940641045570373535e-01
8.516051769256591797e-01
8.859009146690368652e-01
8.742591738700866699e-01
7.591925859451293945e-01
1.000000000000000000e+00
9.991905093193054199e-01
1.000000000000000000e+00
8.729595541954040527e-01
8.748115301132202148e-01
9.999964237213134766e-01
9.989650249481201172e-01
9.607349634170532227e-01
9.118740558624267578e-01
8.816335797309875488e-01
1.000000000000000000e+00
8.921911716461181641e-01
1.000000000000000000e+00
9.999793171882629395e-01
9.976916313171386719e-01
8.336703777313232422e-01
8.965980410575866699e-01
7.743644714355468750e-01
1.000000000000000000e+00
1.000000000000000000e+00
9.143339395523071289e-01
1.000000000000000000e+00
8.382979035377502441e-01
7.338808774948120117e-01
1.000000000000000000e+00
8.058267235755920410e-01
1.000000000000000000e+00
7.973238229751586914e-01
8.310548067092895508e-01
1.000000000000000000e+00
1.000000000000000000e+00
8.665016889572143555e-01
1.000000000000000000e+00
8.602508306503295898e-01
9.285171627998352051e-01
8.917300105094909668e-01
7.891070246696472168e-01
9.711602926254272461e-01
8.968610763549804688e-01
7.729838490486145020e-01
7.827230691909790039e-01
9.195617437362670898e-01
9.818347096443176270e-01
8.513226509094238281e-01
8.382858037948608398e-01
8.757531642913818359e-01
9.749014377593994141e-01
1.000000000000000000e+00
1.000000000000000000e+00
1.000000000000000000e+00
1.000000000000000000e+00
8.891184329986572266e-01
7.620064020156860352e-01
8.437404036521911621e-01
9.967508316040039062e-01
1.000000000000000000e+00
8.148003816604614258e-01
7.825952172279357910e-01
9.316554069519042969e-01
8.963951468467712402e-01
8.326777219772338867e-01
8.962408900260925293e-01
1.000000000000000000e+00
7.520443201065063477e-01
9.627366662025451660e-01
8.345987796783447266e-01
7.779276371002197266e-01
7.737787365913391113e-01
8.567388057708740234e-01
7.627169489860534668e-01
8.419881463050842285e-01
9.191694855690002441e-01
8.748838305473327637e-01
1.000000000000000000e+00
9.953488111495971680e-01
8.521218895912170410e-01
1.000000000000000000e+00
1.000000000000000000e+00
9.766913056373596191e-01
8.161373734474182129e-01
1.000000000000000000e+00
1.000000000000000000e+00
8.272008299827575684e-01
1.000000000000000000e+00
8.836993575096130371e-01
1.000000000000000000e+00
7.798814177513122559e-01
9.599187374114990234e-01
6.954473257064819336e-01
7.493507266044616699e-01
8.638153076171875000e-01
8.574613928794860840e-01
8.256154656410217285e-01
8.102666139602661133e-01
1.000000000000000000e+00
8.640597462654113770e-01
7.641390562057495117e-01
9.998443126678466797e-01
1.000000000000000000e+00
7.650941610336303711e-01
7.669279575347900391e-01
8.332097530364990234e-01
9.983730912208557129e-01
1.000000000000000000e+00
9.900683760643005371e-01
1.000000000000000000e+00
9.332111477851867676e-01
7.085016965866088867e-01
9.095516204833984375e-01
1.000000000000000000e+00
7.926278710365295410e-01
9.999812841415405273e-01
7.550912499427795410e-01
9.038245677947998047e-01
7.578169107437133789e-01
1.000000000000000000e+00
1.000000000000000000e+00
7.760609388351440430e-01
7.316479086875915527e-01
8.528423905372619629e-01
7.007545232772827148e-01
9.377844333648681641e-01
7.699620127677917480e-01
9.790608882904052734e-01
1.000000000000000000e+00
7.195346355438232422e-01
8.292578458786010742e-01
1.000000000000000000e+00
9.125835299491882324e-01
7.377090454101562500e-01
8.949674367904663086e-01
1.000000000000000000e+00
7.986897826194763184e-01
8.023076057434082031e-01
8.883984088897705078e-01
9.983077049255371094e-01
1.000000000000000000e+00
7.216314077377319336e-01
8.650830388069152832e-01
7.594189643859863281e-01
1.000000000000000000e+00
9.992639422416687012e-01
8.771373033523559570e-01
8.089480400085449219e-01
1.000000000000000000e+00
9.014265537261962891e-01
9.025712013244628906e-01
7.509583234786987305e-01
9.991044998168945312e-01
9.995172023773193359e-01
7.600548863410949707e-01
7.835628986358642578e-01
8.501694798469543457e-01
7.838073372840881348e-01
6.966764926910400391e-01
8.725081682205200195e-01
1.000000000000000000e+00
9.989007711410522461e-01
1.000000000000000000e+00
8.370937108993530273e-01
1.000000000000000000e+00
8.735159635543823242e-01
1.000000000000000000e+00
7.642775177955627441e-01
1.000000000000000000e+00
8.650215864181518555e-01
1.000000000000000000e+00
9.068379998207092285e-01
1.000000000000000000e+00
8.073219656944274902e-01
7.118840217590332031e-01
7.818112373352050781e-01
9.989356994628906250e-01
8.965964913368225098e-01
8.718969821929931641e-01
8.607746958732604980e-01
9.213896393775939941e-01
9.996542334556579590e-01
8.527476787567138672e-01
8.090887069702148438e-01
9.063801169395446777e-01
8.032674789428710938e-01
1.000000000000000000e+00
8.701617121696472168e-01
1.000000000000000000e+00
8.641427755355834961e-01
9.216059446334838867e-01
1.000000000000000000e+00
9.972406029701232910e-01
1.000000000000000000e+00
8.194079995155334473e-01
1.000000000000000000e+00
9.999743700027465820e-01
8.764426708221435547e-01
6.922711133956909180e-01
8.364449739456176758e-01
8.211170434951782227e-01
8.498428463935852051e-01
7.174078226089477539e-01
8.056639432907104492e-01
7.892966270446777344e-01
7.769727110862731934e-01
8.116987943649291992e-01
9.998943209648132324e-01
7.486803531646728516e-01
9.984325766563415527e-01
7.968519926071166992e-01
1.000000000000000000e+00
8.364586234092712402e-01
7.632126808166503906e-01
7.812445163726806641e-01
9.997023940086364746e-01
1.000000000000000000e+00
1.000000000000000000e+00
1.000000000000000000e+00
9.994750022888183594e-01
9.759873747825622559e-01
1.000000000000000000e+00
9.651083350181579590e-01
7.506481409072875977e-01
1.000000000000000000e+00
6.727226972579956055e-01
8.652386665344238281e-01
9.970463514328002930e-01
8.336361646652221680e-01
6.771661043167114258e-01
8.996243476867675781e-01
9.964882731437683105e-01
7.679305076599121094e-01
9.233391880989074707e-01
1.000000000000000000e+00
1.000000000000000000e+00
1.000000000000000000e+00
8.042873144149780273e-01
9.556781053543090820e-01
7.160294055938720703e-01
8.627263903617858887e-01
7.938520908355712891e-01
7.584111690521240234e-01
7.844634056091308594e-01
7.844347953796386719e-01
8.309844136238098145e-01
9.996525645256042480e-01
1.000000000000000000e+00
7.749594449996948242e-01
7.232431173324584961e-01
7.326172590255737305e-01
8.049698472023010254e-01
8.190696239471435547e-01
7.946233153343200684e-01
1.000000000000000000e+00
7.138574123382568359e-01
9.240013957023620605e-01
9.947437047958374023e-01
9.998306632041931152e-01
9.992933273315429688e-01
1.000000000000000000e+00
8.677591085433959961e-01
1.000000000000000000e+00
8.601294755935668945e-01
9.991601705551147461e-01
9.187890291213989258e-01
9.155751466751098633e-01
8.095540404319763184e-01
1.000000000000000000e+00
7.437858581542968750e-01
8.868322372436523438e-01
8.720073699951171875e-01
9.028557538986206055e-01
7.811212539672851562e-01
8.376564979553222656e-01
7.740899920463562012e-01
1.000000000000000000e+00
9.060695767402648926e-01
8.764705061912536621e-01
9.013936519622802734e-01
8.757674098014831543e-01
7.375495433807373047e-01
9.999998211860656738e-01
9.339437484741210938e-01
7.294152975082397461e-01
7.966374754905700684e-01
7.885963320732116699e-01
8.958011865615844727e-01
7.282285690307617188e-01
7.801112532615661621e-01
1.000000000000000000e+00
6.939157843589782715e-01
9.065144062042236328e-01
9.964320659637451172e-01
8.847052454948425293e-01
9.999637603759765625e-01
8.129085898399353027e-01
1.000000000000000000e+00
9.977965354919433594e-01
9.807130098342895508e-01
8.503811955451965332e-01
1.000000000000000000e+00
7.930098772048950195e-01
8.544535040855407715e-01
7.500945329666137695e-01
9.981361031532287598e-01
9.466274976730346680e-01
6.755431890487670898e-01
9.988636970520019531e-01
9.412171244621276855e-01
1.000000000000000000e+00
7.798841595649719238e-01
8.618906736373901367e-01
1.000000000000000000e+00
1.000000000000000000e+00
1.000000000000000000e+00
8.910857439041137695e-01
9.992694258689880371e-01
9.311619400978088379e-01
7.596432566642761230e-01
8.387084603309631348e-01
9.884284138679504395e-01
8.826148509979248047e-01
8.021360635757446289e-01
7.862620353698730469e-01
8.717702031135559082e-01
8.834356069564819336e-01
1.000000000000000000e+00
1.000000000000000000e+00
1.000000000000000000e+00
7.896254062652587891e-01
1.000000000000000000e+00
8.498383760452270508e-01
8.318449258804321289e-01
8.687372803688049316e-01
8.050944805145263672e-01
8.086153268814086914e-01
8.045476675033569336e-01
1.000000000000000000e+00
8.177255988121032715e-01
7.976150512695312500e-01
1.000000000000000000e+00
7.330191135406494141e-01
8.505712747573852539e-01
8.486000895500183105e-01
7.771861553192138672e-01
8.242768049240112305e-01
8.891589045524597168e-01
8.309975862503051758e-01
8.110445737838745117e-01
9.278537631034851074e-01
8.669764995574951172e-01
1.000000000000000000e+00
1.000000000000000000e+00
9.652924537658691406e-01
9.997936487197875977e-01
1.000000000000000000e+00
8.298337459564208984e-01
6.774727702140808105e-01
7.832302451133728027e-01
7.133545279502868652e-01
1.000000000000000000e+00
7.395811080932617188e-01
7.807806730270385742e-01
7.654803395271301270e-01
1.000000000000000000e+00
1.000000000000000000e+00
7.200083732604980469e-01
8.269490599632263184e-01
7.210271358489990234e-01
1.000000000000000000e+00
7.351871728897094727e-01
9.979754090309143066e-01
1.000000000000000000e+00
8.224996328353881836e-01
1.000000000000000000e+00
9.036463499069213867e-01
9.998923540115356445e-01
8.020009994506835938e-01
9.055229425430297852e-01
8.973088264465332031e-01
9.998756051063537598e-01
8.408789634704589844e-01
9.999570250511169434e-01
7.818033099174499512e-01
9.255841970443725586e-01
7.095907926559448242e-01
8.790756464004516602e-01
8.691900968551635742e-01
1.000000000000000000e+00
8.927581310272216797e-01
9.998220801353454590e-01
7.280214428901672363e-01
1.000000000000000000e+00
9.862579107284545898e-01
8.766355514526367188e-01
1.000000000000000000e+00
1.000000000000000000e+00
8.820232152938842773e-01
1.000000000000000000e+00
7.877070903778076172e-01
8.876945972442626953e-01
9.513629674911499023e-01
1.000000000000000000e+00
7.975494861602783203e-01
1.000000000000000000e+00
1.000000000000000000e+00
1.000000000000000000e+00
7.504769563674926758e-01
8.923543691635131836e-01
1.000000000000000000e+00
7.058402299880981445e-01
1.000000000000000000e+00
8.399639129638671875e-01
1.000000000000000000e+00
7.667902708053588867e-01
1.000000000000000000e+00
8.361059427261352539e-01
1.000000000000000000e+00
8.271200656890869141e-01
7.385940551757812500e-01
8.531782627105712891e-01
9.992602467536926270e-01
9.421324729919433594e-01
9.299713373184204102e-01
8.403228521347045898e-01
1.000000000000000000e+00
8.559015393257141113e-01
9.168443083763122559e-01
8.801103234291076660e-01
8.826553821563720703e-01
1.000000000000000000e+00
9.166489243507385254e-01
9.093083739280700684e-01
7.693455219268798828e-01
1.000000000000000000e+00
8.400918841361999512e-01
8.724040389060974121e-01
8.797619342803955078e-01
7.752102613449096680e-01
6.931198835372924805e-01
9.987969994544982910e-01
1.000000000000000000e+00
7.962889075279235840e-01
9.943855404853820801e-01
1.000000000000000000e+00
8.126325607299804688e-01
8.936797380447387695e-01
8.682998418807983398e-01
7.841250896453857422e-01
9.996504783630371094e-01
9.930282235145568848e-01
1.000000000000000000e+00
9.335845708847045898e-01
1.000000000000000000e+00
1.000000000000000000e+00
7.847890853881835938e-01
8.869500756263732910e-01
7.102224826812744141e-01
1.000000000000000000e+00
9.617509245872497559e-01
8.335299491882324219e-01
9.995288252830505371e-01
8.870395421981811523e-01
9.788908362388610840e-01
9.950448274612426758e-01
7.846838235855102539e-01
1.000000000000000000e+00
7.918581962585449219e-01
7.033149003982543945e-01
7.139495611190795898e-01
1.000000000000000000e+00
9.315235614776611328e-01
7.870118618011474609e-01
7.994347810745239258e-01
9.769139289855957031e-01
1.000000000000000000e+00
8.346350193023681641e-01
7.515150308609008789e-01
8.597128391265869141e-01
7.796475887298583984e-01
8.161445856094360352e-01
9.995677471160888672e-01
9.988569021224975586e-01
7.985055446624755859e-01
9.992268085479736328e-01
8.750440478324890137e-01
8.244835138320922852e-01
8.584417104721069336e-01
9.997466206550598145e-01
8.231546878814697266e-01
1.000000000000000000e+00
8.036090135574340820e-01
7.526372671127319336e-01
1.000000000000000000e+00
7.816669344902038574e-01
1.000000000000000000e+00
1.000000000000000000e+00
8.035013675689697266e-01
9.999818801879882812e-01
1.000000000000000000e+00
1.000000000000000000e+00
7.065289020538330078e-01
9.617965221405029297e-01
7.354763746261596680e-01
1.000000000000000000e+00
1.000000000000000000e+00
1.000000000000000000e+00
7.627682685852050781e-01
8.933972120285034180e-01
6.947886943817138672e-01
9.132313728332519531e-01
8.368180990219116211e-01
9.133627414703369141e-01
9.419190287590026855e-01
8.411673307418823242e-01
8.449679613113403320e-01
7.263234853744506836e-01
9.622845053672790527e-01
9.645243287086486816e-01
9.704809784889221191e-01
1.000000000000000000e+00
9.474192857742309570e-01
1.000000000000000000e+00
1.000000000000000000e+00
8.299268484115600586e-01
7.071181535720825195e-01
8.366555571556091309e-01
8.980324268341064453e-01
1.000000000000000000e+00
8.488817214965820312e-01
7.922053337097167969e-01
8.912655115127563477e-01
7.697944641113281250e-01
1.000000000000000000e+00
8.551592826843261719e-01
8.742906451225280762e-01
9.879459738731384277e-01
1.000000000000000000e+00
1.000000000000000000e+00
7.633370757102966309e-01
7.492938041687011719e-01
8.203056454658508301e-01
8.612351417541503906e-01
8.378084897994995117e-01
7.886378169059753418e-01
1.000000000000000000e+00
7.888271212577819824e-01
9.120142459869384766e-01
9.091758131980895996e-01
9.661852121353149414e-01
8.090997338294982910e-01
1.000000000000000000e+00
9.174927473068237305e-01
9.960748553276062012e-01
1.000000000000000000e+00
9.987142682075500488e-01
9.997259974479675293e-01
9.236445426940917969e-01
8.879433870315551758e-01
9.613089561462402344e-01
6.881237030029296875e-01
9.304289221763610840e-01
1.000000000000000000e+00
9.995977878570556641e-01
1.000000000000000000e+00
7.498512268066406250e-01
9.598628282546997070e-01
8.752377629280090332e-01
8.214501142501831055e-01
9.996458292007446289e-01
9.993880391120910645e-01
1.000000000000000000e+00
8.762574791908264160e-01
7.959249019622802734e-01
7.394495010375976562e-01
9.406743645668029785e-01
9.037723541259765625e-01
8.804195523262023926e-01
9.991461634635925293e-01
1.000000000000000000e+00
1.000000000000000000e+00
1.000000000000000000e+00
8.657640218734741211e-01
7.323256731033325195e-01
9.994584918022155762e-01
9.374396800994873047e-01
9.294626712799072266e-01
8.987614512443542480e-01
9.791298508644104004e-01
8.804677724838256836e-01
7.242832183837890625e-01
8.283036947250366211e-01
7.977265715599060059e-01
6.921410560607910156e-01
1.000000000000000000e+00
1.000000000000000000e+00
8.478993773460388184e-01
1.000000000000000000e+00
9.918083548545837402e-01
7.451437711715698242e-01
1.000000000000000000e+00
7.372208833694458008e-01
7.498910427093505859e-01
8.305764198303222656e-01
9.993966221809387207e-01
9.091045856475830078e-01
9.719187021255493164e-01
8.842068314552307129e-01
1.000000000000000000e+00
1.000000000000000000e+00
9.042528867721557617e-01
9.349742531776428223e-01
8.051684498786926270e-01
7.387837171554565430e-01
7.922154664993286133e-01
9.878584146499633789e-01
8.800379037857055664e-01
1.000000000000000000e+00
9.210708737373352051e-01
8.799331784248352051e-01
1.000000000000000000e+00
7.880613207817077637e-01
9.997994303703308105e-01
9.035165309906005859e-01
1.000000000000000000e+00
8.444606065750122070e-01
7.896783351898193359e-01
7.596627473831176758e-01
8.997406959533691406e-01
7.676290273666381836e-01
7.780305743217468262e-01
8.805463314056396484e-01
7.885242700576782227e-01
8.772300481796264648e-01
9.946876168251037598e-01
7.015861272811889648e-01
1.000000000000000000e+00
8.139284253120422363e-01
9.994004368782043457e-01
8.179138898849487305e-01
7.393324971199035645e-01
7.814443111419677734e-01
7.405235767364501953e-01
6.805664300918579102e-01
8.352487087249755859e-01
8.804708123207092285e-01
9.972597360610961914e-01
8.486114144325256348e-01
1.000000000000000000e+00
8.226116299629211426e-01
1.000000000000000000e+00
9.999806880950927734e-01
8.164759278297424316e-01
7.993884682655334473e-01
7.305250763893127441e-01
6.989240646362304688e-01
7.582498788833618164e-01
8.804748654365539551e-01
8.255401253700256348e-01
1.000000000000000000e+00
1.000000000000000000e+00
9.846449494361877441e-01
1.000000000000000000e+00
7.432702779769897461e-01
8.309347033500671387e-01
1.000000000000000000e+00
1.000000000000000000e+00
8.094110488891601562e-01
8.995922803878784180e-01
7.683971524238586426e-01
8.121851682662963867e-01
1.000000000000000000e+00
9.787020087242126465e-01
7.470359802246093750e-01
7.217730879783630371e-01
1.000000000000000000e+00
7.631359100341796875e-01
9.998112320899963379e-01
8.330156803131103516e-01
8.797844648361206055e-01
7.114420533180236816e-01
7.956510186195373535e-01
7.053979039192199707e-01
1.000000000000000000e+00
1.000000000000000000e+00
1.000000000000000000e+00
8.277913928031921387e-01
9.391930103302001953e-01
7.725870609283447266e-01
9.982804656028747559e-01
9.919542074203491211e-01
8.237223625183105469e-01
8.595951795578002930e-01
9.994528293609619141e-01
8.302705883979797363e-01
7.581716775894165039e-01
1.000000000000000000e+00
6.722846031188964844e-01
1.000000000000000000e+00
7.820768952369689941e-01
8.435817956924438477e-01
1.000000000000000000e+00
8.075620532035827637e-01
1.000000000000000000e+00
8.466674089431762695e-01
6.841931343078613281e-01
8.251054286956787109e-01
1.000000000000000000e+00
8.862189650535583496e-01
1.000000000000000000e+00
8.295313715934753418e-01
8.615586757659912109e-01
8.401257991790771484e-01
8.683920502662658691e-01
8.412861824035644531e-01
1.000000000000000000e+00
8.237463831901550293e-01
8.800054788589477539e-01
9.210819602012634277e-01
9.997947216033935547e-01
1.000000000000000000e+00
1.000000000000000000e+00
7.819101810455322266e-01
8.593551516532897949e-01
1.000000000000000000e+00
1.000000000000000000e+00
8.276341557502746582e-01
9.199505448341369629e-01
8.661341667175292969e-01
9.415152668952941895e-01
1.000000000000000000e+00
1.000000000000000000e+00
9.999034404754638672e-01
8.728390932083129883e-01
7.874506711959838867e-01
7.494029998779296875e-01
9.991737604141235352e-01
9.986574053764343262e-01
7.919678092002868652e-01
9.664890170097351074e-01
8.529394865036010742e-01
9.999783039093017578e-01
8.797535300254821777e-01
8.495925664901733398e-01
9.979557991027832031e-01
9.396468400955200195e-01
8.186832666397094727e-01
1.000000000000000000e+00
1.000000000000000000e+00
1.000000000000000000e+00
1.000000000000000000e+00
8.851367831230163574e-01
1.000000000000000000e+00
9.842790961265563965e-01
8.097705841064453125e-01
8.309283256530761719e-01
9.971639513969421387e-01
8.095111846923828125e-01
1.000000000000000000e+00
9.763228297233581543e-01
9.925854802131652832e-01
8.560355901718139648e-01
1.000000000000000000e+00
1.000000000000000000e+00
8.254683017730712891e-01
7.763219475746154785e-01
9.966913461685180664e-01
7.944386005401611328e-01
1.000000000000000000e+00
1.000000000000000000e+00
7.402887940406799316e-01
8.060636520385742188e-01
1.000000000000000000e+00
1.000000000000000000e+00
9.346824884414672852e-01
1.000000000000000000e+00
7.970638871192932129e-01
7.775189876556396484e-01
9.984077811241149902e-01
8.580062389373779297e-01
9.912211298942565918e-01
8.426020145416259766e-01
8.420743942260742188e-01
9.994643926620483398e-01
9.288792610168457031e-01
1.000000000000000000e+00
1.000000000000000000e+00
7.628866434097290039e-01
9.168130755424499512e-01
8.393707275390625000e-01
7.922290563583374023e-01
7.706509828567504883e-01
1.000000000000000000e+00
7.966822981834411621e-01
1.000000000000000000e+00
6.631793975830078125e-01
1.000000000000000000e+00
8.349469900131225586e-01
1.000000000000000000e+00
9.973987340927124023e-01
