1.646013684391006677e+02,1.299199564928524069e+02
1.740314891017810055e+02,1.359209423691034999e+02
2.168956739321459395e+02,1.419219282453545929e+02
2.100374043592875637e+02,1.316345238860669724e+02
2.288976456846481256e+02,1.890725315587560544e+02
1.423119923273109180e+02,1.256335380098158794e+02
1.157361977324846407e+02,1.222044032233866915e+02
1.165934814290919235e+02,1.273481054030305017e+02
9.344682162069483411e+01,1.196325521335647863e+02
6.344189223943936895e+01,1.290626727962451241e+02
6.172732484622474658e+01,1.444937793351764981e+02
6.687102702586855685e+01,1.496374815148203083e+02
7.115744550890502751e+01,1.496374815148203083e+02
3.943794873443493998e+01,1.564957510876786841e+02
1.371943783621594548e+01,1.667831554469663047e+02
1.717466083713759417e+00,1.693550065367882098e+02
1.717466083713759417e+00,1.582103184808933065e+02
2.280403619880408428e+02,1.144888499539209761e+02
2.288976456846481256e+02,1.702122902333954926e+02
