8.031008787364959289e+01,7.743073284917511501e+01
8.542894125049315335e+01,7.828387507864908912e+01
8.372265679154531881e+01,8.340272845549264957e+01
1.277213344210896366e+02,2.197648793336958306e+01
9.993235915155003113e+01,9.278729297970585321e+01
5.386267875995770282e+01,3.647990583442643242e+01
1.464904634695161576e+02,-2.579947691717052294e+01
1.499030323874118267e+02,-1.556177016348340203e+01
1.072459209137152811e+02,2.880162576916103490e+01
1.246734838062940298e+02,1.303255510765588383e+02
1.366174750189290421e+02,1.320318355355067297e+02
1.110232081347111261e+02,1.013187152744451964e+02
1.780567259600516081e+02,9.179354491260653504e+00
1.814692948779472772e+02,2.453591462179139171e+01
1.942664283200563204e+02,1.515135009757813123e+01
1.434426128547204939e+02,1.456821112070896334e+02
