1.577430988662422919e+02,1.948206187445080104e+02
1.386299588503824793e+02,2.172196146509577375e-01
2.889764568464812555e+01,-1.092746844124394556e+01
1.480600795130628171e+02,-2.121487280053150926e+01
1.497746469062773826e+02,-2.807314237338988505e+01
1.883524132536059028e+02,1.736289354679698249e+01
1.840659947705693753e+02,2.250659572644076434e+01
9.944780749694592714e+01,8.680287297198822216e+01
1.054487933731970202e+02,9.280385884823931519e+01
1.123070629460553960e+02,1.022339795109196530e+02
1.637440847424933850e+02,1.245233556227094596e+02
1.397401412374890128e+02,1.468127317344992662e+02
7.630114768854883778e+01,6.622806425341309478e+01
9.258953792408755135e+01,8.423102188216637387e+01
2.889764568464812555e+01,-2.978770976660450742e+01
