-1.225197175250224291e+01,7.419651621337789038e+01
-3.679134786429187898e+00,8.791305535909469882e+01
2.546851089821899450e+01,8.791305535909469882e+01
2.889764568464812555e+01,8.448392057266551092e+01
3.832776634732846333e+01,9.562860862856041422e+01
5.032973809983064939e+01,1.136315662573136933e+02
6.147442615572555269e+01,1.102024314708845054e+02
6.576084463876208019e+01,1.084878640776698830e+02
7.004726312179860770e+01,1.102024314708845054e+02
7.690553269465698349e+01,1.222044032233866915e+02
8.033466748108611455e+01,1.179179847403502208e+02
6.490356094215479743e+01,1.239189706166013138e+02
7.090454681840589046e+01,1.299199564928524069e+02
9.147935553698101785e+01,1.376355097623181223e+02
1.051958946826978831e+02,1.410646445487473102e+02
1.051958946826978831e+02,7.934021839302170065e+01
1.514892142994920619e+02,9.305675753873850908e+01
1.634911860519942479e+02,8.962762275230932119e+01
1.669203208384233790e+02,1.007723108082042245e+02
1.549183490859211929e+02,1.264908217064232190e+02
1.163405827385927864e+02,9.219947384213122632e+01
1.026240435928759211e+02,1.119169988640991278e+02
