1.386299588503824793e+02,2.002172196146509577e+02
-2.596851089821899450e+01,1.359209423691034999e+02
1.689567393214593949e+01,1.419219282453545929e+02
1.003740435928756369e+01,1.316345238860669724e+02
2.889764568464812555e+01,1.890725315587560544e+02
9.490849032341026259e+01,1.290626727962451241e+02
1.291998381877022553e+02,1.564957510876786841e+02
1.240561360080584450e+02,1.530666163012494962e+02
1.480600795130628171e+02,1.787851271994684907e+02
1.497746469062773826e+02,1.719268576266101149e+02
1.883524132536059028e+02,2.173628935467969825e+02
1.840659947705693753e+02,2.225065957264407643e+02
2.804036198804084279e+01,1.144888499539209761e+02
3.146949677447008753e+01,1.213471195267794087e+02
8.976478814376645232e+01,1.676404391435735874e+02
2.889764568464812555e+01,1.702122902333954926e+02
3.918505004393574609e+01,1.676404391435735874e+02
