1.277213344210896366e+02,2.219764879333695831e+02
-2.669740911369194691e+01,9.997714911859742415e+01
-2.328484019579616415e+01,8.462058898806668594e+01
-1.390027567158290367e+01,8.291430452911879456e+01
-2.500000000000000000e-01,1.298371271501850401e+02
5.721995606317477723e+00,1.264245582322893142e+02
3.162568917895669074e+00,1.161868514786021365e+02
1.340027567158290367e+01,1.008302913480713983e+02
1.937227127790038139e+01,1.050960024954410414e+02
2.278484019579616415e+01,1.144805670196542451e+02
2.022541350737435550e+01,1.511656828870333129e+02
2.619740911369183323e+01,1.699348119354597770e+02
4.070082701474871101e+01,1.605502474112465734e+02
1.396653256337247058e+02,1.673753852470380252e+02
1.464904634695161576e+02,1.742005230828294771e+02
1.499030323874118267e+02,1.844382298365165980e+02
1.072459209137152811e+02,2.288016257691610349e+02
1.254713344210892956e+01,7.352974000490559092e+01
4.326025370317040597e+01,9.741772243017567234e+01
5.008539153896185780e+01,9.741772243017567234e+01
4.326025370317040597e+01,1.076554291838627933e+02
3.814140032632690236e+01,1.110679981017585192e+02
4.923224930948799738e+01,1.144805670196542451e+02
5.605738714527944921e+01,1.238651315438675056e+02
6.032309829264909240e+01,1.358091227565025747e+02
9.444878747160635157e+01,1.213057048554456969e+02
9.530192970108021200e+01,1.289839849207111229e+02
1.046864942252934725e+02,1.341028382975546833e+02
1.115116320610849243e+02,1.409279761333461352e+02
8.421108071791911698e+01,1.170399937080760537e+02
1.425341790105676409e+01,1.281308426912371488e+02
1.084084898316109502e+01,1.358091227565025747e+02
1.780567259600516081e+02,2.091793544912606535e+02
1.814692948779472772e+02,2.245359146217913917e+02
1.942664283200563204e+02,2.151513500975781312e+02
