1.357643327894551248e+02,1.195994203964978624e+02
1.425894706252465767e+02,1.161868514786021365e+02
1.519740351494598372e+02,1.195994203964978624e+02
1.613585996736730976e+02,1.153337092491282192e+02
1.647711685915687667e+02,1.213057048554456969e+02
1.647711685915687667e+02,1.059491447249149587e+02
1.733025908863080531e+02,9.997714911859742415e+01
1.767151598042038358e+02,8.462058898806668594e+01
1.860997243284170963e+02,8.291430452911879456e+01
1.997500000000000000e+02,1.298371271501850401e+02
2.057219956063174777e+02,1.264245582322893142e+02
2.031625689178956691e+02,1.161868514786021365e+02
2.134002756715829037e+02,1.008302913480713983e+02
2.193722712779003814e+02,1.050960024954410414e+02
2.227848401957961642e+02,1.144805670196542451e+02
1.041980702989196743e+02,1.409279761333461352e+02
1.084637814462893175e+02,1.383685494449243265e+02
1.263797682652418644e+02,1.204525626259717797e+02
2.202254135073743555e+02,1.511656828870333129e+02
2.261974091136918332e+02,1.699348119354597770e+02
1.246734838062940298e+02,1.298371271501850401e+02
9.737293246312822248e+01,1.392216916743982438e+02
5.983467436627523739e+01,1.272777004617632315e+02
6.665981220206668922e+01,1.699348119354597770e+02
1.821002762047896795e+00,1.562845362638768734e+02
1.821002762047896795e+00,1.460468295101896956e+02
2.125471334421089296e+02,7.352974000490559092e+01
2.142534179010567641e+02,1.281308426912371488e+02
2.108408489831610950e+02,1.358091227565025747e+02
